# Scenario generation method from a paper by Hoyland, Kaut & Wallace
# Code by Michal Kaut (michal.kaut@iot.ntnu.n) & Diego Mathieu

#   prob   var  1   var  2   var  3   var  4   var  5
0.010000 -0.02393 -0.01650  0.00238 -0.02348  0.00336
0.010000 -0.00020 -0.01143 -0.00919 -0.00438  0.00434
0.010000 -0.03787 -0.02779 -0.02266 -0.03129  0.00243
0.010000 -0.05070 -0.03826  0.01489 -0.00480 -0.01533
0.010000  0.01455 -0.01170  0.00641  0.05130 -0.00162
0.010000 -0.00150 -0.01779 -0.02048  0.00211  0.00148
0.010000 -0.01310  0.00635 -0.00717  0.00986 -0.02756
0.010000 -0.02480 -0.02002  0.00366 -0.02070 -0.00685
0.010000 -0.02232 -0.00991 -0.01616 -0.00071 -0.04188
0.010000  0.00872 -0.01992 -0.00657  0.01063  0.01085
0.010000 -0.00576 -0.00533  0.00610  0.00098  0.00427
0.010000  0.00439  0.01095 -0.02284 -0.00428  0.00454
0.010000  0.01654 -0.00219 -0.00118  0.01804 -0.06283
0.010000  0.01207 -0.01787  0.00658  0.00672  0.01209
0.010000  0.02043  0.03394 -0.01146  0.01251  0.00242
0.010000  0.03131  0.00439  0.02303  0.01131 -0.01224
0.010000 -0.00363 -0.02234 -0.00682  0.01934  0.00662
0.010000 -0.03420 -0.00907  0.02933 -0.01229 -0.00714
0.010000 -0.01578  0.00541  0.00623  0.01211 -0.01832
0.010000 -0.01879 -0.01063 -0.00429  0.01226 -0.01757
0.010000  0.00342  0.02132  0.01116 -0.01219 -0.04936
0.010000 -0.01522 -0.02869 -0.01076  0.00993  0.00537
0.010000 -0.03267 -0.02929  0.00271 -0.01237 -0.00705
0.010000 -0.00321 -0.00722  0.00166  0.01882  0.00281
0.010000  0.00112  0.00076  0.01930  0.01716 -0.01823
0.010000 -0.07547 -0.02396 -0.01127 -0.02033 -0.02931
0.010000 -0.01113  0.03192 -0.00815  0.00502 -0.03724
0.010000 -0.01414 -0.00616 -0.00657  0.01083 -0.00370
0.010000 -0.00406  0.03037 -0.00195  0.00377 -0.00104
0.010000 -0.04013 -0.02733  0.00700  0.00346 -0.01771
0.010000 -0.00662 -0.01986 -0.00790  0.01694  0.00532
0.010000 -0.03127 -0.01519  0.00964 -0.02376 -0.00993
0.010000 -0.02771  0.00035 -0.02363 -0.03744 -0.01974
0.010000 -0.02669 -0.00324  0.00150 -0.02167 -0.02130
0.010000 -0.00749  0.00226 -0.00795 -0.00533 -0.01084
0.010000  0.00489 -0.00781 -0.01188 -0.00588 -0.00071
0.010000 -0.01162 -0.02803  0.01137  0.00003 -0.00833
0.010000 -0.02881 -0.00955  0.01257  0.01014 -0.00484
0.010000 -0.00619  0.00569 -0.01108 -0.00421 -0.00543
0.010000  0.00249  0.00832 -0.01071 -0.02256  0.00214
0.010000 -0.00278  0.02478  0.01030 -0.00388 -0.00194
0.010000  0.01285  0.02178  0.04818  0.00828  0.00397
0.010000  0.00390  0.00013 -0.00125 -0.01204  0.00418
0.010000 -0.02156  0.01231 -0.01599 -0.00987 -0.03730
0.010000  0.02709  0.01076 -0.01084  0.01631  0.00390
0.010000 -0.02012 -0.02202 -0.00053 -0.01487  0.00305
0.010000 -0.01694 -0.02089 -0.00613  0.01137  0.00180
0.010000 -0.00064  0.00557  0.00408 -0.02101  0.00716
0.010000 -0.00448 -0.01959 -0.00551 -0.01640 -0.00469
0.010000 -0.03592 -0.03537 -0.02650 -0.02800  0.00384
0.010000 -0.00927 -0.00985  0.01327  0.00819 -0.00036
0.010000 -0.01066 -0.01651 -0.00169  0.01494 -0.00368
0.010000 -0.00236  0.00761  0.01323  0.01777  0.00117
0.010000 -0.00491 -0.00204 -0.00455  0.01044  0.00151
0.010000  0.00933 -0.00772 -0.00368  0.02005  0.00661
0.010000 -0.01815 -0.02241 -0.00507  0.00746  0.00263
0.010000  0.01134 -0.00234  0.01116  0.01722  0.00688
0.010000 -0.01210 -0.01929 -0.00788  0.00717  0.00464
0.010000  0.01064  0.01925 -0.01733 -0.00794  0.00803
0.010000  0.00591 -0.00476  0.02936 -0.00659 -0.00023
0.010000 -0.00533 -0.01155 -0.00514 -0.01631  0.00746
0.010000  0.01367  0.00804  0.00094  0.01967 -0.00983
0.010000 -0.00837 -0.02031  0.01200  0.01889 -0.00070
0.010000 -0.01468  0.01019 -0.00837 -0.00355 -0.00126
0.010000  0.02216 -0.00279  0.03274  0.00084 -0.00305
0.010000 -0.01019 -0.02329 -0.01544 -0.02384  0.00536
0.010000 -0.01635 -0.02728 -0.01162 -0.00815  0.00421
0.010000  0.01550 -0.01704 -0.00632  0.02189  0.01059
0.010000 -0.00793 -0.01182 -0.01209 -0.01108  0.00470
0.010000 -0.01260  0.00213  0.00365 -0.01867 -0.02254
0.010000  0.00699  0.03100 -0.00709  0.00164  0.00370
0.010000 -0.00107  0.03613  0.00507 -0.02403  0.00056
0.010000  0.00540 -0.00712  0.01891 -0.01074  0.00689
0.010000  0.00755  0.00198 -0.00911 -0.01238  0.00587
0.010000 -0.04620 -0.02354 -0.01468 -0.02571 -0.02139
0.010000 -0.05760 -0.00934  0.00761 -0.05912 -0.00965
0.010000 -0.00705 -0.02116 -0.00846 -0.01272  0.00922
0.010000  0.00203 -0.01331  0.00195 -0.00533  0.00870
0.010000  0.00068  0.00586 -0.01218 -0.02165 -0.00326
0.010000  0.00295  0.00680 -0.00761 -0.02196 -0.01270
0.010000  0.01896  0.00713 -0.00423 -0.01094  0.00765
0.010000 -0.01945  0.00056 -0.03039  0.00029 -0.01676
0.010000  0.00812 -0.00085  0.02099  0.00535  0.00499
0.010000  0.02429  0.01909  0.00623 -0.01466  0.01124
0.010000 -0.01362 -0.02441  0.00461 -0.01689  0.00656
0.010000 -0.02999 -0.02911  0.01465 -0.01387  0.00059
0.010000  0.00997  0.00605  0.00171  0.02045  0.00288
0.010000 -0.04283 -0.03341 -0.00283 -0.02503 -0.00592
0.010000 -0.02572  0.02791  0.01914  0.00261 -0.01975
0.010000  0.00157 -0.02042  0.00181 -0.01494  0.01124
0.010000 -0.00973 -0.00971 -0.00828 -0.01261 -0.00516
0.010000 -0.02311 -0.03086  0.00645  0.01736 -0.00428
0.010000 -0.01754 -0.02993 -0.02043 -0.00451  0.00097
0.010000  0.04202  0.01796  0.00573  0.01429 -0.01545
0.010000 -0.00882 -0.02343 -0.00463  0.00095 -0.03622
0.010000 -0.00193  0.02224  0.01937  0.00751 -0.03385
0.010000  0.01768  0.01665 -0.00537 -0.00145  0.00973
0.010000  0.00644 -0.00232  0.02249  0.01023  0.00648
0.010000 -0.02083 -0.01338 -0.01572 -0.01865 -0.00068
0.010000  0.00023 -0.00350 -0.01877  0.01098 -0.01042
