# Scenario generation method from a paper by Hoyland, Kaut & Wallace
# Code by Michal Kaut (michal.kaut@iot.ntnu.n) & Diego Mathieu

#   prob   var  1   var  2   var  3   var  4   var  5
0.010000 -0.02472 -0.01752  0.00165 -0.02086 -0.01463
0.010000  0.00420 -0.01580  0.00864  0.01082 -0.00697
0.010000 -0.01167 -0.01751 -0.02466 -0.02502 -0.01147
0.010000  0.00272  0.00783 -0.00101 -0.00499  0.00218
0.010000  0.01275  0.00981  0.00606  0.01140 -0.00698
0.010000  0.01101 -0.00788  0.01460  0.00544 -0.01379
0.010000 -0.00019  0.01047 -0.00154 -0.02069 -0.02105
0.010000 -0.00903  0.00167 -0.01112 -0.02406 -0.01767
0.010000 -0.03440 -0.01742 -0.02373  0.03090  0.00605
0.010000  0.00672  0.00642  0.00026 -0.00101 -0.00091
0.010000 -0.00650  0.00328 -0.00390 -0.01841 -0.00734
0.010000 -0.02647 -0.00866 -0.02932 -0.02289 -0.00396
0.010000  0.00470 -0.00755 -0.01055  0.00399 -0.00166
0.010000  0.00078 -0.00600  0.00654 -0.00733 -0.00917
0.010000 -0.00211 -0.01953 -0.00288 -0.00835 -0.01060
0.010000  0.00224 -0.00345  0.01032  0.01700  0.01348
0.010000  0.02231  0.00282  0.01705  0.02794 -0.04391
0.010000  0.01806  0.00248  0.00486  0.02603  0.00724
0.010000  0.00828  0.01649  0.00728 -0.01453 -0.02806
0.010000 -0.04565 -0.03563 -0.01108 -0.02433 -0.02094
0.010000  0.01661 -0.00704  0.00944  0.00777 -0.01689
0.010000 -0.00163 -0.00904 -0.04537 -0.02818 -0.02332
0.010000 -0.00955 -0.01025  0.01029  0.01565 -0.00615
0.010000  0.01963  0.01593 -0.00153 -0.01382 -0.00859
0.010000 -0.00750 -0.02200 -0.00920 -0.01906 -0.01474
0.010000 -0.01506 -0.02956 -0.01312 -0.02098 -0.01797
0.010000  0.01592  0.01684  0.02177  0.02869  0.00112
0.010000 -0.01751 -0.01236  0.00401  0.00142  0.01797
0.010000 -0.03053 -0.01473 -0.01564  0.00609 -0.00365
0.010000 -0.00260 -0.00579  0.00468 -0.00275 -0.01549
0.010000 -0.00700 -0.00911 -0.00380 -0.01008 -0.01376
0.010000 -0.03172 -0.02942 -0.02589 -0.02629 -0.01656
0.010000  0.01216  0.01781  0.01401  0.00241  0.00213
0.010000  0.00570  0.00307  0.01149  0.02151  0.00069
0.010000  0.00776  0.00661  0.02792  0.03097 -0.01414
0.010000  0.00175  0.00985  0.00370 -0.00005  0.00273
0.010000 -0.02086 -0.02633  0.00091 -0.01481  0.01389
0.010000 -0.02159 -0.02389  0.00884 -0.00661 -0.00686
0.010000  0.00621 -0.01357  0.00190 -0.00093  0.00349
0.010000 -0.00356 -0.00562  0.02343  0.00728 -0.00899
0.010000 -0.03595 -0.03229 -0.01523 -0.01982 -0.00067
0.010000 -0.03770 -0.03553 -0.03453 -0.02314 -0.00908
0.010000 -0.02741 -0.02244 -0.01118 -0.02362 -0.00598
0.010000  0.02047 -0.00067  0.01194  0.04170 -0.00998
0.010000  0.00724 -0.00669 -0.01011 -0.01666 -0.01650
0.010000 -0.01626 -0.01448 -0.00491 -0.00846 -0.02255
0.010000 -0.00067 -0.00969  0.00168  0.00784 -0.01001
0.010000 -0.01390 -0.00332  0.01414  0.00820  0.01048
0.010000 -0.00453  0.01023  0.01470  0.00697  0.00588
0.010000  0.00321  0.00615 -0.01650 -0.02262 -0.00692
0.010000 -0.00852 -0.01571 -0.00984 -0.01353  0.00346
0.010000 -0.01113 -0.02172  0.00882  0.01737 -0.01408
0.010000  0.00990  0.00893 -0.00813 -0.01701  0.02162
0.010000 -0.00502  0.00793  0.00712 -0.01260 -0.01145
0.010000 -0.01060  0.00268 -0.00477 -0.01558  0.00136
0.010000  0.01732  0.01653  0.01211  0.02336 -0.00167
0.010000  0.02331  0.01133 -0.01224  0.00298 -0.01198
0.010000  0.01336  0.01070  0.00136  0.00303  0.00396
0.010000 -0.03300 -0.02108 -0.01703 -0.02432  0.00440
0.010000  0.00126  0.00770 -0.00642 -0.00697  0.00146
0.010000  0.00371  0.01373 -0.01574 -0.01820  0.00421
0.010000 -0.02310 -0.02155 -0.01114 -0.02234 -0.01481
0.010000 -0.00405 -0.00765  0.00322  0.01020 -0.00424
0.010000  0.01525  0.00218  0.01727  0.02739 -0.02280
0.010000  0.02432  0.01773  0.03096  0.04313 -0.00470
0.010000  0.01045  0.01208  0.00350 -0.00452  0.00378
0.010000  0.02137 -0.00384  0.00724  0.04688 -0.01278
0.010000 -0.02233 -0.00840  0.00029 -0.02117  0.01587
0.010000 -0.00801  0.00108  0.00518 -0.00439 -0.01118
0.010000 -0.04227 -0.02713 -0.00591 -0.02354 -0.01179
0.010000 -0.01007 -0.00395  0.00082 -0.00596 -0.00085
0.010000 -0.01333  0.00374  0.01308 -0.00835  0.00393
0.010000  0.01461 -0.01012 -0.00504  0.01738 -0.00717
0.010000 -0.02016 -0.01420 -0.00135 -0.01420 -0.00464
0.010000  0.00030 -0.01159  0.00206  0.00513 -0.00672
0.010000 -0.02390 -0.02379 -0.02022 -0.02492 -0.01824
0.010000 -0.01947 -0.01764 -0.03080 -0.02704 -0.00759
0.010000 -0.02839 -0.02446 -0.01421 -0.01279 -0.00128
0.010000 -0.00308 -0.00239  0.00825  0.01164  0.00581
0.010000 -0.03975 -0.03414 -0.02209 -0.02306 -0.00938
0.010000  0.02447  0.00832 -0.01683 -0.01368 -0.02339
0.010000 -0.01880 -0.02755 -0.00526 -0.01292 -0.03046
0.010000 -0.05217 -0.03289 -0.04559 -0.01295  0.02614
0.010000 -0.00600  0.00870  0.00757 -0.00101  0.00394
0.010000 -0.01222 -0.01404  0.00491  0.00011 -0.00319
0.010000 -0.01277  0.00059  0.00438 -0.00244  0.01325
0.010000  0.00520 -0.00040  0.01169  0.02444 -0.00814
0.010000 -0.01566 -0.02594 -0.01467 -0.02141 -0.02259
0.010000  0.01397 -0.00202  0.03707  0.03139 -0.02196
0.010000 -0.02943 -0.02081 -0.00970 -0.02329  0.00233
0.010000 -0.00115  0.00566  0.01187  0.00759  0.00311
0.010000  0.01158  0.00850  0.02668  0.02395 -0.00118
0.010000 -0.01448  0.00044 -0.01459 -0.02463 -0.00385
0.010000  0.00882  0.01725  0.01109  0.09835  0.03008
0.010000  0.01882  0.01265  0.00195  0.01249 -0.00448
0.010000 -0.00551 -0.02515  0.01041  0.03751  0.00626
0.010000  0.00935 -0.00720 -0.00347  0.01876 -0.01185
0.010000 -0.02558 -0.01632 -0.01172  0.00575 -0.00893
0.010000 -0.01688 -0.01927 -0.02326 -0.02523 -0.00984
0.010000 -0.01815 -0.02392 -0.00871 -0.00145 -0.00981
