# Scenario generation method from a paper by Hoyland, Kaut & Wallace
# Code by Michal Kaut (michal.kaut@iot.ntnu.n) & Diego Mathieu

#   prob   var  1   var  2   var  3   var  4   var  5
0.010000 -0.05380 -0.03003  0.00173 -0.01799 -0.04719
0.010000 -0.03132 -0.02035 -0.02820 -0.03361 -0.00991
0.010000 -0.00787 -0.02393 -0.01625 -0.01455 -0.00643
0.010000  0.08815  0.06887 -0.00045  0.09437  0.02485
0.010000  0.04795  0.01315  0.02214  0.03476 -0.00059
0.010000 -0.03902 -0.00049  0.01349 -0.01264 -0.01988
0.010000  0.00548 -0.00111  0.00774  0.00381 -0.03202
0.010000 -0.00495 -0.01370  0.00117  0.03773 -0.01117
0.010000 -0.00858 -0.00234 -0.00817 -0.01372 -0.01717
0.010000  0.03354  0.03806  0.01734  0.03244 -0.03134
0.010000  0.01542  0.03511  0.00803  0.00873  0.02548
0.010000 -0.01421  0.00830  0.02191 -0.00360 -0.02933
0.010000  0.01114  0.02916  0.01241  0.01149 -0.02098
0.010000 -0.02571 -0.00327  0.01169 -0.03094  0.04107
0.010000  0.00460  0.02821  0.03257  0.01728 -0.01263
0.010000  0.01322 -0.01359 -0.00884  0.00103  0.01200
0.010000  0.05249  0.05204  0.01393  0.03449 -0.00450
0.010000 -0.04402 -0.00888  0.01145 -0.03995 -0.00405
0.010000  0.00728 -0.00846  0.03030  0.00506  0.02135
0.010000 -0.01351 -0.02257 -0.00975 -0.04769 -0.01888
0.010000  0.00043 -0.00424  0.00581  0.00587 -0.01135
0.010000  0.00206 -0.01892  0.02195  0.00457 -0.01608
0.010000 -0.02803 -0.00019 -0.00222 -0.02081 -0.01070
0.010000  0.02167  0.03119  0.01448  0.02282 -0.00466
0.010000  0.04422  0.02846  0.03544  0.04383 -0.01579
0.010000 -0.04715 -0.00498 -0.04893 -0.05730 -0.03071
0.010000 -0.04016 -0.04408  0.00182 -0.03407 -0.00463
0.010000 -0.00642 -0.01817 -0.02260 -0.00622 -0.01161
0.010000 -0.05737 -0.05456 -0.01855 -0.03029 -0.03197
0.010000  0.01658  0.00291 -0.01914  0.00972 -0.02049
0.010000 -0.01984 -0.02835 -0.03037 -0.08682 -0.01735
0.010000  0.02308  0.01554 -0.00836  0.03118 -0.00270
0.010000  0.00821 -0.01440 -0.00036 -0.00337  0.00105
0.010000 -0.01000 -0.02206 -0.00772 -0.00920 -0.01796
0.010000  0.00916 -0.01574 -0.00592 -0.00922 -0.00255
0.010000 -0.01701 -0.00022  0.00112  0.00690  0.00450
0.010000 -0.03219 -0.03915 -0.01001 -0.02924 -0.01977
0.010000 -0.01772 -0.03003 -0.02441 -0.01928 -0.01597
0.010000 -0.05116 -0.03756 -0.00579 -0.04229 -0.00606
0.010000  0.03579  0.03127  0.00496  0.03151 -0.00289
0.010000 -0.01211 -0.00569  0.02660  0.02400 -0.01349
0.010000 -0.01561 -0.02336  0.00510 -0.00145 -0.04089
0.010000  0.01014 -0.01494 -0.03622 -0.01048 -0.01091
0.010000  0.00289  0.02283  0.00940  0.00946 -0.02458
0.010000 -0.00036  0.00746  0.00783 -0.02089 -0.00860
0.010000  0.00637  0.00457  0.01064  0.01399 -0.00904
0.010000 -0.00929 -0.01225 -0.01313 -0.02205 -0.02248
0.010000 -0.04264 -0.04094  0.01981 -0.00789  0.00594
0.010000 -0.01913 -0.00601 -0.00229  0.00590 -0.02081
0.010000  0.02958  0.00584 -0.00693  0.02062  0.00178
0.010000 -0.00569 -0.00945 -0.02638 -0.00630 -0.01648
0.010000 -0.00421 -0.01107  0.00686  0.00524 -0.00438
0.010000  0.02031  0.04246  0.03554  0.02728  0.02192
0.010000 -0.02965 -0.02066  0.00134 -0.02098 -0.02007
0.010000 -0.02346 -0.00555 -0.00565 -0.02127 -0.03264
0.010000 -0.03307  0.00064 -0.00224 -0.03358 -0.00564
0.010000 -0.06458 -0.01377  0.00508 -0.03891 -0.02086
0.010000  0.02457 -0.00213 -0.01600 -0.00187 -0.02711
0.010000 -0.00270  0.01107  0.00559 -0.00831  0.00232
0.010000  0.01777  0.03260  0.01985  0.03099 -0.01989
0.010000 -0.00115 -0.01467 -0.01155 -0.00208 -0.01710
0.010000 -0.02200  0.08078  0.05715  0.02141 -0.02091
0.010000  0.06715  0.02769 -0.02304  0.04571 -0.00015
0.010000  0.01430 -0.01176  0.00018  0.02054 -0.02091
0.010000 -0.00715 -0.01808 -0.01522  0.01438 -0.01034
0.010000 -0.02127 -0.02133 -0.01918  0.00126 -0.01688
0.010000  0.00124 -0.01643 -0.02542 -0.03196 -0.02094
0.010000 -0.00346 -0.00650 -0.00699 -0.02176 -0.02459
0.010000  0.01216  0.01266  0.01478 -0.00291  0.00539
0.010000 -0.04136 -0.03945 -0.02534 -0.04955 -0.02750
0.010000 -0.01281 -0.01342 -0.00410 -0.02539 -0.00324
0.010000 -0.02725  0.00063 -0.02407 -0.02290 -0.01978
0.010000 -0.03048 -0.03502 -0.02789 -0.01376 -0.01728
0.010000 -0.02883 -0.02479 -0.02402 -0.00957 -0.04615
0.010000 -0.01842  0.00740  0.00608  0.00063 -0.02440
0.010000  0.03827  0.03109  0.02109  0.04114 -0.00815
0.010000 -0.02647 -0.01940  0.01136 -0.00070 -0.02477
0.010000 -0.02055 -0.00734 -0.00792 -0.00505 -0.01860
0.010000 -0.01071 -0.00310  0.01477  0.00195  0.00552
0.010000  0.02614 -0.00394  0.04433  0.01814  0.01946
0.010000 -0.02495 -0.00075 -0.01064 -0.02289 -0.02706
0.010000 -0.03492 -0.04121 -0.02673 -0.03659 -0.00848
0.010000 -0.02272 -0.01320 -0.03786 -0.04185  0.00806
0.010000 -0.03689 -0.02749 -0.02372 -0.03395 -0.02964
0.010000 -0.02420 -0.02500 -0.00752 -0.02575 -0.05310
0.010000  0.03148 -0.00426 -0.02156  0.01277 -0.00176
0.010000 -0.01141 -0.02404 -0.01578 -0.00448 -0.00722
0.010000 -0.01491 -0.02657  0.00519 -0.01125 -0.06139
0.010000 -0.03793 -0.01949 -0.01227 -0.02738 -0.02461
0.010000  0.01902 -0.01096 -0.00636 -0.00623 -0.00572
0.010000 -0.01631 -0.00953 -0.00506 -0.03767 -0.01152
0.010000  0.02780 -0.00567 -0.00944  0.01612 -0.02160
0.010000  0.05841  0.01098  0.02995  0.04606  0.01656
0.010000 -0.00193  0.01335 -0.00006  0.01050 -0.00058
0.010000 -0.03589 -0.04059 -0.00548 -0.03147 -0.01511
0.010000 -0.04901 -0.03407 -0.00758 -0.04530 -0.03735
0.010000  0.04105  0.04270  0.03852  0.02410  0.02082
0.010000 -0.04551 -0.03919 -0.04496 -0.06901 -0.03482
0.010000 -0.03398 -0.03115  0.04500  0.00141 -0.01814
0.010000  0.00374  0.02596  0.00977  0.00775 -0.01205
