# Scenario generation method from a paper by Hoyland, Kaut & Wallace
# Code by Michal Kaut (michal.kaut@iot.ntnu.n) & Diego Mathieu

#   prob   var  1   var  2   var  3   var  4   var  5
0.010000  0.01585  0.01531  0.01405 -0.00206  0.01265
0.010000 -0.05170 -0.03329 -0.03650 -0.03026  0.00459
0.010000 -0.00657 -0.01798  0.01126  0.00989 -0.00621
0.010000 -0.01925 -0.01827 -0.02300  0.01377  0.01294
0.010000 -0.00937 -0.01272 -0.00656 -0.00544 -0.01757
0.010000  0.01986 -0.00288  0.00511  0.02973 -0.01761
0.010000 -0.01277 -0.00922 -0.00031 -0.01275 -0.01640
0.010000  0.00943  0.00937  0.00616 -0.00307 -0.01262
0.010000 -0.01032 -0.01721 -0.00099 -0.00103 -0.01121
0.010000 -0.02453 -0.03268 -0.01881 -0.02469 -0.00927
0.010000 -0.00565  0.01137 -0.00260 -0.01432  0.00041
0.010000 -0.02867 -0.03261  0.01179 -0.01479 -0.01777
0.010000 -0.02047 -0.00985 -0.00614  0.00404  0.00311
0.010000  0.00708  0.01534 -0.00951  0.02549  0.00317
0.010000 -0.01378 -0.02258 -0.00174  0.00354  0.00302
0.010000  0.02256  0.01448  0.00562  0.01762 -0.00321
0.010000 -0.02110 -0.03202 -0.00924 -0.00525 -0.01132
0.010000  0.00187  0.00626  0.00551  0.01994 -0.00362
0.010000 -0.00796 -0.02495 -0.02094 -0.01666 -0.01272
0.010000  0.02649  0.01495  0.01517  0.02561 -0.00561
0.010000 -0.01808  0.00217 -0.01222 -0.01651 -0.00083
0.010000  0.01421  0.00614  0.04130  0.06986 -0.01073
0.010000  0.02427  0.01325  0.00902  0.01470 -0.01248
0.010000 -0.02241 -0.00365 -0.00254  0.03944  0.02008
0.010000 -0.03064 -0.03218 -0.02923 -0.02714 -0.01109
0.010000 -0.02310 -0.01736 -0.00487 -0.02160 -0.00659
0.010000 -0.01533 -0.03173  0.00664 -0.01201 -0.01315
0.010000  0.00439  0.00454  0.00526 -0.01165 -0.00326
0.010000  0.01202  0.00895  0.00321  0.00545 -0.01666
0.010000  0.02112  0.01455 -0.00666  0.00090 -0.01496
0.010000  0.00138 -0.01568  0.00768 -0.00709 -0.03240
0.010000 -0.01587 -0.00752 -0.00980 -0.02707 -0.01227
0.010000  0.00882 -0.00035  0.00713  0.00368  0.00433
0.010000  0.00823  0.01482 -0.00197  0.00291 -0.00811
0.010000 -0.00611 -0.02690 -0.00400  0.00967 -0.01190
0.010000 -0.00289 -0.01191 -0.01960 -0.01988  0.00468
0.010000 -0.00519 -0.00981 -0.00837 -0.01413 -0.01710
0.010000  0.00765  0.00258  0.01892  0.00845 -0.01351
0.010000 -0.03292 -0.02254 -0.00987 -0.01299 -0.00603
0.010000  0.01134  0.00428 -0.00336  0.00951 -0.02077
0.010000  0.00041 -0.01434  0.00546  0.00307 -0.00348
0.010000 -0.00195  0.00893 -0.00205 -0.01438 -0.00678
0.010000 -0.00704  0.00683 -0.00085  0.00150  0.00844
0.010000 -0.01985 -0.03238 -0.02785 -0.01739 -0.00675
0.010000  0.00544 -0.01074  0.00599  0.01022 -0.00259
0.010000 -0.04166 -0.02934 -0.01482 -0.02101  0.00496
0.010000  0.00286 -0.02070 -0.01765 -0.00818 -0.02402
0.010000 -0.03174 -0.03016 -0.02128  0.00405 -0.01201
0.010000 -0.00890  0.00324 -0.04373 -0.02346 -0.01763
0.010000 -0.00473 -0.00570  0.00876 -0.00626 -0.00656
0.010000  0.03035  0.01464  0.01054  0.01302 -0.01304
0.010000 -0.02690 -0.00530 -0.03831 -0.03251 -0.00328
0.010000 -0.02175 -0.01055 -0.02750 -0.01682 -0.00619
0.010000  0.00236  0.01097  0.02312  0.00200 -0.00584
0.010000 -0.00843 -0.00206 -0.00450 -0.02263 -0.01144
0.010000 -0.00102  0.01022  0.02983  0.00047 -0.00031
0.010000 -0.01080  0.00593 -0.01981 -0.02066  0.00680
0.010000  0.00387 -0.00744  0.01205  0.01609 -0.01007
0.010000  0.01005  0.01429  0.00780  0.00683  0.03247
0.010000 -0.01696 -0.02972 -0.02336 -0.02684  0.02161
0.010000 -0.01429 -0.00860 -0.02935  0.00535  0.00768
0.010000 -0.01866 -0.01579 -0.00371  0.00224  0.00150
0.010000  0.01873  0.01492  0.00971  0.00093  0.00138
0.010000 -0.00985 -0.02979 -0.00259 -0.01491 -0.01432
0.010000 -0.01227  0.00705 -0.03870 -0.02393  0.01073
0.010000 -0.03567 -0.02258 -0.00406 -0.00847  0.00217
0.010000 -0.01751 -0.00102 -0.01869 -0.01574 -0.00757
0.010000  0.00089  0.01401 -0.00156 -0.00746  0.00966
0.010000 -0.00242 -0.01202 -0.00079 -0.00722 -0.01878
0.010000 -0.00750  0.01046 -0.01851 -0.01311 -0.00064
0.010000 -0.00007  0.01400  0.00883  0.01629  0.00118
0.010000 -0.03422 -0.03146 -0.02176 -0.00363  0.00385
0.010000 -0.00054 -0.01300 -0.03847 -0.01027 -0.02040
0.010000  0.01345  0.00172 -0.00329  0.00541 -0.00585
0.010000 -0.02962 -0.01931 -0.00539 -0.03224 -0.01177
0.010000  0.00598 -0.01081  0.00371  0.00212 -0.01785
0.010000 -0.01327 -0.02309 -0.00814  0.00266 -0.01239
0.010000  0.01272  0.01537  0.01805  0.03932  0.02433
0.010000 -0.03732 -0.03100 -0.00005 -0.01739 -0.00790
0.010000 -0.01481 -0.03067  0.00782  0.02195 -0.01283
0.010000  0.01675  0.00203  0.02501  0.01354  0.00829
0.010000 -0.01641 -0.02812  0.00375 -0.00413 -0.00726
0.010000  0.01501  0.00103 -0.03246 -0.00913 -0.01139
0.010000 -0.01129 -0.01039 -0.01001 -0.01931 -0.01050
0.010000 -0.04496 -0.02487 -0.01961 -0.03329 -0.00508
0.010000 -0.00149 -0.02138 -0.00603  0.01299 -0.01919
0.010000  0.00653 -0.01652  0.00409  0.00561 -0.01136
0.010000 -0.02380 -0.03266 -0.02199 -0.01147 -0.01478
0.010000 -0.00427 -0.00578 -0.02264 -0.00202 -0.00813
0.010000  0.01770  0.01120  0.02454  0.05733 -0.00152
0.010000 -0.00335  0.00057 -0.00825  0.00126  0.01238
0.010000 -0.02608 -0.02090 -0.00526 -0.02010 -0.01103
0.010000  0.00336  0.00076  0.01706  0.02474 -0.00837
0.010000  0.00491  0.01353  0.00431  0.00031 -0.00184
0.010000 -0.02776 -0.00833 -0.00318 -0.02220 -0.00929
0.010000 -0.00381 -0.00230  0.00988 -0.00280 -0.00393
0.010000 -0.01178 -0.01800 -0.01644  0.02912 -0.00628
0.010000 -0.03926 -0.02070 -0.01559 -0.03702 -0.01276
0.010000  0.01068  0.01547  0.01014  0.09061  0.00757
0.010000 -0.02529 -0.00466 -0.02095 -0.02024  0.00101
