# Scenario generation method from a paper by Hoyland, Kaut & Wallace
# Code by Michal Kaut (michal.kaut@iot.ntnu.n) & Diego Mathieu

#   prob   var  1   var  2   var  3   var  4   var  5
0.010000  0.01038  0.00884 -0.00948 -0.00941 -0.03827
0.010000  0.03116  0.02291  0.04442  0.01492  0.05024
0.010000 -0.03609 -0.00748 -0.01359 -0.03003 -0.01905
0.010000  0.00964  0.02310 -0.02005 -0.02384 -0.02812
0.010000 -0.01742 -0.00293 -0.00747 -0.02158  0.01450
0.010000  0.04309  0.01776  0.06964  0.03642  0.02652
0.010000 -0.02518 -0.01232 -0.01905 -0.02463 -0.05045
0.010000 -0.00145 -0.00462 -0.02543 -0.00207  0.01465
0.010000  0.04671  0.09061  0.03164  0.04142  0.07275
0.010000 -0.01275 -0.00038  0.01176 -0.01656  0.00416
0.010000 -0.01456  0.00918  0.01953  0.00012  0.04541
0.010000 -0.04338 -0.03541  0.01497  0.00714 -0.04000
0.010000  0.00594  0.00112 -0.00629 -0.01661  0.00053
0.010000  0.00889 -0.00058  0.00992  0.00154 -0.00429
0.010000  0.02240 -0.00139  0.01248 -0.00501 -0.02591
0.010000 -0.00221  0.00206  0.01010 -0.00893 -0.02551
0.010000  0.05106  0.03051  0.00920 -0.00282 -0.02647
0.010000  0.06489  0.03005  0.04418  0.03004  0.02516
0.010000  0.01735  0.01080  0.00900 -0.01984 -0.05673
0.010000 -0.00850 -0.02140 -0.01503 -0.02330  0.01635
0.010000  0.02067 -0.03806  0.06153  0.07061 -0.02197
0.010000 -0.04669 -0.01578 -0.00955 -0.01217 -0.00737
0.010000  0.08707  0.07950  0.03710  0.01938  0.04599
0.010000  0.00668 -0.00710  0.02285  0.00050  0.01122
0.010000 -0.02926 -0.01993 -0.01433 -0.01237 -0.02004
0.010000 -0.01016  0.01392  0.01893 -0.00450  0.06411
0.010000  0.06026  0.05462  0.00778  0.01581  0.03455
0.010000 -0.00374 -0.01007  0.00813  0.00907 -0.03694
0.010000 -0.03241 -0.01005 -0.02171 -0.01224  0.00999
0.010000  0.01575 -0.00545  0.04369  0.01539  0.04398
0.010000 -0.00932  0.02224 -0.03063 -0.02835 -0.04262
0.010000  0.00079  0.00369  0.02369  0.02794 -0.01512
0.010000 -0.01101 -0.00653 -0.00341 -0.00497 -0.02478
0.010000  0.02607  0.01612  0.01103  0.00094 -0.04723
0.010000 -0.00608 -0.00049 -0.02426 -0.02232 -0.03166
0.010000 -0.01187 -0.03166  0.00277  0.02375  0.00127
0.010000 -0.00529 -0.00199 -0.00524 -0.00057  0.00431
0.010000  0.02703  0.01259  0.00207  0.03832  0.03184
0.010000  0.04147  0.01513  0.03058  0.01766  0.05552
0.010000 -0.02394 -0.02521 -0.00647 -0.00140  0.00902
0.010000  0.03342  0.02101  0.01931  0.00773  0.01495
0.010000 -0.07070 -0.04962 -0.02139  0.02037 -0.01044
0.010000  0.03227  0.01491  0.00358  0.01599 -0.00603
0.010000  0.02512  0.03003 -0.00607  0.00795  0.00440
0.010000 -0.01946 -0.00878 -0.00852 -0.00783 -0.05537
0.010000  0.00815  0.00562 -0.01363 -0.00038 -0.01433
0.010000  0.00227 -0.00501 -0.01342 -0.01487  0.00910
0.010000  0.04483  0.02128  0.05729  0.08273  0.07393
0.010000  0.03008  0.00945  0.01295 -0.00101  0.04649
0.010000 -0.00768  0.05461  0.01924 -0.00603 -0.00585
0.010000  0.05365  0.02936  0.03490  0.01824  0.05302
0.010000 -0.00688  0.00436  0.00048 -0.00324  0.05953
0.010000 -0.05091 -0.05067 -0.01769 -0.01714  0.00948
0.010000 -0.01843 -0.00634 -0.02146 -0.02109 -0.03957
0.010000  0.01342  0.00301  0.01929  0.02650  0.00228
0.010000  0.00153  0.00015 -0.02423 -0.01276 -0.00226
0.010000  0.02802 -0.00094  0.04052  0.03335  0.00828
0.010000 -0.03417 -0.04905 -0.00148 -0.00880 -0.00492
0.010000  0.00374  0.01611  0.03671  0.00682  0.05386
0.010000  0.03995  0.01515  0.03271  0.00913  0.03049
0.010000  0.01419  0.00534  0.03573  0.01415  0.04796
0.010000  0.01816  0.02060  0.02508  0.00183  0.05519
0.010000 -0.00297  0.01116  0.01591 -0.00721  0.00427
0.010000 -0.04061 -0.03641 -0.03688 -0.03989 -0.06812
0.010000  0.03852  0.01591  0.03984  0.02583  0.03205
0.010000  0.00005 -0.00585  0.02742  0.01645 -0.03646
0.010000  0.01655  0.00578 -0.01450 -0.01920 -0.02194
0.010000  0.00521  0.01597  0.04645  0.02141  0.05284
0.010000 -0.01549 -0.00290  0.00553  0.00090  0.03389
0.010000  0.02420  0.00360  0.03619  0.02347 -0.01295
0.010000  0.01265 -0.01907  0.03698  0.05854  0.06536
0.010000 -0.03822 -0.00742 -0.03418 -0.03253 -0.00436
0.010000  0.00448  0.01126  0.00023 -0.01326  0.05009
0.010000  0.01982  0.00001  0.00362 -0.00161  0.00861
0.010000 -0.02276 -0.00457 -0.02294 -0.00901  0.00278
0.010000 -0.05695 -0.05041 -0.01032 -0.01368 -0.04236
0.010000 -0.02647 -0.02475 -0.01759 -0.01687 -0.05433
0.010000  0.02153 -0.00011  0.05304  0.03048  0.00286
0.010000  0.01113  0.02829  0.01086 -0.00257  0.01250
0.010000 -0.02782  0.00931  0.00664 -0.01671  0.04876
0.010000 -0.01365 -0.01156  0.01700  0.01674  0.02245
0.010000  0.03716  0.01595 -0.00658 -0.02130  0.02676
0.010000 -0.00070 -0.01325 -0.00292 -0.01337 -0.05016
0.010000 -0.03078 -0.04796 -0.03335 -0.03127 -0.02505
0.010000  0.05665  0.02569  0.01938  0.00425  0.03471
0.010000  0.00301  0.00817 -0.00481 -0.00009  0.01138
0.010000  0.03461  0.01538  0.03389  0.01186  0.05749
0.010000 -0.02162 -0.00169  0.04469  0.00227  0.06525
0.010000  0.01189 -0.00342  0.00005 -0.00663  0.01055
0.010000  0.01899 -0.00186  0.01211 -0.00817 -0.00854
0.010000 -0.02052 -0.04398  0.00277  0.00946 -0.03466
0.010000  0.02329 -0.01722  0.01509  0.00894  0.03008
0.010000 -0.01645 -0.01659 -0.01062 -0.01219  0.02539
0.010000  0.03586  0.02481  0.05778  0.02165  0.05868
0.010000  0.07159  0.03002  0.02947  0.03038  0.01851
0.010000  0.04877  0.04000  0.00365  0.00541  0.04332
0.010000  0.01497  0.01184 -0.00456 -0.01280  0.00144
0.010000  0.00741  0.00551 -0.01725 -0.01768 -0.01200
0.010000  0.02904  0.01497 -0.00636 -0.01747  0.04248
0.010000 -0.00451 -0.00184 -0.01833 -0.01334 -0.02394
