# Scenario generation method from a paper by Hoyland, Kaut & Wallace
# Code by Michal Kaut (michal.kaut@iot.ntnu.n) & Diego Mathieu

#   prob   var  1   var  2   var  3   var  4   var  5
0.010000  0.01617  0.01348  0.02338 -0.01690 -0.02722
0.010000  0.01665  0.00721  0.00946 -0.00187  0.01492
0.010000  0.01688  0.01474  0.02304 -0.00482 -0.02337
0.010000  0.00459  0.01398  0.01398 -0.00510 -0.01735
0.010000 -0.01282 -0.01892 -0.00868  0.00917  0.03540
0.010000  0.01569 -0.01212  0.01579  0.01630 -0.00441
0.010000 -0.02751 -0.00932 -0.01031 -0.00302 -0.00768
0.010000  0.01303  0.00941  0.01754 -0.00434 -0.02646
0.010000  0.00238 -0.00962  0.00500 -0.01341 -0.00455
0.010000  0.00616 -0.00440 -0.00648 -0.00894 -0.00100
0.010000 -0.01853 -0.01316 -0.00996 -0.00121  0.00885
0.010000  0.00564 -0.01340 -0.00804 -0.00619  0.01958
0.010000  0.01512 -0.01029  0.00312 -0.01189  0.00850
0.010000  0.00817  0.00337 -0.00053 -0.00442  0.03355
0.010000 -0.02641 -0.01973 -0.00100 -0.00641  0.01335
0.010000 -0.00563 -0.00528  0.01901 -0.00673 -0.02628
0.010000 -0.00177 -0.00254 -0.00255  0.00566 -0.00314
0.010000 -0.02561 -0.00558 -0.00002 -0.00052 -0.03369
0.010000  0.01214 -0.00135  0.01753  0.01594  0.01175
0.010000 -0.01600 -0.01026 -0.00720 -0.00510  0.02745
0.010000  0.01223  0.00670  0.02339 -0.01825 -0.02468
0.010000 -0.00431  0.00074 -0.00151 -0.00928  0.01698
0.010000  0.01449  0.01246  0.02382 -0.00628 -0.02513
0.010000  0.00913  0.00405  0.00325  0.00472  0.02252
0.010000  0.01264 -0.00863 -0.00814  0.01817 -0.00803
0.010000  0.00768  0.00231  0.01610 -0.00099  0.02951
0.010000  0.01566  0.00115 -0.00254  0.00881  0.01385
0.010000 -0.02205 -0.00105 -0.00432 -0.01092  0.00691
0.010000  0.01610  0.00335  0.00294 -0.00727 -0.02971
0.010000  0.01006 -0.00375 -0.00396 -0.00278  0.02810
0.010000 -0.00982 -0.00903 -0.00962  0.00429  0.00089
0.010000  0.01481 -0.01136 -0.00807  0.00819  0.01528
0.010000  0.01681 -0.00528 -0.00622  0.01126 -0.01279
0.010000  0.01051  0.01032  0.02351 -0.01381 -0.03628
0.010000  0.00005 -0.01098  0.00188 -0.03256 -0.00892
0.010000 -0.01649 -0.01068 -0.00640 -0.03471  0.01053
0.010000  0.00350 -0.01235 -0.00934 -0.02502  0.01082
0.010000 -0.02116 -0.01954 -0.00954  0.00604 -0.01210
0.010000 -0.02710 -0.00703 -0.00210  0.00437 -0.01339
0.010000  0.01689  0.00191  0.00507  0.00712  0.01639
0.010000  0.00131  0.00641  0.01006 -0.00608  0.02134
0.010000  0.01542  0.00703  0.01605 -0.04779 -0.02662
0.010000 -0.00055 -0.00597 -0.00547 -0.00039  0.01552
0.010000  0.01182 -0.00951  0.00012  0.01069  0.00498
0.010000  0.01638 -0.00055 -0.00345  0.00325  0.00714
0.010000 -0.01130 -0.01468  0.00532  0.00803 -0.02612
0.010000  0.01434  0.00161  0.00235 -0.00254  0.04152
0.010000  0.01509 -0.00287  0.01953  0.00240 -0.00647
0.010000  0.00512 -0.00204 -0.00614  0.01235 -0.01318
0.010000 -0.01360 -0.01573  0.00606  0.00874  0.05655
0.010000 -0.05379 -0.01421 -0.01144 -0.01700 -0.01220
0.010000 -0.01439 -0.00837  0.00597 -0.00009 -0.03838
0.010000  0.00668 -0.01043  0.00630  0.01582 -0.00484
0.010000  0.01139  0.01290  0.02048 -0.00784 -0.01646
0.010000 -0.00302 -0.00845 -0.00891 -0.00412 -0.00711
0.010000 -0.00366 -0.01168 -0.00948 -0.00897  0.03535
0.010000  0.00866  0.00160 -0.00315  0.00427  0.00552
0.010000  0.01594 -0.00845  0.01525 -0.00150  0.00180
0.010000 -0.02604 -0.01778 -0.01072  0.00150  0.02079
0.010000 -0.00769 -0.01806 -0.00071 -0.00031 -0.01425
0.010000  0.00546 -0.00791 -0.00756 -0.01274 -0.00467
0.010000 -0.00631 -0.00390 -0.00729  0.00502 -0.01697
0.010000  0.01096 -0.00160  0.01151 -0.00587 -0.02436
0.010000 -0.01683 -0.00773 -0.00830 -0.03114 -0.03584
0.010000  0.00838 -0.01219 -0.00126  0.01352  0.01011
0.010000 -0.02027 -0.01505  0.00920 -0.06356  0.00870
0.010000  0.01342 -0.00917  0.00165  0.00706  0.01633
0.010000 -0.01939 -0.01805 -0.01087  0.00061 -0.02490
0.010000  0.01656 -0.00881  0.01388  0.00828 -0.00918
0.010000  0.01338 -0.00618  0.00060  0.00411  0.00017
0.010000  0.01414  0.00281 -0.00155 -0.02714  0.00270
0.010000  0.00294  0.01137  0.00635 -0.00229  0.00211
0.010000 -0.00506 -0.01130 -0.00735  0.00560 -0.00946
0.010000 -0.01205 -0.00967  0.00386  0.00639  0.00498
0.010000 -0.01056 -0.00080  0.00875 -0.00486 -0.00517
0.010000 -0.02385 -0.00717 -0.00353 -0.00962  0.00107
0.010000 -0.02474 -0.01763 -0.01062 -0.00842 -0.00596
0.010000 -0.01519 -0.00316 -0.00411  0.00840  0.01370
0.010000  0.01670 -0.00117 -0.00306  0.01017 -0.00014
0.010000 -0.02757 -0.01925 -0.01072  0.00976  0.01787
0.010000 -0.00699  0.00363  0.02232 -0.01689 -0.03561
0.010000 -0.01531  0.00302  0.00757 -0.02528 -0.00449
0.010000 -0.00239 -0.00364  0.01608 -0.02263 -0.01657
0.010000 -0.00910 -0.01213  0.01412 -0.01370  0.01157
0.010000  0.00960  0.00760  0.00791 -0.01153 -0.02816
0.010000 -0.01767 -0.00627 -0.00954  0.00435 -0.01229
0.010000 -0.00497  0.00355  0.00355 -0.01015 -0.02840
0.010000 -0.00115 -0.01703 -0.00934  0.01414  0.00269
0.010000  0.00718 -0.01454  0.00903  0.01733 -0.00193
0.010000  0.01052 -0.00406 -0.00376  0.01260  0.00568
0.010000  0.01642  0.00022  0.02063 -0.00278 -0.00709
0.010000  0.00405  0.00138 -0.00290  0.00816 -0.00756
0.010000 -0.02295  0.00331 -0.00417 -0.03534 -0.01448
0.010000  0.01379  0.00424  0.00024  0.00559 -0.02626
0.010000  0.00065 -0.01427 -0.00977 -0.01285 -0.00864
0.010000  0.01691  0.00810  0.00512 -0.00249  0.01169
0.010000 -0.00839 -0.01455 -0.00991  0.01107  0.03036
0.010000  0.00123 -0.00841  0.01558 -0.00654 -0.01859
0.010000  0.01680 -0.00555 -0.00388  0.00641  0.01223
0.010000  0.00181 -0.01246 -0.00810  0.02241  0.00212
