# Scenario generation method from a paper by Hoyland, Kaut & Wallace
# Code by Michal Kaut (michal.kaut@iot.ntnu.n) & Diego Mathieu

#   prob   var  1   var  2   var  3   var  4   var  5
0.010000 -0.01547 -0.01264 -0.01285 -0.00932 -0.03504
0.010000  0.03538  0.02247  0.02565  0.03464  0.01433
0.010000  0.05348  0.05034  0.02126  0.03017  0.02255
0.010000 -0.01166 -0.00971 -0.01228 -0.01106  0.00162
0.010000  0.03030  0.00112 -0.00414 -0.00069  0.01892
0.010000 -0.02270 -0.01274 -0.01298 -0.01915  0.00476
0.010000  0.00948 -0.00399 -0.00880 -0.00945 -0.00440
0.010000  0.02452  0.00645 -0.00037  0.00909 -0.01258
0.010000 -0.02409  0.00562 -0.00969  0.00457 -0.04723
0.010000  0.01315  0.00241  0.00489  0.01502  0.01400
0.010000 -0.02634 -0.02918 -0.01436 -0.02565 -0.03477
0.010000  0.01633 -0.00488 -0.00403  0.03115  0.00661
0.010000 -0.00110 -0.00317 -0.00269 -0.00867 -0.00013
0.010000 -0.01220 -0.00612 -0.01076 -0.00246 -0.00562
0.010000 -0.03417 -0.03044 -0.01407  0.01184 -0.00943
0.010000 -0.00049 -0.01013 -0.00420 -0.00505 -0.01248
0.010000 -0.02798 -0.02460 -0.01289 -0.02766  0.00399
0.010000 -0.00346 -0.00134  0.00627  0.01422  0.00867
0.010000  0.08948  0.07275  0.04731  0.07098  0.04379
0.010000 -0.02013 -0.01947 -0.01373 -0.02394  0.00771
0.010000  0.04708  0.01509  0.01120  0.02745  0.01872
0.010000 -0.00289  0.01223 -0.00762 -0.00294 -0.00573
0.010000 -0.02714 -0.00944 -0.01037 -0.02937 -0.03931
0.010000 -0.04561 -0.01707 -0.00359 -0.02440 -0.01964
0.010000 -0.01716 -0.00457 -0.00298 -0.01365  0.01623
0.010000 -0.02887 -0.01659  0.02760 -0.00640 -0.00451
0.010000 -0.00952 -0.01117 -0.01216 -0.01618 -0.01555
0.010000 -0.03863 -0.01972 -0.01479 -0.02067 -0.02160
0.010000 -0.02339 -0.02033 -0.01407 -0.02211 -0.02007
0.010000  0.01522 -0.00815  0.00616  0.04509  0.01513
0.010000  0.01218 -0.00367 -0.00623  0.00692 -0.00400
0.010000 -0.01274 -0.01803 -0.00011  0.00359  0.00011
0.010000  0.06339  0.06721  0.01943  0.07130 -0.00728
0.010000  0.00480  0.01646 -0.00399  0.01681 -0.02101
0.010000 -0.02556 -0.02584 -0.01432 -0.03270 -0.01244
0.010000 -0.00460 -0.01320 -0.00755 -0.01584 -0.01167
0.010000 -0.01005 -0.01249 -0.00507 -0.01226 -0.00096
0.010000 -0.00682 -0.01705 -0.01084 -0.00713 -0.00748
0.010000 -0.05503 -0.04245 -0.01621 -0.03953 -0.05265
0.010000 -0.00230 -0.01247 -0.00239 -0.00431  0.01458
0.010000  0.01416 -0.00906 -0.00948 -0.00692  0.00720
0.010000 -0.00404 -0.00807  0.02294 -0.00161  0.00344
0.010000  0.00409 -0.00151 -0.00232  0.02373  0.00623
0.010000  0.00013 -0.01050 -0.00707  0.01059  0.00705
0.010000  0.02627  0.03044  0.00234  0.02404  0.01414
0.010000 -0.01774  0.05643  0.00422 -0.00306 -0.02825
0.010000 -0.00627 -0.01461 -0.01090 -0.00539 -0.01379
0.010000 -0.04054 -0.02216 -0.01489 -0.02748 -0.03535
0.010000 -0.01892 -0.02720 -0.01418 -0.02625 -0.01021
0.010000 -0.01659 -0.01613  0.02074 -0.00854 -0.00435
0.010000  0.00628 -0.01042 -0.00776 -0.00731  0.00966
0.010000 -0.01832 -0.02292 -0.01294 -0.02405 -0.01666
0.010000 -0.01382 -0.01456 -0.00060 -0.00485 -0.03075
0.010000 -0.01059  0.02416 -0.00706 -0.01104 -0.02651
0.010000 -0.03183 -0.02529 -0.01465 -0.02540 -0.01184
0.010000 -0.01952  0.00382  0.03522 -0.00305 -0.02695
0.010000 -0.02481 -0.01870 -0.01410 -0.01965 -0.05111
0.010000 -0.00171 -0.00595 -0.01053 -0.01455 -0.04231
0.010000  0.00553  0.06113  0.06104  0.03251 -0.01059
0.010000 -0.00572  0.01934 -0.00371  0.00803 -0.03605
0.010000 -0.02075 -0.00719 -0.01166 -0.01544 -0.02361
0.010000  0.02818  0.01165  0.00018  0.01606 -0.00346
0.010000  0.03854  0.04680  0.00737  0.03386  0.02864
0.010000 -0.01437 -0.01127  0.03869 -0.00937 -0.00054
0.010000 -0.02980 -0.02611 -0.01469 -0.03051 -0.01215
0.010000  0.02003  0.01454  0.02767  0.01676 -0.00439
0.010000 -0.01492 -0.01405 -0.00716 -0.02318 -0.00888
0.010000 -0.04933 -0.02594 -0.01479 -0.04127 -0.03133
0.010000  0.00864  0.00919  0.01757  0.00401 -0.00266
0.010000  0.00076 -0.00812  0.01268 -0.00596  0.00375
0.010000  0.00340 -0.00070  0.01469 -0.00208 -0.01042
0.010000 -0.00898 -0.02076 -0.01141 -0.01078  0.00398
0.010000 -0.00736  0.01195  0.02354  0.02823 -0.03903
0.010000 -0.01112 -0.01461  0.01154 -0.01477 -0.01481
0.010000 -0.03550 -0.02219 -0.01355 -0.01492 -0.00363
0.010000  0.00140 -0.00851 -0.00929  0.00497 -0.00184
0.010000  0.01035  0.00820  0.01095 -0.00151 -0.04147
0.010000 -0.04280 -0.02043 -0.01476 -0.02550 -0.04254
0.010000  0.01749  0.03863  0.00654  0.01693 -0.01059
0.010000  0.00704 -0.00516 -0.00856 -0.01098 -0.00011
0.010000  0.04233  0.02657  0.03147  0.08150  0.02199
0.010000 -0.00844 -0.01047 -0.00841 -0.01561  0.00760
0.010000  0.00205  0.00655  0.03494  0.02231 -0.00207
0.010000 -0.01603 -0.02008 -0.01377 -0.01614  0.00118
0.010000 -0.03078 -0.01432 -0.01138 -0.03027  0.00475
0.010000  0.00272 -0.00146 -0.00917 -0.00095 -0.02913
0.010000  0.00783 -0.00682 -0.00707 -0.00133 -0.00966
0.010000 -0.02139 -0.01240 -0.01312 -0.00927 -0.03908
0.010000  0.03268  0.01504 -0.00057  0.01700  0.02710
0.010000 -0.02204 -0.02275 -0.01419 -0.02228 -0.02012
0.010000 -0.03295 -0.02919 -0.01483 -0.03176 -0.02525
0.010000  0.02292  0.00854 -0.00397 -0.01028 -0.00572
0.010000 -0.00790 -0.01487 -0.01040 -0.01306 -0.00434
0.010000  0.01872  0.00301 -0.00522  0.00386  0.01344
0.010000 -0.06988 -0.05772 -0.01783 -0.05520 -0.01021
0.010000 -0.00516 -0.01330 -0.01222  0.00120 -0.00552
0.010000  0.02142  0.02678  0.00371  0.00227  0.00738
0.010000  0.01125  0.02030  0.03668  0.01040  0.01604
0.010000 -0.03697 -0.01172 -0.01420 -0.02611 -0.00909
0.010000 -0.01328 -0.01589  0.00631 -0.00764 -0.01724
