# Scenario generation method from a paper by Hoyland, Kaut & Wallace
# Code by Michal Kaut (michal.kaut@iot.ntnu.n) & Diego Mathieu

#   prob   var  1   var  2   var  3   var  4   var  5
0.010000 -0.00675  0.01646  0.00091 -0.01001 -0.02287
0.010000 -0.00589  0.00673  0.00179  0.06824  0.01137
0.010000 -0.03493  0.00533 -0.00529 -0.01096  0.01092
0.010000 -0.02580 -0.00737 -0.00773  0.00530 -0.00537
0.010000  0.05742  0.02346  0.02419  0.01144  0.02975
0.010000  0.03135  0.01911  0.02306  0.00560  0.00961
0.010000 -0.01883 -0.01740 -0.01017  0.00123 -0.03259
0.010000  0.04237 -0.00016  0.00629  0.07049  0.00879
0.010000 -0.02016  0.00493 -0.02005 -0.01135 -0.04396
0.010000 -0.02667 -0.00476 -0.00245 -0.00375 -0.00086
0.010000  0.01205  0.00400  0.00250  0.00877 -0.02284
0.010000  0.01398  0.00127  0.00701  0.03166  0.00471
0.010000 -0.00067  0.03507 -0.00874 -0.01559 -0.00375
0.010000 -0.01278 -0.00289 -0.01138 -0.00157 -0.00617
0.010000 -0.01020 -0.01148 -0.00839  0.00248  0.01847
0.010000 -0.01796  0.04423 -0.00419 -0.00979 -0.00076
0.010000 -0.02405  0.02012 -0.01116 -0.01444 -0.02362
0.010000 -0.02493 -0.00216 -0.00338 -0.00669  0.00397
0.010000  0.05300  0.04186  0.00982 -0.00219  0.01773
0.010000  0.03013  0.03063  0.00560 -0.00070  0.01937
0.010000  0.04911  0.00713  0.02132  0.02401  0.01827
0.010000  0.00108  0.02275  0.01571 -0.00015  0.00303
0.010000 -0.00848  0.03432  0.00382 -0.00863 -0.02369
0.010000 -0.00934  0.00977  0.00968  0.02510  0.01990
0.010000  0.04085  0.00549 -0.00734  0.00627 -0.00741
0.010000  0.01109  0.03098  0.03313 -0.00330  0.00725
0.010000  0.00645  0.00296  0.00710  0.00570  0.00914
0.010000 -0.00329  0.00331 -0.00891 -0.00495 -0.00467
0.010000  0.02323  0.01404 -0.00747  0.01174  0.00099
0.010000  0.03389  0.01623  0.02123  0.01218  0.00196
0.010000  0.07347  0.02831  0.01013  0.00755  0.02076
0.010000  0.01899  0.04200  0.00039  0.01035  0.02267
0.010000  0.05100  0.01158  0.02518  0.07632 -0.00344
0.010000 -0.00416  0.00995 -0.00071 -0.00427 -0.00006
0.010000 -0.03331  0.08600 -0.00385 -0.02270 -0.00575
0.010000 -0.03499 -0.00326 -0.02005 -0.00155  0.00271
0.010000  0.01695  0.00482 -0.00134  0.00349  0.03193
0.010000 -0.03178 -0.01173  0.00325  0.00081 -0.00705
0.010000  0.03794  0.00202  0.00362  0.01123  0.01035
0.010000 -0.03216  0.03117 -0.00467 -0.01689  0.00044
0.010000 -0.03399 -0.00640 -0.02035 -0.00965 -0.03657
0.010000  0.05990  0.03574  0.03357  0.05231  0.00950
0.010000  0.00285  0.00354 -0.00127 -0.00310 -0.00609
0.010000 -0.00762 -0.00322 -0.01411  0.00083  0.00854
0.010000  0.02215  0.00185  0.00480  0.02853  0.02640
0.010000  0.07877  0.04948  0.03408  0.00796 -0.00223
0.010000  0.06570  0.03213  0.01644  0.01445  0.02705
0.010000  0.01595  0.01046  0.00627  0.06583  0.03050
0.010000  0.01301  0.02634  0.00133  0.00474  0.01270
0.010000 -0.02143  0.00171 -0.00827 -0.00336  0.00356
0.010000 -0.01623 -0.00066 -0.00651 -0.00629  0.00885
0.010000  0.01796  0.01187 -0.00666 -0.00483 -0.00442
0.010000 -0.01106  0.06069 -0.00251 -0.01972 -0.02390
0.010000  0.03521  0.01579  0.01161  0.03254  0.00615
0.010000  0.03937  0.01343  0.01872  0.01186  0.00156
0.010000  0.03656  0.01889  0.00333  0.02652  0.02284
0.010000 -0.02318 -0.00825  0.00986  0.00821 -0.00196
0.010000 -0.02056 -0.00140 -0.01047  0.01505 -0.00538
0.010000  0.04560  0.03563  0.01520 -0.00207 -0.01179
0.010000  0.02892  0.04066 -0.00315 -0.01073  0.01329
0.010000  0.02775  0.00967 -0.00791  0.00965  0.01984
0.010000  0.03261  0.00773  0.00993  0.05800  0.01246
0.010000  0.00374  0.01879 -0.00918  0.01261  0.00090
0.010000 -0.02754 -0.00162  0.00286  0.01214  0.00173
0.010000 -0.03455  0.00502 -0.01449 -0.00956 -0.00535
0.010000  0.02108  0.00248  0.00509  0.01339  0.03577
0.010000  0.00020  0.01230  0.00755 -0.00480 -0.02535
0.010000 -0.01969  0.01820 -0.01547 -0.00560  0.01824
0.010000 -0.03013  0.00269 -0.00661 -0.00477 -0.01929
0.010000 -0.02841  0.00052 -0.03052  0.00647 -0.01542
0.010000  0.04731  0.01130  0.01381  0.02203  0.02001
0.010000  0.06264  0.01415  0.02160  0.02818  0.02896
0.010000  0.00554  0.04498  0.01163 -0.00921 -0.00105
0.010000 -0.02927 -0.00909 -0.01440 -0.00709  0.01550
0.010000  0.00921  0.01757  0.01350 -0.00035 -0.05411
0.010000  0.01496  0.01481  0.01394 -0.00041  0.00145
0.010000 -0.02231 -0.00401 -0.01085 -0.00189  0.00374
0.010000 -0.00155  0.00094 -0.01078  0.00638 -0.00139
0.010000  0.00197  0.01114 -0.00340  0.00094 -0.01383
0.010000 -0.00503  0.00075 -0.01012 -0.00588 -0.01366
0.010000  0.02433  0.02326  0.01559  0.01397  0.03523
0.010000 -0.01451  0.00566 -0.00944 -0.00227 -0.00345
0.010000  0.02659  0.01097  0.00723  0.00535  0.02800
0.010000  0.00828  0.02638  0.00295 -0.01081  0.01893
0.010000  0.02003  0.03224 -0.00071 -0.01142  0.02075
0.010000 -0.03440 -0.00625  0.00512  0.06639 -0.00428
0.010000  0.01015  0.01658 -0.00201  0.01038  0.00524
0.010000 -0.00242 -0.00137  0.00196  0.00594  0.01393
0.010000 -0.01537  0.00292 -0.00008 -0.00578  0.01122
0.010000  0.00736  0.01652  0.00766 -0.00184 -0.02227
0.010000 -0.03257 -0.01561 -0.01161  0.04217  0.00396
0.010000  0.02545  0.01685  0.01470  0.05958  0.02450
0.010000  0.00464  0.01853 -0.00280 -0.01002 -0.02744
0.010000 -0.03096  0.00378 -0.01179 -0.01178 -0.01413
0.010000  0.06923  0.03147  0.01181  0.01227  0.03932
0.010000 -0.01192 -0.00949  0.00185  0.01632  0.00107
0.010000 -0.01364  0.01612 -0.00158 -0.01091  0.01060
0.010000  0.05513  0.03103  0.01744  0.00279  0.02085
0.010000 -0.01710 -0.02718 -0.02392  0.00212  0.01851
0.010000  0.04395  0.05320  0.01178  0.00109  0.02043
