# Scenario generation method from a paper by Hoyland, Kaut & Wallace
# Code by Michal Kaut (michal.kaut@iot.ntnu.n) & Diego Mathieu

#   prob   var  1   var  2   var  3   var  4   var  5
0.010000 -0.02411 -0.01459 -0.01899 -0.01966 -0.04000
0.010000  0.01372  0.00116  0.03805  0.01285 -0.00851
0.010000 -0.00298  0.00132 -0.01112 -0.04058 -0.00445
0.010000  0.00032  0.00252 -0.01051 -0.00621 -0.04308
0.010000  0.00816  0.00245  0.00113  0.00003 -0.04439
0.010000  0.01530  0.00576  0.00497  0.00541 -0.04327
0.010000 -0.03184 -0.01682 -0.02111 -0.00229 -0.04175
0.010000 -0.03064 -0.01215 -0.02056 -0.02212 -0.02415
0.010000 -0.02513 -0.02174  0.05343  0.02994  0.07002
0.010000  0.01186  0.00573  0.01226  0.00723 -0.01504
0.010000 -0.05382 -0.03161 -0.02812 -0.03307 -0.01128
0.010000 -0.01667 -0.00346 -0.01943 -0.01016 -0.02442
0.010000 -0.00942 -0.00645  0.00143  0.00150  0.00935
0.010000 -0.00576 -0.00007 -0.00092  0.00358  0.00299
0.010000 -0.01933 -0.01064  0.00429  0.00081  0.02652
0.010000 -0.00647 -0.00146 -0.00575 -0.00799 -0.00159
0.010000 -0.02214 -0.00697 -0.01973 -0.02844  0.02274
0.010000  0.00407 -0.00434  0.00018 -0.00677 -0.01068
0.010000 -0.00164  0.00004  0.00034  0.00106 -0.01985
0.010000 -0.02025 -0.00553 -0.00824  0.00547  0.04247
0.010000  0.01668  0.00684  0.00898  0.00224  0.02517
0.010000  0.01085  0.00515  0.00616  0.07982 -0.00243
0.010000  0.01600  0.00639  0.06647  0.03519  0.04944
0.010000  0.01538  0.00535  0.02830  0.02079 -0.00232
0.010000  0.01494  0.00647  0.01239  0.00637  0.01914
0.010000 -0.00366  0.00049  0.00272  0.00460  0.00520
0.010000 -0.00435 -0.01605  0.00827  0.01439 -0.04053
0.010000  0.01033  0.00552  0.00127 -0.00128 -0.00127
0.010000 -0.00792 -0.00428  0.00618  0.00288 -0.00900
0.010000  0.00527  0.00155 -0.00224 -0.00875 -0.04513
0.010000 -0.04907 -0.02242 -0.02896 -0.05526 -0.00790
0.010000  0.01415  0.00627  0.00235  0.00168 -0.00327
0.010000 -0.04701 -0.02350 -0.02592 -0.01816 -0.02037
0.010000 -0.02725 -0.00877 -0.01948 -0.02182  0.01615
0.010000 -0.01581 -0.00785 -0.01541 -0.00634 -0.02260
0.010000 -0.01497 -0.00672 -0.01625 -0.01919 -0.04111
0.010000  0.01660  0.00680  0.00306 -0.00279  0.00230
0.010000  0.00703  0.00463  0.00386 -0.00057  0.00965
0.010000 -0.03569 -0.01442 -0.02604 -0.01696 -0.04500
0.010000 -0.02311 -0.00644 -0.01971 -0.01710 -0.01248
0.010000  0.01136  0.00573  0.02148  0.00450  0.01881
0.010000 -0.01333 -0.00293 -0.01635 -0.01876  0.00016
0.010000 -0.04510 -0.02080 -0.02427 -0.01998  0.01347
0.010000 -0.03852 -0.01748 -0.02272 -0.01960  0.00095
0.010000 -0.01843 -0.01429  0.00914  0.00481  0.00820
0.010000 -0.02118 -0.00624 -0.02066 -0.03134  0.03125
0.010000 -0.01754 -0.01495 -0.00808 -0.00287  0.00700
0.010000  0.01657  0.00446  0.02400  0.03377 -0.02493
0.010000  0.00871 -0.00020  0.02431  0.04629 -0.02468
0.010000 -0.00505  0.00090 -0.00976 -0.00949  0.00208
0.010000 -0.00231 -0.00422  0.06241  0.05420  0.06437
0.010000 -0.02835 -0.04796  0.00388  0.01107 -0.00601
0.010000  0.01641  0.00670  0.03381  0.07625  0.01622
0.010000  0.00926  0.00152  0.01940  0.00602 -0.02074
0.010000 -0.02412 -0.00936 -0.01932 -0.01473  0.01560
0.010000 -0.05662 -0.02887 -0.02949 -0.00586 -0.03634
0.010000  0.00284 -0.01340  0.03682  0.02164  0.01039
0.010000 -0.02948 -0.03673  0.02006  0.01971  0.04817
0.010000 -0.03708 -0.03612 -0.01572 -0.01817 -0.01242
0.010000 -0.00719  0.00031  0.01304  0.00247  0.02227
0.010000  0.01082  0.00529 -0.00341  0.00126 -0.04238
0.010000  0.00760  0.00483  0.00109  0.00095 -0.02350
0.010000 -0.03308 -0.06875  0.00930  0.02786 -0.04044
0.010000  0.01445  0.00642 -0.00008 -0.00127 -0.01549
0.010000 -0.00866 -0.00796  0.00220  0.00146  0.04083
0.010000 -0.04163 -0.01881 -0.02607 -0.01370 -0.00613
0.010000  0.00645  0.00228 -0.00515 -0.00536 -0.00247
0.010000  0.00096  0.00137 -0.00552 -0.00560 -0.02318
0.010000 -0.01018 -0.00265 -0.01400 -0.01340 -0.02792
0.010000  0.00980  0.00387  0.01307  0.00401 -0.01269
0.010000  0.01235  0.00515  0.01322  0.00736 -0.03119
0.010000  0.00022  0.00036 -0.00961 -0.00126 -0.03095
0.010000  0.00468  0.00411  0.00529 -0.00181 -0.01707
0.010000  0.00717 -0.00414  0.04373  0.02857  0.04153
0.010000  0.01282  0.00522  0.00552  0.00842 -0.04566
0.010000 -0.01095 -0.00311 -0.01078 -0.00266  0.01458
0.010000 -0.00033  0.00258 -0.00951 -0.00838 -0.01945
0.010000 -0.05979 -0.03334 -0.02970 -0.03659 -0.01712
0.010000 -0.01173 -0.00704  0.00483  0.00486  0.03303
0.010000  0.01594 -0.00143  0.02503  0.01475 -0.02163
0.010000 -0.05133 -0.02900 -0.02817 -0.03610 -0.04378
0.010000 -0.02618 -0.00939 -0.01135 -0.00820  0.03960
0.010000  0.01667  0.00684  0.07122  0.01222  0.07001
0.010000 -0.04331 -0.01808 -0.02717 -0.02407 -0.00786
0.010000 -0.00098  0.00105  0.01483  0.00530  0.00622
0.010000  0.01638  0.00678  0.03067  0.01813  0.02690
0.010000 -0.01414 -0.00238 -0.01377 -0.00548 -0.00070
0.010000  0.01328  0.00392  0.01125  0.00489 -0.00697
0.010000  0.01456  0.00209  0.05297  0.03139  0.02337
0.010000  0.00586  0.00278 -0.00556 -0.01009 -0.03737
0.010000  0.01302  0.00604  0.00270  0.01860 -0.03230
0.010000 -0.06252 -0.06439 -0.01949 -0.03581 -0.00006
0.010000 -0.01252 -0.00212 -0.01542 -0.00412 -0.03284
0.010000  0.00159 -0.00634 -0.00264  0.00498 -0.04171
0.010000 -0.03436 -0.04728 -0.00692  0.00342 -0.04255
0.010000  0.01564  0.00405  0.00522  0.00446 -0.02681
0.010000  0.00222  0.00338  0.02083 -0.00047  0.02492
0.010000  0.01620  0.00386  0.01553  0.00763  0.03746
0.010000 -0.04004 -0.01885 -0.02566 -0.04486 -0.03549
0.010000  0.00346  0.00344 -0.00865  0.00135 -0.03642
