# Scenario generation method from a paper by Hoyland, Kaut & Wallace
# Code by Michal Kaut (michal.kaut@iot.ntnu.n) & Diego Mathieu

#   prob   var  1   var  2   var  3   var  4   var  5
0.010000 -0.06479 -0.01068 -0.03188 -0.00488 -0.00275
0.010000 -0.03762 -0.00430 -0.01607 -0.00241 -0.01802
0.010000  0.03172  0.02425 -0.00925  0.00037 -0.00547
0.010000 -0.03369  0.00492 -0.01125  0.00844  0.00129
0.010000 -0.06194 -0.01225 -0.01953  0.01648 -0.01638
0.010000  0.02774  0.02538  0.01513 -0.01178 -0.00583
0.010000  0.05708  0.06357  0.00105 -0.00132  0.02209
0.010000  0.06084  0.00478  0.00324 -0.00386  0.02671
0.010000  0.01532  0.01608  0.00912 -0.01404  0.00415
0.010000 -0.06508 -0.00848 -0.01287  0.00442 -0.04429
0.010000  0.00599  0.02967  0.01560 -0.00768  0.01643
0.010000  0.01295  0.05220  0.01941 -0.00550 -0.00939
0.010000 -0.06027 -0.01530 -0.03138 -0.00956  0.00400
0.010000  0.00371  0.00946  0.01003 -0.01416 -0.02666
0.010000  0.02516  0.00510  0.00082 -0.00046  0.01326
0.010000 -0.02620  0.01771  0.00673 -0.00449 -0.02385
0.010000 -0.05048 -0.02355 -0.05453 -0.00628 -0.00931
0.010000 -0.01905 -0.02232 -0.01387  0.00300  0.01753
0.010000  0.05337  0.01446  0.00930  0.00803  0.00017
0.010000 -0.01556  0.02817  0.00355  0.01687 -0.00732
0.010000 -0.01788 -0.01480 -0.00208 -0.00652 -0.02485
0.010000  0.04176  0.04399  0.01832 -0.01298 -0.00862
0.010000 -0.01326 -0.01820 -0.01915 -0.00037 -0.04277
0.010000 -0.02022 -0.03759 -0.03136  0.01357  0.01931
0.010000 -0.04597 -0.01836 -0.00373 -0.00327 -0.04805
0.010000  0.05802 -0.01593  0.00859 -0.00439  0.03536
0.010000 -0.00758  0.00137 -0.00810 -0.01111 -0.01796
0.010000  0.00144  0.00746  0.01076 -0.00567  0.01732
0.010000 -0.05798  0.06060 -0.00308 -0.01101 -0.00487
0.010000 -0.00645 -0.05220 -0.00320 -0.00475 -0.01812
0.010000  0.03447  0.00289  0.00780  0.00339  0.00396
0.010000 -0.02989 -0.00180 -0.01867 -0.00621 -0.00281
0.010000  0.00031  0.04095 -0.00217 -0.00536 -0.00438
0.010000 -0.02742 -0.00342 -0.02097  0.00370 -0.00508
0.010000 -0.00532 -0.02915 -0.00073  0.01886 -0.00335
0.010000  0.00714  0.01423 -0.01407  0.00314 -0.00536
0.010000 -0.04310  0.00540 -0.00984  0.00980  0.00052
0.010000  0.04025  0.02820  0.02318  0.00407  0.00697
0.010000 -0.01212  0.05967 -0.00654 -0.01531  0.00629
0.010000 -0.00307 -0.01150  0.00816  0.01999  0.00623
0.010000  0.06251  0.02304  0.01372 -0.00995 -0.01851
0.010000 -0.00871  0.02221 -0.00124 -0.00216  0.01113
0.010000 -0.03629  0.00281  0.00383  0.00203 -0.01555
0.010000  0.02644  0.02897  0.00241  0.00014  0.00922
0.010000  0.05159  0.01661  0.01353  0.01881  0.00530
0.010000  0.03038  0.03183  0.01652  0.02693  0.01052
0.010000  0.03877  0.02834  0.01650 -0.00268 -0.01211
0.010000 -0.05204  0.00632 -0.01141  0.00310 -0.00683
0.010000 -0.03896 -0.03175 -0.00374 -0.00263 -0.03545
0.010000 -0.02378  0.00161 -0.01480 -0.00946 -0.00049
0.010000  0.04815  0.00963  0.00042  0.00345 -0.00277
0.010000  0.04488  0.01520 -0.00689 -0.00415  0.01446
0.010000 -0.05363 -0.00086 -0.00779  0.00714 -0.00709
0.010000  0.02389  0.00685 -0.01928  0.00291 -0.02009
0.010000 -0.04032  0.01909  0.00551 -0.00175 -0.00537
0.010000 -0.04895 -0.03937 -0.03359  0.01181 -0.01967
0.010000 -0.03499  0.01228 -0.03134  0.00098  0.00862
0.010000 -0.03241 -0.00383 -0.00915  0.01282  0.01180
0.010000  0.01061 -0.00218  0.00426  0.01235 -0.00382
0.010000  0.01893  0.00652  0.00426 -0.00416  0.00658
0.010000 -0.02499  0.00444  0.00049 -0.00153 -0.01876
0.010000 -0.05526 -0.01722 -0.02895  0.01793 -0.00300
0.010000  0.05521  0.01442  0.01463  0.01329  0.02051
0.010000  0.04649  0.03297  0.02456  0.00317  0.00649
0.010000  0.00257 -0.00692 -0.00672 -0.00301  0.02050
0.010000 -0.00419  0.03519 -0.01247 -0.00153 -0.00192
0.010000 -0.02140 -0.00675  0.00165 -0.00238 -0.01130
0.010000  0.06344  0.01955  0.01513 -0.00243  0.00708
0.010000  0.02139 -0.00952 -0.01310 -0.00800  0.00149
0.010000 -0.04453  0.01318 -0.01429 -0.00242 -0.02769
0.010000 -0.00195  0.00977  0.00846  0.00601 -0.02802
0.010000  0.02264  0.02700  0.00976  0.00080  0.00996
0.010000 -0.05691 -0.01955 -0.01815 -0.00235 -0.01718
0.010000  0.01178  0.01264 -0.00405  0.01132  0.01923
0.010000  0.01413  0.01141  0.00728  0.00062  0.00412
0.010000 -0.03115  0.00659 -0.00345 -0.01416 -0.03528
0.010000  0.04984  0.07565  0.01678  0.01643  0.03262
0.010000  0.02016  0.02551 -0.01542 -0.01185 -0.01686
0.010000 -0.06351 -0.06836 -0.04272  0.00285 -0.03603
0.010000  0.00485  0.03261  0.01007 -0.00451  0.01621
0.010000 -0.05859 -0.03006 -0.02645  0.00011  0.01363
0.010000  0.03588  0.03545  0.00248  0.00275  0.02519
0.010000 -0.04745 -0.01745 -0.01140  0.00831 -0.02423
0.010000 -0.02259  0.00372  0.00752  0.00562 -0.01709
0.010000 -0.01441  0.03781  0.01284  0.00630 -0.01257
0.010000 -0.01098 -0.02124 -0.01069  0.00181  0.00291
0.010000  0.00945  0.03855  0.00726 -0.00993  0.01158
0.010000  0.04330  0.02622  0.00911 -0.01696 -0.00385
0.010000  0.00829  0.02115  0.00678  0.00665  0.01463
0.010000 -0.02865  0.04386  0.00431 -0.00927 -0.03424
0.010000  0.03731  0.00299  0.01643 -0.00861  0.00493
0.010000 -0.01672 -0.02619 -0.01325  0.02108 -0.02557
0.010000  0.05897  0.00740  0.01746 -0.01266  0.02567
0.010000  0.03309 -0.01500  0.00678 -0.00677  0.00597
0.010000  0.01652 -0.07011 -0.04318  0.00382  0.00147
0.010000 -0.00082  0.01055 -0.03044  0.01037  0.01882
0.010000  0.01772  0.03601  0.00438 -0.00466  0.01559
0.010000  0.02905  0.03390  0.00286 -0.00257 -0.00169
0.010000 -0.00984 -0.01615 -0.00647 -0.00302  0.01351
0.010000 -0.04170 -0.01396 -0.01658 -0.00928 -0.01190
