# Scenario generation method from a paper by Hoyland, Kaut & Wallace
# Code by Michal Kaut (michal.kaut@iot.ntnu.n) & Diego Mathieu

#   prob   var  1   var  2   var  3   var  4   var  5
0.010000  0.00071 -0.00859 -0.00905 -0.00611  0.02656
0.010000 -0.00924 -0.00554 -0.01067 -0.00469  0.05180
0.010000 -0.00175 -0.00662  0.00064 -0.01749  0.06598
0.010000 -0.00756 -0.03161 -0.01687 -0.01260  0.00277
0.010000  0.05112  0.03904  0.01672  0.00818  0.05623
0.010000  0.02346  0.01991  0.02405 -0.00368  0.03508
0.010000  0.02436  0.05328  0.01943  0.00018  0.04059
0.010000 -0.02671 -0.00017 -0.02041 -0.01951 -0.06403
0.010000  0.04861  0.03059  0.01006 -0.00902  0.03969
0.010000  0.01306  0.00613  0.01057  0.00047 -0.00021
0.010000  0.02078  0.02562  0.00520  0.00695 -0.02589
0.010000  0.02998  0.03218  0.02577  0.00232 -0.00957
0.010000 -0.01436 -0.01084 -0.00307 -0.00151 -0.03324
0.010000  0.01559  0.00982  0.03366  0.01224  0.01569
0.010000  0.04492  0.02596  0.02002  0.00383  0.06880
0.010000 -0.02971 -0.04625 -0.01400 -0.00697  0.01652
0.010000  0.03496  0.03778  0.02139 -0.00844  0.08161
0.010000  0.01903  0.04494  0.00876  0.00478  0.04245
0.010000 -0.02230  0.00099  0.00493 -0.00127 -0.03176
0.010000 -0.00506 -0.01697  0.01490  0.01109  0.04080
0.010000 -0.00258 -0.01874  0.01860 -0.04161  0.04373
0.010000  0.00644 -0.01181 -0.01366 -0.03398  0.01195
0.010000  0.02620  0.02598 -0.00599 -0.03527 -0.00730
0.010000  0.05417  0.01810  0.03176  0.01959  0.01253
0.010000 -0.00589 -0.00700 -0.02661 -0.03776  0.02787
0.010000  0.01644 -0.00531  0.03507  0.00929  0.03724
0.010000  0.03920  0.01433  0.02519  0.00633  0.06120
0.010000  0.02807  0.02585  0.02999  0.00916  0.00781
0.010000  0.03193 -0.02149  0.03560  0.00498  0.08051
0.010000 -0.01264 -0.02072 -0.01328 -0.00875  0.00127
0.010000  0.02713  0.02038  0.02673  0.01500 -0.02169
0.010000 -0.02980 -0.02207 -0.02516 -0.02301 -0.00475
0.010000  0.05345  0.02773  0.05158  0.02995  0.00286
0.010000  0.01056 -0.01329 -0.00831  0.00065  0.01813
0.010000 -0.02319  0.00144 -0.01348 -0.00450 -0.02855
0.010000  0.04374  0.05107  0.02081  0.00500  0.00590
0.010000  0.03704  0.07200  0.02705  0.01207  0.04521
0.010000  0.03811  0.04415  0.02378  0.00819 -0.04695
0.010000 -0.02908 -0.00945 -0.01426 -0.00390  0.03360
0.010000 -0.00093  0.00300 -0.00395 -0.01122  0.05223
0.010000 -0.01874 -0.06289 -0.02992 -0.01570 -0.03516
0.010000  0.02167  0.01240  0.02502  0.00546  0.01451
0.010000  0.04613  0.03350  0.01409  0.00826  0.00645
0.010000  0.00317 -0.02739 -0.00957 -0.01219  0.05284
0.010000  0.03393  0.03533  0.00804  0.00720  0.02939
0.010000 -0.00340 -0.00392 -0.01810 -0.01293 -0.03891
0.010000 -0.02585 -0.05602 -0.01143 -0.00037  0.01993
0.010000  0.00563 -0.03246  0.00881  0.01029  0.01451
0.010000 -0.02140 -0.04529  0.00289 -0.01662  0.05646
0.010000  0.00153 -0.05833  0.02328  0.01817  0.06180
0.010000 -0.02408 -0.07254 -0.00899  0.00220  0.05002
0.010000 -0.01179 -0.03385  0.00067 -0.01811  0.05407
0.010000 -0.01523 -0.00045  0.01257  0.00403  0.01765
0.010000  0.00973  0.02547  0.01641 -0.00291 -0.01542
0.010000  0.01474  0.00501 -0.01225 -0.00331  0.00260
0.010000  0.00235  0.01283  0.00313 -0.00258  0.05351
0.010000  0.02256  0.04023  0.02636  0.00350  0.05078
0.010000 -0.01610  0.00401 -0.01959 -0.01908 -0.06634
0.010000  0.03599  0.02734  0.02746  0.01777  0.03672
0.010000 -0.03031 -0.00960 -0.01744 -0.00653 -0.01426
0.010000 -0.00011 -0.04135 -0.01127 -0.03696  0.00892
0.010000  0.03293  0.01795  0.03104  0.00261  0.08192
0.010000  0.04257  0.03856  0.04177  0.02431  0.02606
0.010000  0.00481 -0.01614  0.00125  0.00572  0.01509
0.010000 -0.02834 -0.01669 -0.00336 -0.01111  0.04494
0.010000  0.04736  0.02524  0.00615  0.00598  0.03641
0.010000  0.01222 -0.01621  0.00478  0.00564 -0.03414
0.010000  0.04030  0.02626  0.01299  0.00900 -0.01966
0.010000  0.00891 -0.00596  0.03349  0.01368  0.05909
0.010000 -0.02761 -0.02728 -0.01470 -0.04660  0.01331
0.010000 -0.02755 -0.05912 -0.02362 -0.03234  0.01401
0.010000 -0.01009 -0.02950  0.00741  0.00610  0.03642
0.010000 -0.01350 -0.02521 -0.02199 -0.01090  0.02704
0.010000  0.01139 -0.01327  0.00392 -0.00176  0.07311
0.010000 -0.00840 -0.01461 -0.01104 -0.02766  0.04256
0.010000 -0.01527 -0.03481 -0.02556 -0.05208 -0.00828
0.010000  0.01390 -0.01732  0.02606  0.01214  0.02275
0.010000  0.01816 -0.02016  0.02428  0.01767 -0.05883
0.010000  0.02902 -0.00396  0.01405  0.01139  0.02879
0.010000 -0.00423  0.00952  0.00161  0.00317 -0.03442
0.010000  0.02528  0.03455  0.02411  0.01107 -0.00019
0.010000  0.04987  0.07947  0.03158  0.00278  0.02264
0.010000  0.04143  0.02333  0.01649  0.01231 -0.04353
0.010000  0.01990  0.03206  0.00638  0.00536 -0.03284
0.010000 -0.02497 -0.01062 -0.00841 -0.00021 -0.00864
0.010000 -0.02051 -0.02800 -0.01476 -0.00877  0.01433
0.010000  0.05427  0.04810  0.05095  0.02233  0.03473
0.010000  0.00726 -0.00945  0.01526  0.00532  0.02769
0.010000 -0.00673 -0.01999 -0.01716 -0.00539  0.01226
0.010000  0.04742  0.04852  0.01115  0.00978 -0.00387
0.010000 -0.01698 -0.05606  0.00121  0.00616  0.01709
0.010000 -0.03017  0.01435 -0.02824 -0.02841 -0.03179
0.010000  0.01730  0.02314  0.02485  0.01098  0.05685
0.010000  0.00808 -0.02751  0.01290  0.01235  0.03604
0.010000  0.05234  0.02862  0.02423 -0.00245 -0.02012
0.010000  0.03095  0.01729  0.00109 -0.01212 -0.03709
0.010000 -0.01094 -0.03385  0.01944  0.01255  0.04306
0.010000 -0.01785 -0.05039 -0.01741 -0.02791  0.01223
0.010000 -0.01962  0.01666  0.00313  0.00309  0.00277
0.010000  0.00399  0.00271  0.00251  0.00454  0.04072
