# Scenario generation method from a paper by Hoyland, Kaut & Wallace
# Code by Michal Kaut (michal.kaut@iot.ntnu.n) & Diego Mathieu

#   prob   var  1   var  2   var  3   var  4   var  5
0.010000  0.00098 -0.00167 -0.00718 -0.00219  0.00029
0.010000  0.01696 -0.01130  0.00151  0.01860 -0.01473
0.010000 -0.02010 -0.00580 -0.01960 -0.00753 -0.02252
0.010000 -0.01408  0.00566 -0.02415 -0.00225 -0.02703
0.010000 -0.02301 -0.01959 -0.00402 -0.03225 -0.00331
0.010000 -0.01032 -0.03045 -0.02120 -0.02435 -0.00413
0.010000 -0.02377 -0.00687  0.00746 -0.01341  0.00544
0.010000 -0.01940 -0.02039 -0.01101 -0.02361 -0.02231
0.010000 -0.00162 -0.01948  0.00639  0.01564 -0.01248
0.010000 -0.04422 -0.02013 -0.01072 -0.02812 -0.00224
0.010000  0.00730  0.00239  0.00726  0.01172 -0.02042
0.010000 -0.00289 -0.02145 -0.00382  0.00207 -0.01308
0.010000 -0.00098  0.01024 -0.00214  0.01018  0.01157
0.010000  0.05672  0.04950 -0.00839  0.02474  0.00849
0.010000 -0.04100 -0.02497  0.03371 -0.02411 -0.01591
0.010000 -0.04813 -0.04420 -0.00226 -0.07069  0.00938
0.010000 -0.03151 -0.04032 -0.00768 -0.02161 -0.01674
0.010000  0.03243  0.05937  0.00321 -0.00542  0.02159
0.010000 -0.01669 -0.02390 -0.01842 -0.02494 -0.02376
0.010000  0.03005  0.01785 -0.01084  0.00980  0.02562
0.010000  0.01046  0.00855  0.01238  0.00323  0.00414
0.010000  0.00369  0.01817 -0.02523 -0.02347 -0.00729
0.010000  0.02456 -0.01024 -0.02480  0.01552  0.00298
0.010000  0.00806  0.03169 -0.01968 -0.01280  0.01147
0.010000  0.04429  0.03218 -0.01434  0.02221  0.00198
0.010000 -0.02454  0.00270 -0.02904 -0.02225 -0.00826
0.010000 -0.04607 -0.04141 -0.00079 -0.05555 -0.01606
0.010000 -0.01735  0.00132 -0.03887 -0.02825 -0.00589
0.010000  0.00439 -0.01431 -0.00053 -0.00493 -0.02352
0.010000  0.00032 -0.02548 -0.01828 -0.04144 -0.01541
0.010000  0.02619  0.00228  0.00569  0.01378 -0.00675
0.010000 -0.06084 -0.06326 -0.00810 -0.05583 -0.03934
0.010000 -0.01156 -0.02820 -0.00266 -0.03287 -0.00798
0.010000 -0.02081 -0.00618 -0.01101 -0.02508  0.00520
0.010000  0.03529  0.02462 -0.00708  0.01964  0.03093
0.010000 -0.03054 -0.03992 -0.01532 -0.03254 -0.02539
0.010000 -0.00847 -0.00707 -0.03745 -0.00412 -0.02646
0.010000  0.01919 -0.00596  0.04165  0.02237  0.00026
0.010000 -0.01537  0.00545 -0.00532  0.00114 -0.00876
0.010000 -0.00785  0.00011  0.00139 -0.01030 -0.01830
0.010000 -0.00352 -0.01690 -0.05400 -0.02578 -0.01956
0.010000 -0.01871 -0.03577 -0.02267 -0.02990 -0.01557
0.010000 -0.00225 -0.01338  0.01605  0.01272 -0.01922
0.010000  0.01305  0.03390 -0.01114  0.01915 -0.01003
0.010000  0.01130 -0.01664 -0.02924 -0.01147 -0.02196
0.010000 -0.00970 -0.02275 -0.00819 -0.01435 -0.02809
0.010000  0.01805  0.01027 -0.00905  0.01338 -0.01283
0.010000 -0.03463 -0.03463  0.00018 -0.01114 -0.02969
0.010000 -0.00033  0.01364 -0.00404  0.00706  0.02508
0.010000 -0.02153  0.00365  0.01188  0.00291 -0.00811
0.010000  0.02040  0.04661  0.00895  0.01839  0.00105
0.010000  0.00884 -0.01612  0.00868  0.01004 -0.02693
0.010000 -0.00724  0.00147  0.00818  0.01338 -0.02549
0.010000 -0.03823 -0.03491 -0.01145 -0.03063 -0.02636
0.010000  0.03897  0.00579 -0.01423  0.02121  0.00528
0.010000 -0.02871 -0.04100 -0.01176 -0.03211 -0.01978
0.010000 -0.02226 -0.02412  0.01390 -0.00777  0.01128
0.010000  0.01397  0.03025 -0.03104 -0.02073 -0.00714
0.010000  0.01493 -0.00169 -0.01330  0.01063 -0.01943
0.010000 -0.00414  0.01007  0.02896  0.01734 -0.02090
0.010000 -0.01603 -0.01011 -0.01777 -0.02565 -0.00819
0.010000 -0.01094  0.00032 -0.02173  0.00159 -0.02382
0.010000  0.00165 -0.02494 -0.02179 -0.01903 -0.01634
0.010000  0.00510 -0.02112 -0.01229 -0.00809 -0.01906
0.010000  0.02168 -0.00485 -0.03250 -0.00736  0.00914
0.010000  0.00232  0.02267 -0.00015 -0.02569  0.01547
0.010000 -0.05047  0.03569 -0.00831 -0.04498  0.00229
0.010000 -0.02961 -0.00072 -0.01041 -0.00924 -0.00902
0.010000 -0.00600 -0.01980 -0.00395 -0.00036 -0.01434
0.010000 -0.00538  0.01208 -0.00055  0.01099  0.00211
0.010000  0.00655  0.01382 -0.00358 -0.00616  0.00504
0.010000  0.00300 -0.01888  0.01123  0.01824  0.00230
0.010000 -0.02615  0.00259 -0.01069 -0.00833  0.00203
0.010000 -0.00908 -0.01716 -0.00345  0.00913  0.01044
0.010000 -0.01803 -0.03491 -0.00696 -0.00274 -0.02343
0.010000 -0.00476 -0.02694  0.01749  0.00247  0.00564
0.010000 -0.05321 -0.05195 -0.02859 -0.07330  0.00696
0.010000 -0.03251 -0.03068  0.01170 -0.00250 -0.01439
0.010000  0.00582  0.03266 -0.00105 -0.00998  0.01001
0.010000  0.02800  0.05639  0.01192  0.02352 -0.01362
0.010000 -0.01345 -0.01140 -0.03123 -0.00913 -0.01013
0.010000 -0.05653 -0.03441 -0.00121 -0.06599 -0.01076
0.010000 -0.04255 -0.00852 -0.00947 -0.06084  0.00540
0.010000 -0.03577 -0.00389  0.01403 -0.00277 -0.00598
0.010000 -0.02698  0.00348  0.01503  0.00424  0.02915
0.010000 -0.03355 -0.04266 -0.00069 -0.04254 -0.01618
0.010000 -0.01219 -0.00406  0.01791  0.01240 -0.02348
0.010000 -0.08224 -0.05974 -0.02716 -0.07255 -0.02342
0.010000 -0.03696 -0.04462 -0.02478 -0.04064 -0.02117
0.010000 -0.01473 -0.03134  0.00452 -0.00076 -0.02551
0.010000 -0.02783  0.00222  0.01715  0.00309 -0.02234
0.010000 -0.00662 -0.02976  0.01546  0.00556 -0.00851
0.010000 -0.02534 -0.01424 -0.02553 -0.03775 -0.00534
0.010000  0.02306  0.02052  0.00538  0.02098 -0.01531
0.010000 -0.01281 -0.01684 -0.00087 -0.02536 -0.01456
0.010000 -0.03957 -0.01209  0.02667 -0.01531 -0.00898
0.010000  0.01592  0.03682 -0.00039 -0.00675  0.00616
0.010000  0.00964 -0.00169 -0.01965  0.00203  0.00656
0.010000 -0.06716 -0.02738  0.02170 -0.06143  0.01472
0.010000  0.01216 -0.01767  0.02467  0.02045 -0.03007
