# Scenario generation method from a paper by Hoyland, Kaut & Wallace
# Code by Michal Kaut (michal.kaut@iot.ntnu.n) & Diego Mathieu

#   prob   var  1   var  2   var  3   var  4   var  5
0.010000  0.00103 -0.06114 -0.02672 -0.00765  0.02865
0.010000 -0.01996  0.00912 -0.00806 -0.00855 -0.01615
0.010000 -0.00595 -0.02359 -0.01534  0.01542  0.05681
0.010000  0.03667  0.01463  0.01789  0.00051  0.02654
0.010000  0.00014  0.00923 -0.00230 -0.01445 -0.01238
0.010000 -0.05119 -0.04662 -0.03872 -0.01883 -0.05699
0.010000  0.01758  0.00212  0.00235 -0.00666  0.01891
0.010000 -0.04930 -0.04553 -0.02729 -0.01348 -0.02467
0.010000 -0.03515 -0.03763 -0.00844 -0.00742 -0.05793
0.010000  0.01542  0.05277  0.01969 -0.00185 -0.03377
0.010000  0.00282  0.02206  0.00045  0.01716  0.00722
0.010000 -0.02088 -0.01030 -0.01348 -0.00974 -0.05827
0.010000  0.01436 -0.01420 -0.00398  0.03311  0.03159
0.010000 -0.03634 -0.04847 -0.02921 -0.01476 -0.05475
0.010000  0.01983  0.00831  0.00402  0.01123  0.00311
0.010000  0.04752  0.00141  0.01722  0.02722  0.06712
0.010000 -0.01548  0.01800 -0.00786  0.00335  0.03752
0.010000  0.04264  0.03213  0.03875  0.01463  0.06186
0.010000  0.05039  0.03974  0.05353  0.02317  0.06537
0.010000  0.00935 -0.00711 -0.00493  0.01755  0.00990
0.010000 -0.01460  0.00133 -0.01422  0.05548  0.00552
0.010000 -0.03400 -0.01572  0.00518 -0.00070 -0.03075
0.010000  0.01869  0.04399  0.02368  0.01543 -0.00784
0.010000 -0.04755 -0.03602 -0.02452 -0.00965 -0.00440
0.010000 -0.00422  0.00711  0.00006 -0.01355 -0.01012
0.010000 -0.00939 -0.01322 -0.01487 -0.01250 -0.05344
0.010000 -0.00249  0.01315 -0.00463 -0.01476 -0.05704
0.010000 -0.01905 -0.01843 -0.01670 -0.01654 -0.06272
0.010000 -0.01198 -0.00828 -0.01476  0.03164  0.05982
0.010000  0.01649  0.05894  0.02804  0.00669 -0.04121
0.010000 -0.01111 -0.00723 -0.01176 -0.01198 -0.05136
0.010000  0.03168  0.02080  0.01540  0.00167  0.05551
0.010000  0.03326  0.02087  0.02074  0.00545  0.00698
0.010000  0.00744 -0.03862 -0.01584 -0.01081 -0.04256
0.010000  0.02468  0.01743  0.01078  0.02529  0.03769
0.010000  0.01333  0.04733  0.01549  0.05007  0.04079
0.010000  0.00556  0.01929  0.00188  0.05072  0.04106
0.010000 -0.04147  0.03750 -0.00959 -0.01887 -0.06111
0.010000 -0.05805 -0.06010 -0.01302 -0.00278 -0.05815
0.010000 -0.02465 -0.05357 -0.02053  0.02176 -0.02359
0.010000  0.03852  0.04562  0.04259  0.08744  0.06471
0.010000  0.02100  0.02830  0.01116 -0.00416  0.00585
0.010000  0.02219  0.02055  0.00946 -0.00237  0.04797
0.010000 -0.04436 -0.03450 -0.04426 -0.00141  0.00701
0.010000 -0.05324 -0.01084 -0.03694 -0.00781 -0.03028
0.010000 -0.03178 -0.07449 -0.03625 -0.00859 -0.04158
0.010000  0.04496  0.05861  0.04480  0.03817  0.03737
0.010000  0.00464 -0.03149 -0.00579 -0.00845 -0.01628
0.010000 -0.05550 -0.04131 -0.00680 -0.00138 -0.01569
0.010000 -0.02965 -0.02535 -0.01037 -0.01234  0.00182
0.010000 -0.02562 -0.01882 -0.01860 -0.01816 -0.06608
0.010000 -0.02761 -0.03887 -0.01488 -0.01330  0.02294
0.010000 -0.04012 -0.01290 -0.00109 -0.00634 -0.05374
0.010000 -0.00853 -0.00795 -0.01220 -0.01703  0.01926
0.010000 -0.01815  0.01299 -0.01119 -0.01073 -0.03042
0.010000  0.00839  0.03184  0.01072 -0.00270  0.00742
0.010000  0.04050  0.02919  0.02327 -0.00059 -0.00346
0.010000 -0.02181 -0.00531  0.00914  0.00171 -0.01193
0.010000 -0.00162 -0.02949 -0.00465 -0.01101 -0.03194
0.010000 -0.03756 -0.00567 -0.00271 -0.00766 -0.04089
0.010000 -0.01725  0.01254 -0.00575 -0.01366 -0.00791
0.010000  0.02342  0.02728  0.01165 -0.00993 -0.04041
0.010000 -0.02661 -0.02803 -0.00980  0.00097  0.04544
0.010000 -0.01372 -0.01686 -0.01400 -0.01434 -0.04495
0.010000 -0.00509 -0.03061 -0.00428  0.00230 -0.04249
0.010000  0.06251  0.05394  0.07472  0.06974  0.07321
0.010000  0.01231  0.01223  0.00195  0.00920 -0.00646
0.010000  0.06941  0.06349  0.08045  0.03324  0.05268
0.010000 -0.03881 -0.02037 -0.00090  0.02892  0.01731
0.010000  0.00192  0.00786 -0.00453 -0.01312  0.01232
0.010000 -0.00336  0.03244  0.00340 -0.00257 -0.05072
0.010000 -0.02862 -0.00699 -0.02440 -0.02017 -0.03200
0.010000 -0.00767 -0.02714 -0.01282 -0.00472 -0.05042
0.010000  0.05760  0.02425  0.04375  0.02855  0.05616
0.010000  0.02599 -0.00070  0.00596  0.00717 -0.00497
0.010000  0.03492  0.00934  0.01381 -0.00287 -0.02830
0.010000  0.02733  0.00535  0.00667 -0.00704  0.01640
0.010000 -0.06948 -0.02784 -0.02085 -0.00902 -0.02494
0.010000 -0.04591 -0.01492 -0.03723 -0.01961 -0.07202
0.010000 -0.06463 -0.04736 -0.01092 -0.00096 -0.05661
0.010000 -0.01025 -0.02809 -0.00999 -0.00575 -0.03310
0.010000 -0.03288 -0.00862 -0.01421 -0.00215 -0.05598
0.010000 -0.02369 -0.02848 -0.02713  0.03177  0.02178
0.010000 -0.00074 -0.02284 -0.01289 -0.01000  0.01256
0.010000  0.01131  0.01073  0.00082 -0.01165  0.01218
0.010000 -0.02274 -0.04325 -0.02470 -0.00039 -0.04815
0.010000  0.00373 -0.00105 -0.00559 -0.00923 -0.03226
0.010000 -0.07889 -0.06029 -0.03586 -0.01426 -0.05870
0.010000  0.03017  0.02708  0.01550 -0.00567  0.01311
0.010000 -0.04288  0.00601 -0.00457 -0.01151 -0.01632
0.010000  0.02873  0.00378  0.00795  0.03393  0.04225
0.010000  0.00649  0.02272  0.00258 -0.01126  0.02237
0.010000  0.05369  0.01944  0.03094  0.00509  0.05512
0.010000  0.01032  0.06151  0.01781  0.00471 -0.00712
0.010000  0.08429  0.11060  0.04668  0.04330  0.04682
0.010000 -0.01636  0.00676 -0.00873 -0.01717 -0.00732
0.010000 -0.06102 -0.07420 -0.01903  0.01055  0.00362
0.010000 -0.01285 -0.01135 -0.00886 -0.00660  0.00684
0.010000 -0.00681 -0.00304 -0.00658 -0.01495 -0.05901
0.010000 -0.03071 -0.02681 -0.01115 -0.01116 -0.05560
