# Scenario generation method from a paper by Hoyland, Kaut & Wallace
# Code by Michal Kaut (michal.kaut@iot.ntnu.n) & Diego Mathieu

#   prob   var  1   var  2   var  3   var  4   var  5
0.010000  0.01657  0.00798  0.00231 -0.00780 -0.03129
0.010000 -0.01497 -0.00491 -0.01189 -0.00112 -0.00521
0.010000 -0.05979 -0.03423 -0.03223 -0.03489 -0.02978
0.010000 -0.01095 -0.00462 -0.01239 -0.01675 -0.02019
0.010000  0.01186 -0.00022  0.05180  0.03339  0.02506
0.010000 -0.01252 -0.00597  0.01285  0.00125  0.03551
0.010000  0.00586  0.00238 -0.00645 -0.02144 -0.04024
0.010000  0.01235  0.00350  0.07348  0.02819  0.05944
0.010000 -0.01667 -0.00634 -0.00861 -0.01123  0.01362
0.010000  0.01328  0.00828 -0.00149  0.00146 -0.03111
0.010000  0.01667  0.00848  0.03226  0.01635  0.00448
0.010000 -0.04004 -0.01571 -0.02802 -0.06364  0.02312
0.010000  0.01302  0.00758  0.00139 -0.00923  0.00458
0.010000  0.01372  0.00334  0.02563  0.04239 -0.01630
0.010000  0.01564  0.00569  0.00152 -0.00044 -0.03494
0.010000 -0.03184 -0.01224 -0.02596 -0.00683 -0.05683
0.010000  0.00703  0.00530 -0.00391  0.00351 -0.00573
0.010000  0.01638  0.00998  0.00457  0.00152 -0.01212
0.010000 -0.04163 -0.01636 -0.02868 -0.02996 -0.02537
0.010000  0.00407  0.00099  0.02167  0.02538  0.01448
0.010000  0.01594 -0.00046  0.05394  0.03952  0.03264
0.010000 -0.02214 -0.00804  0.01782 -0.00081  0.06350
0.010000  0.01136  0.00323  0.00938  0.01183 -0.02639
0.010000 -0.02618 -0.01870 -0.01364 -0.01574 -0.01155
0.010000  0.00468  0.00079 -0.00727 -0.00043 -0.02985
0.010000 -0.04510 -0.02800 -0.01680 -0.02469  0.02779
0.010000 -0.04701 -0.06370  0.01681  0.02585  0.03295
0.010000  0.00527  0.00125  0.00562  0.00036  0.00008
0.010000  0.01282  0.00248  0.00019 -0.00650 -0.03442
0.010000  0.00926 -0.00018  0.04070  0.03289  0.01659
0.010000 -0.01581 -0.00697 -0.00839 -0.00822  0.00099
0.010000 -0.01173 -0.00335 -0.00931 -0.00831 -0.01843
0.010000  0.00717  0.00491 -0.00044  0.03200 -0.02415
0.010000 -0.00164  0.00107 -0.00853 -0.00655 -0.03039
0.010000  0.01082  0.00644  0.00589  0.00198 -0.01807
0.010000 -0.01933 -0.00720 -0.01904 -0.01396 -0.04267
0.010000 -0.03852 -0.06284 -0.00133  0.00305 -0.01214
0.010000  0.01660 -0.00187  0.03390  0.02360 -0.03564
0.010000  0.00816  0.00425 -0.00523 -0.00481 -0.00879
0.010000 -0.00505 -0.00145 -0.01448 -0.01150 -0.04909
0.010000  0.00159 -0.03262  0.03297  0.05363 -0.04095
0.010000 -0.03436 -0.03168 -0.01598 -0.01425 -0.01186
0.010000 -0.02835 -0.01157 -0.00936 -0.01004  0.01261
0.010000 -0.03308 -0.01232 -0.02580 -0.02549 -0.02340
0.010000 -0.00435 -0.01240  0.00478  0.02015 -0.02270
0.010000 -0.00366 -0.00759  0.01236 -0.00600  0.00086
0.010000  0.00032  0.00162  0.00370 -0.00391  0.00792
0.010000 -0.05382 -0.02366 -0.03339 -0.03947 -0.02376
0.010000 -0.02025 -0.00774 -0.01671 -0.01958 -0.00373
0.010000  0.01415  0.00596 -0.00204 -0.01266 -0.06271
0.010000 -0.00647 -0.00107 -0.00600 -0.00642 -0.00203
0.010000 -0.02311 -0.01165 -0.00538 -0.00874  0.04495
0.010000  0.01085 -0.00127  0.01218 -0.00069 -0.03998
0.010000 -0.00866 -0.00231 -0.00969 -0.00701 -0.02439
0.010000  0.01641  0.00589  0.04651  0.02170  0.01093
0.010000 -0.01754 -0.00582 -0.01745 -0.00942 -0.01399
0.010000  0.00022 -0.00403  0.04268  0.02728  0.04675
0.010000 -0.02411 -0.00842 -0.01456 -0.00990 -0.01612
0.010000  0.01445  0.00981  0.01322  0.01542  0.01591
0.010000 -0.01843 -0.00637 -0.00609 -0.00352  0.00001
0.010000 -0.04907 -0.03258 -0.02310 -0.02224 -0.02666
0.010000 -0.01018 -0.00351 -0.01615 -0.01951 -0.01534
0.010000  0.01033  0.00734 -0.00566  0.00243 -0.03709
0.010000 -0.02118 -0.00713 -0.01808 -0.00926  0.00542
0.010000 -0.04331 -0.02087 -0.02404 -0.02973 -0.01153
0.010000  0.00096 -0.00327  0.00437  0.00906 -0.01228
0.010000 -0.02513 -0.00898 -0.01395 -0.00954  0.00326
0.010000  0.00222  0.00294 -0.00965 -0.01070  0.02148
0.010000  0.01456  0.00327  0.00225  0.01054 -0.00675
0.010000  0.00284  0.00237  0.00214  0.09151 -0.01416
0.010000 -0.03064 -0.01531 -0.02322 -0.02798 -0.03753
0.010000 -0.05133 -0.02605 -0.03336 -0.03027 -0.04219
0.010000 -0.03708 -0.03116 -0.01518 -0.01535 -0.00341
0.010000  0.01668  0.01116  0.02131  0.00867  0.03434
0.010000 -0.00576 -0.00077  0.06902  0.04029  0.06984
0.010000  0.00346 -0.00300  0.02151  0.02172 -0.01790
0.010000 -0.00942 -0.00593 -0.01142 -0.01399 -0.01995
0.010000  0.01494 -0.00840  0.04411  0.02406 -0.02026
0.010000  0.01530  0.00173  0.02119  0.00562  0.00150
0.010000 -0.00792 -0.00193  0.01703  0.00808  0.05768
0.010000 -0.01333 -0.00892 -0.00152  0.00942  0.00164
0.010000  0.00645  0.00163  0.00608  0.00415  0.02221
0.010000 -0.00298 -0.00007 -0.00731  0.00489 -0.02893
0.010000  0.00980  0.00704 -0.00804 -0.02002 -0.00851
0.010000 -0.02725 -0.01273 -0.02043 -0.00780 -0.03348
0.010000 -0.00098 -0.00003 -0.00729 -0.01516 -0.02257
0.010000 -0.00231  0.00071 -0.01249  0.02078 -0.01405
0.010000  0.01538 -0.00171  0.01689  0.01065  0.00011
0.010000 -0.03569 -0.04790 -0.00690 -0.00983 -0.02468
0.010000 -0.00033 -0.00280  0.00085  0.01934 -0.02510
0.010000  0.00760  0.00388  0.03018  0.01932  0.03644
0.010000 -0.02412 -0.00947 -0.01258 -0.01088 -0.00743
0.010000  0.00871  0.00489  0.00104  0.01086 -0.00369
0.010000 -0.01414 -0.00466 -0.00467 -0.01217 -0.00907
0.010000  0.01600  0.00957  0.00501  0.00300 -0.01424
0.010000 -0.05662 -0.02605 -0.02534 -0.02096  0.02303
0.010000 -0.06252 -0.06041 -0.03008 -0.02754 -0.04860
0.010000 -0.02948 -0.01230 -0.01614 -0.01618 -0.01103
0.010000 -0.00719 -0.00520  0.00392  0.00255 -0.01126
0.010000  0.01620  0.00824  0.01334  0.00470  0.00218
