# Scenario generation method from a paper by Hoyland, Kaut & Wallace
# Code by Michal Kaut (michal.kaut@iot.ntnu.n) & Diego Mathieu

#   prob   var  1   var  2   var  3   var  4   var  5
0.010000  0.03568  0.00747  0.01305  0.07250 -0.00146
0.010000  0.08427  0.03561  0.03336  0.02370  0.03399
0.010000 -0.02832  0.00344 -0.00967 -0.00475 -0.01658
0.010000  0.06570  0.03618  0.03665  0.06369  0.05132
0.010000 -0.03047  0.01586  0.01362 -0.00607  0.01044
0.010000 -0.02170  0.02188 -0.00276 -0.00876  0.01381
0.010000  0.04121  0.01528  0.00291 -0.00137  0.02598
0.010000  0.00211 -0.00818  0.00665  0.02078  0.01795
0.010000 -0.00609  0.01167 -0.00067  0.05685  0.03199
0.010000  0.01362  0.04206  0.00382 -0.01126  0.00109
0.010000  0.03399  0.02822 -0.00471 -0.00743 -0.00075
0.010000 -0.02675 -0.00830 -0.00357  0.01707 -0.00058
0.010000  0.02219 -0.00524  0.01727  0.06710  0.02139
0.010000  0.02089  0.00929 -0.01104 -0.00297  0.02942
0.010000 -0.02992 -0.01120 -0.00609  0.00288 -0.03802
0.010000 -0.01886 -0.00720 -0.00332  0.00224  0.02334
0.010000 -0.02100 -0.00219 -0.01334 -0.00253 -0.03257
0.010000  0.01961  0.00861  0.01357  0.07179  0.03869
0.010000  0.03077  0.00142  0.00448  0.01151 -0.00620
0.010000  0.07596  0.02962  0.03073  0.07027  0.01767
0.010000  0.00710 -0.00683  0.00206  0.01234 -0.00134
0.010000 -0.02371 -0.00973 -0.01359  0.02775 -0.01529
0.010000 -0.02005  0.02584 -0.01188 -0.01071 -0.00551
0.010000 -0.02305  0.02589 -0.00567 -0.01031 -0.03361
0.010000  0.04322  0.01400  0.02393  0.07371  0.00945
0.010000  0.05000  0.02089  0.01015 -0.00175  0.05688
0.010000  0.00406  0.02070 -0.00165 -0.00689  0.00528
0.010000 -0.00780  0.00574 -0.01147 -0.00415  0.02668
0.010000 -0.01738 -0.00947 -0.00650  0.00355 -0.04545
0.010000  0.03235  0.03126  0.00126 -0.00775  0.01971
0.010000 -0.02669  0.02985 -0.01639 -0.01235 -0.00916
0.010000 -0.01587 -0.01018 -0.00538  0.03071 -0.00058
0.010000  0.02775  0.00685  0.00121  0.00104  0.03154
0.010000 -0.01353  0.02458 -0.00822 -0.00970  0.00227
0.010000  0.02490  0.02263  0.02252 -0.00083  0.02543
0.010000  0.06182  0.03364  0.02045 -0.00415  0.02176
0.010000 -0.02827 -0.01133  0.00231  0.00713  0.00058
0.010000 -0.02783 -0.00006  0.01990  0.01203 -0.00164
0.010000 -0.01510 -0.00660 -0.01245  0.00038 -0.01809
0.010000 -0.02879 -0.00987 -0.01251  0.00971 -0.00509
0.010000  0.05842  0.01500  0.01784  0.00948 -0.00203
0.010000  0.01714 -0.00521  0.00075  0.01285  0.02385
0.010000  0.04535  0.01420  0.00006 -0.00092  0.01763
0.010000 -0.02030 -0.01088 -0.00379  0.01205  0.00228
0.010000  0.01028 -0.00645  0.01651  0.04749 -0.01877
0.010000  0.00814 -0.00549 -0.01177  0.06227  0.00847
0.010000 -0.00435  0.01668 -0.01211 -0.00744 -0.01349
0.010000 -0.02435  0.05335  0.00144 -0.01551 -0.03615
0.010000 -0.01113 -0.00841  0.00530  0.01368 -0.00859
0.010000  0.01594 -0.00489  0.00015  0.02157  0.00505
0.010000  0.03745  0.08951  0.02407 -0.01782 -0.04974
0.010000 -0.00865 -0.00077 -0.00047  0.00528 -0.01918
0.010000  0.03929  0.00800  0.00339  0.00258  0.01476
0.010000 -0.00522 -0.00724 -0.00092  0.00892  0.01582
0.010000  0.00308  0.02150 -0.00883 -0.00796  0.00270
0.010000  0.02630 -0.00285 -0.00294  0.01009  0.02158
0.010000  0.02923  0.03613  0.00770  0.00879  0.03092
0.010000 -0.00256  0.01036  0.01944  0.06884  0.02732
0.010000 -0.02991 -0.01035 -0.01717  0.01919  0.00003
0.010000 -0.02421 -0.01131 -0.00123  0.06626  0.02897
0.010000  0.05536  0.01602  0.00467  0.00020  0.02738
0.010000 -0.00165  0.03347  0.00315 -0.01013  0.00439
0.010000  0.01477  0.00950  0.00311 -0.00145  0.01567
0.010000  0.02353  0.04071  0.02024 -0.00887  0.00206
0.010000 -0.02959  0.02089 -0.00624 -0.00950 -0.01926
0.010000  0.01632  0.04432 -0.00144 -0.01208 -0.00317
0.010000  0.04760  0.00784  0.01286  0.00982 -0.00516
0.010000 -0.00948  0.02586 -0.00263 -0.00924  0.00160
0.010000 -0.00346 -0.00316  0.00643  0.07376  0.02561
0.010000 -0.03045  0.02493  0.00958 -0.00902 -0.00304
0.010000  0.01137  0.00091  0.01171  0.07422  0.01690
0.010000 -0.02238  0.00182 -0.00640 -0.00323 -0.00467
0.010000 -0.02559  0.01029 -0.01532 -0.00492  0.01032
0.010000 -0.01194  0.02238  0.01283 -0.00684  0.00574
0.010000 -0.03018  0.00103 -0.01369 -0.00459 -0.00225
0.010000 -0.01432 -0.01113  0.00338  0.02210 -0.02764
0.010000 -0.01202  0.00630  0.00229 -0.00275 -0.00607
0.010000  0.05257  0.02320  0.01419  0.02444  0.01452
0.010000  0.00115 -0.00379  0.00449  0.02531 -0.00256
0.010000  0.01836  0.04698  0.00175 -0.01229 -0.00615
0.010000 -0.02618  0.01212 -0.02234 -0.00863 -0.01528
0.010000 -0.01031 -0.00137 -0.01117 -0.00149  0.01365
0.010000 -0.01274 -0.00557 -0.01687 -0.00069 -0.00598
0.010000  0.01248  0.01921  0.01643 -0.00354  0.00663
0.010000  0.00020  0.05147 -0.00045 -0.01419  0.00748
0.010000 -0.02498 -0.00864 -0.00287  0.07239  0.04916
0.010000 -0.01812  0.03927 -0.00729 -0.01317 -0.00734
0.010000 -0.00695 -0.00232 -0.01110 -0.00067  0.01082
0.010000  0.00607  0.00153  0.00179  0.05267  0.03230
0.010000 -0.00073 -0.00877  0.00236  0.01527 -0.00408
0.010000 -0.03037  0.00453 -0.00978 -0.00529 -0.01058
0.010000  0.00506  0.01391  0.01224  0.06509  0.01497
0.010000  0.07026  0.03957  0.01907  0.04369  0.04543
0.010000 -0.02928  0.01424 -0.00350  0.01304  0.00140
0.010000 -0.01663 -0.00620 -0.01112  0.00021  0.00139
0.010000 -0.01958 -0.01128 -0.00273  0.06636  0.02185
0.010000 -0.02730 -0.01152  0.00665  0.02175  0.00555
0.010000  0.00920  0.03696  0.00088 -0.01058 -0.01592
0.010000 -0.03027 -0.01178 -0.03087 -0.00165  0.02681
0.010000 -0.02921 -0.00634 -0.02233  0.06568  0.02917
