# Scenario generation method from a paper by Hoyland, Kaut & Wallace
# Code by Michal Kaut (michal.kaut@iot.ntnu.n) & Diego Mathieu

#   prob   var  1   var  2   var  3   var  4   var  5
0.010000 -0.00248 -0.01776 -0.00499 -0.01250 -0.01173
0.010000  0.01379  0.01179 -0.00356 -0.00531 -0.00789
0.010000 -0.00421 -0.00887 -0.00690 -0.00418 -0.00793
0.010000 -0.01769 -0.01583 -0.00327 -0.00197 -0.00831
0.010000 -0.01280 -0.01296 -0.02268  0.00036  0.01684
0.010000  0.00438  0.00707  0.01678  0.00317  0.04559
0.010000  0.00827  0.01098 -0.00880  0.00544 -0.03358
0.010000  0.00625  0.01130  0.00321  0.00361 -0.00806
0.010000 -0.00012  0.01148 -0.00095  0.00521 -0.01420
0.010000 -0.00317 -0.01332 -0.00965 -0.00776  0.00465
0.010000  0.01319 -0.00004 -0.01189 -0.00102 -0.02603
0.010000  0.01102 -0.01934 -0.00042  0.00271 -0.02262
0.010000 -0.00564 -0.01607  0.00191 -0.00974 -0.00555
0.010000 -0.02121 -0.02711 -0.00201 -0.01115  0.00157
0.010000  0.00511  0.01513  0.00362  0.00074  0.00971
0.010000 -0.00955 -0.01374  0.00381  0.01563 -0.05454
0.010000 -0.02920 -0.03509 -0.01564 -0.00888 -0.01163
0.010000 -0.04080 -0.03560 -0.03777 -0.00831 -0.00908
0.010000  0.01443 -0.00399  0.01924  0.00349  0.00471
0.010000 -0.02359 -0.01752 -0.02783 -0.01369  0.02047
0.010000 -0.00713 -0.00946 -0.00655 -0.00982 -0.00376
0.010000  0.00021  0.00466 -0.00247  0.01261 -0.00936
0.010000 -0.01930  0.00169 -0.00756 -0.00111  0.01511
0.010000 -0.02687 -0.02021 -0.00025 -0.01066 -0.00167
0.010000  0.01934  0.00672  0.00767  0.00708 -0.01804
0.010000  0.01833  0.01920 -0.02148  0.01405 -0.02690
0.010000 -0.00791 -0.02461  0.00867 -0.00607 -0.02413
0.010000  0.00191  0.01400  0.00591  0.01232 -0.00138
0.010000 -0.00912 -0.00821  0.02370 -0.00170  0.02372
0.010000 -0.01502 -0.00449 -0.01383 -0.00089  0.02018
0.010000  0.02182  0.01928  0.01822  0.01372 -0.00690
0.010000  0.01206  0.01585  0.00560 -0.00411  0.00186
0.010000 -0.01087  0.00058 -0.01747 -0.00531  0.01233
0.010000 -0.02507 -0.03343 -0.01674 -0.01777 -0.02483
0.010000  0.00123 -0.00728 -0.00135 -0.00749 -0.01928
0.010000 -0.01229 -0.00557 -0.00913  0.00071  0.00320
0.010000 -0.00675 -0.01376 -0.01534 -0.00947 -0.00403
0.010000 -0.01386 -0.01652 -0.01484 -0.00598  0.00993
0.010000  0.02550  0.01918  0.02260  0.01887 -0.01260
0.010000 -0.00527  0.01098 -0.00963 -0.00152 -0.01115
0.010000  0.00055 -0.01669  0.00602 -0.00466  0.00001
0.010000 -0.01847 -0.00630 -0.01954  0.00285 -0.00656
0.010000  0.02343 -0.00509  0.00291 -0.00073 -0.02922
0.010000  0.00664  0.00312  0.00428  0.01109  0.01407
0.010000 -0.00492 -0.01283  0.00502 -0.00176 -0.00248
0.010000  0.00785  0.00362 -0.00108 -0.00322  0.02284
0.010000  0.02851  0.01780 -0.00351  0.00489 -0.02081
0.010000 -0.03262 -0.01497 -0.01281 -0.00941  0.00098
0.010000  0.00295 -0.01946  0.00193 -0.01188 -0.01143
0.010000 -0.00113 -0.00864 -0.01031 -0.00724 -0.01767
0.010000 -0.01563 -0.02462 -0.02137 -0.01631 -0.00013
0.010000 -0.00180 -0.00621 -0.01560  0.00531 -0.02123
0.010000 -0.02021 -0.00803 -0.00509 -0.00836  0.01207
0.010000  0.01741  0.01850  0.01049  0.00496  0.01389
0.010000  0.00401  0.00378 -0.00279 -0.00179 -0.02855
0.010000 -0.00456 -0.02949  0.00054 -0.01035 -0.01115
0.010000  0.00586 -0.01401 -0.00466 -0.00834 -0.00927
0.010000 -0.02232  0.00036 -0.01581 -0.00719  0.03433
0.010000  0.00366  0.00173  0.02640  0.00167 -0.00834
0.010000  0.00474  0.00698  0.00301  0.00430  0.00562
0.010000 -0.00752  0.00562 -0.01132 -0.00504  0.00481
0.010000  0.01510  0.01879  0.01103  0.01103 -0.01463
0.010000 -0.01628 -0.01517  0.01014  0.00282  0.00599
0.010000 -0.01180 -0.02541 -0.00242 -0.00670 -0.00163
0.010000 -0.00351  0.01027 -0.02438 -0.00533 -0.00228
0.010000 -0.01042 -0.00570 -0.02579  0.01099 -0.00799
0.010000  0.00959  0.00619  0.02547  0.00164  0.00255
0.010000  0.00703  0.00650  0.00603 -0.00186  0.01341
0.010000  0.01153  0.00401 -0.00424  0.01491 -0.01313
0.010000 -0.00637 -0.03093  0.00959 -0.00878 -0.00258
0.010000 -0.01696 -0.02912 -0.00219 -0.00621  0.00170
0.010000  0.01005 -0.01786 -0.01255 -0.00023 -0.01733
0.010000  0.03560  0.00016  0.01302 -0.00620 -0.04269
0.010000 -0.01443 -0.02095  0.00262 -0.00001  0.00005
0.010000  0.00226  0.00867 -0.00119 -0.00174  0.00197
0.010000  0.00870  0.00124  0.01382 -0.00843  0.00552
0.010000 -0.01332 -0.02818 -0.00517 -0.01175 -0.00225
0.010000 -0.00831  0.00394  0.01264  0.01170 -0.00364
0.010000 -0.00386  0.00653  0.01075  0.00954  0.01273
0.010000  0.01053  0.01500  0.01424 -0.00084 -0.00515
0.010000 -0.00214  0.00969 -0.00525 -0.00500  0.02359
0.010000 -0.00282 -0.00076  0.00948 -0.00874 -0.00655
0.010000  0.01581  0.01260  0.00503  0.00526  0.00087
0.010000 -0.00871  0.00521  0.00224 -0.00731  0.00840
0.010000  0.00157  0.00659  0.00123  0.01575 -0.00754
0.010000 -0.00079 -0.01497 -0.00645  0.00598 -0.01425
0.010000  0.00330  0.00292  0.00783 -0.00793  0.00840
0.010000 -0.00998 -0.01873 -0.02884 -0.01384 -0.01705
0.010000  0.01261  0.01497  0.01815  0.02867 -0.00667
0.010000 -0.00600 -0.01149 -0.00975  0.01901 -0.04727
0.010000  0.00089  0.00580  0.00805 -0.00521  0.01554
0.010000 -0.00046 -0.01370 -0.00652  0.00847 -0.02382
0.010000  0.02049  0.00300  0.01311 -0.00218  0.01911
0.010000  0.01658  0.00285 -0.00426 -0.00131 -0.00421
0.010000  0.00914  0.00307  0.00699 -0.00364  0.00997
0.010000 -0.00147 -0.02380  0.00016  0.02602 -0.02085
0.010000  0.00548  0.01400 -0.02213 -0.00999 -0.00728
0.010000  0.00744  0.01582  0.00219  0.00413 -0.01770
0.010000  0.00260 -0.01351 -0.00094 -0.01183 -0.02409
0.010000 -0.01133 -0.00328 -0.01179 -0.01005  0.00078
