# Scenario generation method from a paper by Hoyland, Kaut & Wallace
# Code by Michal Kaut (michal.kaut@iot.ntnu.n) & Diego Mathieu

#   prob   var  1   var  2   var  3   var  4   var  5
0.010000 -0.00905 -0.00734 -0.01072  0.00207 -0.01385
0.010000 -0.02127 -0.02056  0.00397 -0.00080  0.02913
0.010000  0.02152 -0.00083 -0.00996 -0.02158  0.00865
0.010000  0.04855  0.06335  0.03283  0.01504  0.06858
0.010000  0.03736  0.00447  0.01212 -0.00230  0.06398
0.010000  0.01728 -0.00614 -0.00070  0.00289  0.03679
0.010000 -0.06555 -0.06938 -0.02078 -0.02345 -0.01576
0.010000  0.05936  0.05289  0.02436  0.02440 -0.00085
0.010000  0.01895  0.04054 -0.00601 -0.00340  0.00911
0.010000  0.02328 -0.00960 -0.01687  0.00768  0.00673
0.010000  0.05670  0.05458  0.01559 -0.00122  0.02377
0.010000  0.00998  0.04459  0.00570 -0.00911 -0.05490
0.010000  0.03980  0.04736  0.00947 -0.01952  0.02349
0.010000 -0.00465 -0.01267  0.00148 -0.00002  0.01640
0.010000 -0.00380 -0.02848  0.00388  0.00592  0.06324
0.010000 -0.03072 -0.05604 -0.01676 -0.02633  0.05811
0.010000  0.02239 -0.01224  0.01450  0.00826  0.01373
0.010000  0.01563 -0.03116  0.00804 -0.01640  0.02656
0.010000  0.00118 -0.01792  0.00880  0.01236  0.05822
0.010000  0.08237  0.06634  0.03764  0.03403  0.07810
0.010000 -0.00638  0.00874 -0.01406 -0.01019  0.01466
0.010000  0.03185  0.02039 -0.00027  0.00232  0.04858
0.010000  0.00441 -0.01429  0.02329  0.00720  0.03368
0.010000 -0.01683 -0.02171 -0.00555  0.00190  0.00855
0.010000  0.02065  0.04086 -0.00001 -0.01478  0.03263
0.010000  0.07163  0.04098  0.04424  0.03746  0.05724
0.010000  0.05033  0.03692  0.01917  0.01626  0.07353
0.010000  0.01811  0.00926  0.00925 -0.00713  0.05064
0.010000  0.03082 -0.01088  0.02828  0.00049  0.08405
0.010000  0.00280  0.01406  0.02496  0.00066  0.00726
0.010000 -0.01477  0.01064  0.00651 -0.01678  0.01468
0.010000 -0.02369 -0.02860 -0.02237 -0.02862  0.00665
0.010000 -0.01579 -0.02760 -0.00215 -0.03625  0.06525
0.010000  0.02599 -0.01083  0.01569  0.00913  0.03162
0.010000 -0.01790 -0.03669  0.01256  0.00769  0.05477
0.010000  0.00839  0.02631  0.00382 -0.00477 -0.04299
0.010000  0.01980 -0.03642  0.01206  0.00612  0.02943
0.010000  0.04385  0.06676  0.02736  0.02534 -0.02484
0.010000  0.03289 -0.00336  0.01313  0.01699  0.04386
0.010000  0.01319  0.02976  0.01590  0.02699  0.03433
0.010000  0.02788  0.02483 -0.00377 -0.01362 -0.00325
0.010000 -0.02771 -0.03787 -0.00211  0.01239  0.03928
0.010000 -0.04611 -0.03963  0.00520 -0.00292  0.04056
0.010000 -0.00726 -0.00989 -0.02308 -0.03491 -0.02731
0.010000  0.00918  0.04043  0.00016 -0.00758  0.00163
0.010000  0.01481  0.00209  0.01433  0.00800  0.06601
0.010000 -0.02631 -0.04546 -0.03156 -0.01866  0.00510
0.010000  0.04689  0.00285 -0.00195  0.00278  0.04652
0.010000 -0.00045 -0.00410  0.01996  0.02059 -0.04310
0.010000 -0.00815 -0.04420  0.01250  0.01956 -0.05838
0.010000  0.05226  0.03408  0.03323  0.02623  0.05758
0.010000  0.02982 -0.00436 -0.00740 -0.01283  0.03154
0.010000 -0.02917 -0.04089 -0.02889 -0.03741  0.04388
0.010000  0.04109 -0.01250  0.00682 -0.00049  0.07498
0.010000  0.00521  0.01124 -0.01299 -0.05900  0.05978
0.010000 -0.00211 -0.01912  0.01190  0.00793  0.03331
0.010000 -0.03603 -0.02150 -0.02534 -0.03997 -0.04585
0.010000 -0.03412 -0.03119 -0.01653 -0.00582 -0.02583
0.010000 -0.02011 -0.03505 -0.02164 -0.02013 -0.05798
0.010000  0.04244  0.01611  0.04186  0.02602 -0.01427
0.010000  0.00037 -0.02759 -0.01759 -0.01144 -0.02297
0.010000  0.03619  0.02037  0.03405  0.02097  0.05780
0.010000 -0.04990 -0.06007 -0.02844 -0.01534 -0.01819
0.010000 -0.00295 -0.02238 -0.02495 -0.00470 -0.02767
0.010000 -0.01090 -0.01029  0.01397  0.01704  0.04009
0.010000 -0.05508 -0.08393 -0.00947  0.00124  0.01960
0.010000  0.01399  0.02956  0.01335 -0.00174  0.03229
0.010000  0.01238 -0.00436  0.01440  0.00442  0.01709
0.010000 -0.02246 -0.01604 -0.00023 -0.02968  0.04702
0.010000  0.00680  0.01940  0.01562 -0.00305  0.03846
0.010000 -0.01280 -0.04109  0.00775  0.01477  0.04106
0.010000  0.02884  0.03599  0.04143  0.00898  0.04916
0.010000  0.01078  0.02393  0.00674 -0.02193  0.04699
0.010000 -0.01378 -0.01538 -0.00822 -0.02698 -0.02916
0.010000  0.00361  0.00708 -0.00341 -0.01348 -0.00519
0.010000 -0.00128 -0.00546  0.00004  0.01157  0.04939
0.010000 -0.01899 -0.01009 -0.00584 -0.00171 -0.05621
0.010000  0.06249  0.03189  0.02061 -0.00189  0.01196
0.010000 -0.02497 -0.05782 -0.02048 -0.04262  0.02835
0.010000 -0.03236 -0.00435 -0.01742 -0.02009  0.03449
0.010000 -0.00551 -0.01001 -0.01457 -0.00623  0.02199
0.010000 -0.04042 -0.05895 -0.00423 -0.02357 -0.02715
0.010000  0.02417  0.04290  0.00513  0.00691 -0.02869
0.010000  0.00601  0.00743  0.02027  0.00851  0.05422
0.010000  0.05436  0.05557  0.03363  0.01357 -0.00291
0.010000  0.06634  0.04395  0.02834  0.01735  0.05014
0.010000  0.00200  0.01032 -0.00444 -0.01348 -0.06135
0.010000  0.02508 -0.01903  0.03374  0.02071  0.02826
0.010000  0.01645  0.02244 -0.00937  0.00926  0.04046
0.010000  0.04533  0.05157  0.02399  0.01923  0.00055
0.010000  0.03396 -0.01238  0.01454  0.01742  0.04037
0.010000  0.03506  0.02568  0.03011  0.00945  0.00785
0.010000 -0.01184 -0.05755  0.02279  0.00941  0.07367
0.010000 -0.04304 -0.06241 -0.01404 -0.00472  0.00158
0.010000  0.00760  0.03660  0.02642 -0.00440  0.06660
0.010000 -0.03811 -0.04550 -0.02214 -0.02597 -0.02459
0.010000  0.01158  0.01521 -0.00854 -0.00737  0.04249
0.010000  0.03856  0.03064  0.01439 -0.00028 -0.00913
0.010000 -0.00997 -0.03626  0.00181 -0.00283  0.05460
0.010000  0.02693  0.04051  0.00500 -0.00417  0.00341
