# Scenario generation method from a paper by Hoyland, Kaut & Wallace
# Code by Michal Kaut (michal.kaut@iot.ntnu.n) & Diego Mathieu

#   prob   var  1   var  2   var  3   var  4   var  5
0.010000  0.00876  0.03523 -0.00895  0.01277  0.00969
0.010000 -0.01475 -0.03273 -0.02389 -0.03314  0.02330
0.010000 -0.07105 -0.05021 -0.02606 -0.07632 -0.01655
0.010000  0.01584  0.02919  0.03917 -0.04397 -0.00488
0.010000  0.03881 -0.01111  0.05056 -0.02083  0.04944
0.010000  0.04178 -0.01069  0.00828  0.04765  0.02705
0.010000  0.02721 -0.02365  0.01206 -0.01171  0.00572
0.010000  0.06042  0.06177  0.02847  0.01825  0.01907
0.010000  0.03588  0.06171  0.00939  0.00013  0.01579
0.010000  0.05089  0.04955  0.00750  0.05797  0.04280
0.010000  0.06537  0.03461  0.02849  0.07107  0.02101
0.010000  0.01160  0.01885 -0.00225 -0.03950  0.03264
0.010000  0.04029  0.04748  0.04566  0.04554  0.06657
0.010000  0.03008  0.05041  0.03760 -0.03292  0.04481
0.010000 -0.00867  0.03474 -0.00252 -0.04114 -0.02086
0.010000 -0.00275 -0.02653  0.00099  0.03985  0.00535
0.010000  0.01726 -0.02165 -0.00149 -0.01517  0.07424
0.010000 -0.01944  0.02834 -0.01032 -0.03509 -0.01448
0.010000  0.01867 -0.03214  0.00499 -0.00278  0.01043
0.010000  0.01018 -0.02918  0.03746  0.03425  0.07130
0.010000  0.02578 -0.00995  0.00563 -0.01249 -0.00297
0.010000  0.04934  0.02721  0.02926  0.02246  0.00085
0.010000  0.03297  0.04397 -0.00626  0.01797 -0.03887
0.010000  0.00161  0.02264  0.00275  0.00464 -0.00222
0.010000 -0.04967 -0.04616 -0.02773  0.00225 -0.06304
0.010000 -0.02758 -0.03253 -0.00311 -0.03199 -0.02879
0.010000 -0.07073 -0.05020  0.01452 -0.05528 -0.02337
0.010000  0.04781  0.06531  0.00517  0.03290  0.00778
0.010000  0.07905  0.02352  0.01634  0.06757  0.04018
0.010000 -0.05390 -0.03285  0.00643 -0.05562  0.00029
0.010000 -0.06558 -0.04149 -0.02678 -0.06645 -0.07360
0.010000  0.02151  0.05199 -0.01158  0.03550  0.01020
0.010000 -0.01630 -0.04390 -0.02219  0.03873 -0.00740
0.010000  0.04327 -0.00195 -0.00024  0.01788  0.00561
0.010000  0.03734  0.05636  0.08174 -0.01142  0.04176
0.010000  0.07921  0.01328  0.07345  0.07985  0.04202
0.010000  0.00449  0.03499 -0.00764  0.00242 -0.00502
0.010000 -0.03097 -0.04184 -0.01934 -0.03431 -0.03850
0.010000  0.07721  0.06854  0.08327  0.04497  0.02094
0.010000  0.03442  0.05917  0.04306 -0.01510 -0.00781
0.010000  0.05560 -0.00542  0.00897  0.02607  0.04891
0.010000 -0.05836 -0.04182 -0.03389 -0.05227 -0.03030
0.010000  0.02009  0.00539 -0.00782  0.01605  0.01788
0.010000 -0.07574 -0.04589 -0.03507 -0.06339 -0.03687
0.010000 -0.01322 -0.03690 -0.01337 -0.04712 -0.00540
0.010000 -0.04563 -0.04910 -0.02598 -0.03717 -0.01167
0.010000  0.01301 -0.01401  0.02271  0.05318  0.02041
0.010000  0.02435  0.00500  0.02047  0.02998  0.00778
0.010000 -0.02592  0.02225 -0.02350 -0.06718 -0.01928
0.010000  0.04478 -0.00284  0.05215  0.02949 -0.00188
0.010000  0.07679  0.03854  0.02358  0.06368  0.04365
0.010000 -0.06310 -0.04441 -0.02901 -0.00477 -0.02492
0.010000  0.05719 -0.00464  0.04102  0.08072  0.01808
0.010000 -0.03446 -0.04858 -0.01789 -0.05594 -0.00402
0.010000 -0.00718 -0.03763 -0.01087 -0.02727 -0.00698
0.010000  0.01443 -0.03454  0.00880 -0.03309  0.01035
0.010000  0.06871  0.00300  0.02630  0.06277  0.05109
0.010000 -0.00129 -0.04055  0.04597 -0.04863  0.02263
0.010000 -0.03624 -0.01559  0.00794 -0.03686  0.00371
0.010000 -0.01787 -0.04637  0.00072 -0.02151 -0.00306
0.010000 -0.07332 -0.04260 -0.02923 -0.02750 -0.03962
0.010000 -0.01018 -0.01967  0.02539 -0.03147  0.00310
0.010000  0.00305 -0.00661  0.04058 -0.02813  0.00379
0.010000 -0.02265 -0.03883 -0.02110 -0.03972  0.01207
0.010000  0.07039  0.05755  0.02687  0.02572  0.02802
0.010000  0.00592  0.00198  0.01227 -0.03470 -0.01086
0.010000  0.05245  0.05738  0.04945  0.06048  0.01670
0.010000 -0.00569  0.00659  0.02184 -0.03021  0.01433
0.010000  0.06206  0.04683  0.01062  0.00195  0.04703
0.010000  0.05402  0.00970  0.05278 -0.00766  0.02460
0.010000 -0.02104 -0.04469 -0.01459  0.01347  0.01626
0.010000 -0.06070 -0.04683 -0.02276 -0.06789 -0.01468
0.010000  0.07529  0.02019  0.02635  0.07553  0.03400
0.010000  0.00017 -0.01887 -0.00204  0.00273  0.00730
0.010000  0.00734  0.00850  0.02536 -0.04163  0.01235
0.010000 -0.04177 -0.01810 -0.01447 -0.03702 -0.00035
0.010000  0.04629  0.06475  0.02004  0.00666  0.00052
0.010000  0.07810  0.05079  0.03342  0.03813  0.02901
0.010000  0.07370  0.00533  0.06132  0.02096  0.07142
0.010000  0.03152  0.00578  0.04034 -0.02500  0.03414
0.010000  0.06147  0.06678  0.01418  0.03721  0.05465
0.010000  0.05880  0.03188  0.03212  0.06045  0.03429
0.010000 -0.03270 -0.01012 -0.01524 -0.05048 -0.00449
0.010000 -0.05176 -0.00391 -0.03326 -0.01550 -0.02811
0.010000  0.02864 -0.02589 -0.00048  0.03245  0.00091
0.010000  0.02293  0.05548 -0.01631 -0.03250 -0.03809
0.010000 -0.03989 -0.04322 -0.02776  0.01910 -0.02599
0.010000  0.06704  0.06535  0.00948  0.06805  0.04877
0.010000 -0.06813 -0.01770 -0.03601 -0.07285 -0.06466
0.010000  0.06371  0.05300  0.00609  0.06865  0.02397
0.010000 -0.01169 -0.01273 -0.01932 -0.01692 -0.02050
0.010000 -0.07729 -0.05056 -0.02772 -0.07326 -0.03987
0.010000 -0.00422  0.02261  0.00450 -0.00759  0.02791
0.010000 -0.04763 -0.03015 -0.03195 -0.00487 -0.00775
0.010000 -0.03805 -0.04574 -0.02923 -0.05924 -0.04638
0.010000 -0.05610 -0.04970 -0.01830 -0.03919 -0.01519
0.010000  0.07206  0.00999  0.07448  0.04310  0.07205
0.010000 -0.04368 -0.03180 -0.02676 -0.01151 -0.00236
0.010000 -0.02427 -0.04758 -0.01161 -0.00504  0.00300
0.010000 -0.02926 -0.04761 -0.01248  0.01496  0.01446
