# Scenario generation method from a paper by Hoyland, Kaut & Wallace
# Code by Michal Kaut (michal.kaut@iot.ntnu.n) & Diego Mathieu

#   prob   var  1   var  2   var  3   var  4   var  5
0.010000 -0.06486 -0.03061 -0.02591 -0.05013  0.00108
0.010000 -0.04540 -0.04280 -0.02132 -0.03378 -0.00175
0.010000  0.05573  0.06689  0.06425  0.05151  0.02264
0.010000  0.06431  0.01454  0.04531  0.02964  0.03233
0.010000 -0.04357 -0.02114 -0.01639 -0.06081 -0.03386
0.010000  0.06955  0.02212  0.04036  0.08696  0.03996
0.010000  0.07937  0.03882  0.05928  0.05502  0.06095
0.010000  0.05406  0.00344  0.04103  0.07814  0.02598
0.010000  0.05239  0.00956  0.00658  0.07024  0.01250
0.010000 -0.00443 -0.03393  0.00598 -0.00900  0.03589
0.010000 -0.04911 -0.04809 -0.01356 -0.03353 -0.02318
0.010000 -0.07059 -0.03548 -0.03183  0.00143  0.00014
0.010000 -0.03139 -0.02064  0.01409 -0.01630 -0.01043
0.010000  0.04263  0.06279  0.03842  0.00741  0.02262
0.010000  0.07639  0.04121  0.06280  0.03484  0.04586
0.010000  0.07300  0.04777  0.00848  0.06004  0.05544
0.010000 -0.02315 -0.04722 -0.01239 -0.04245  0.00619
0.010000  0.03013  0.06127  0.00643  0.02762  0.04664
0.010000  0.02860  0.05629  0.00405 -0.04524 -0.00965
0.010000  0.03167 -0.00239  0.01438  0.03551  0.07782
0.010000 -0.05100 -0.01873 -0.01127 -0.06490 -0.04026
0.010000  0.00757 -0.00638  0.03498 -0.03784  0.01694
0.010000  0.06085  0.01003  0.03001  0.04125  0.00760
0.010000 -0.03824 -0.04601 -0.02906 -0.03404 -0.04237
0.010000 -0.05881 -0.05091 -0.00921 -0.02890 -0.01279
0.010000 -0.00595 -0.00315 -0.00786  0.03921  0.00606
0.010000 -0.07207 -0.03762 -0.04452 -0.07438 -0.02564
0.010000  0.05073  0.06467  0.02399  0.04684  0.02240
0.010000 -0.03307 -0.04892 -0.02150 -0.05493  0.00449
0.010000  0.05913  0.05019  0.01412  0.00921  0.00943
0.010000 -0.01995 -0.04215 -0.01639  0.01073 -0.03277
0.010000  0.05743  0.06284  0.01064 -0.01551  0.00451
0.010000 -0.06879 -0.02844 -0.03865 -0.05195 -0.05462
0.010000 -0.00901 -0.04224 -0.01671 -0.03703 -0.01021
0.010000  0.03321 -0.01663  0.00674  0.00697  0.02978
0.010000  0.03789 -0.00096  0.00135  0.07843  0.01135
0.010000  0.05664  0.05209  0.01364  0.06269 -0.01463
0.010000 -0.04000 -0.03458 -0.00511 -0.05155 -0.03527
0.010000  0.04746  0.05361  0.01168  0.02125  0.01491
0.010000  0.02102 -0.01743 -0.01306 -0.00421  0.01118
0.010000  0.07965  0.04166  0.04111 -0.00294  0.06037
0.010000  0.00459 -0.03966  0.01461 -0.01842  0.02908
0.010000  0.02404 -0.02829  0.02082  0.07543  0.03314
0.010000 -0.01521  0.02918  0.04961 -0.05674 -0.00631
0.010000 -0.01210  0.00012 -0.01809 -0.00046  0.01674
0.010000  0.01204  0.03125  0.00562 -0.04987 -0.00456
0.010000 -0.04178 -0.03165 -0.01608 -0.05810 -0.01280
0.010000 -0.02477  0.01609 -0.01624  0.01364 -0.01319
0.010000  0.01652 -0.02742  0.04269  0.06588  0.05224
0.010000 -0.01365  0.03078 -0.00396 -0.00093  0.00272
0.010000  0.00309 -0.01635  0.02022 -0.01472  0.00463
0.010000 -0.00748 -0.04369  0.05496 -0.02317  0.00501
0.010000  0.04909  0.05167 -0.00050  0.03044  0.00317
0.010000  0.04104  0.03875  0.02737  0.01073  0.03820
0.010000 -0.05486 -0.04196 -0.02421 -0.02111 -0.04931
0.010000  0.07626  0.07143  0.03176  0.03997  0.01496
0.010000 -0.02641 -0.03639  0.01483 -0.00195 -0.00732
0.010000  0.00608 -0.03917  0.04938 -0.01085  0.05640
0.010000 -0.06082 -0.05437 -0.01171 -0.05653 -0.05488
0.010000  0.02253 -0.02908  0.03104 -0.02584  0.03329
0.010000 -0.03478 -0.03835  0.00058 -0.05883  0.00736
0.010000 -0.05291 -0.01605 -0.03332  0.01242 -0.07930
0.010000  0.01502 -0.03421  0.00347  0.02539  0.04011
0.010000 -0.02971 -0.03368 -0.01977  0.03024  0.00655
0.010000  0.01055  0.03773  0.01122 -0.02521 -0.00043
0.010000  0.01353  0.05252 -0.01987 -0.05045 -0.01086
0.010000 -0.02154 -0.04363 -0.01837 -0.04497 -0.00846
0.010000  0.00010 -0.03098  0.02329  0.00019  0.00415
0.010000  0.03946  0.00232 -0.00175  0.00808  0.00766
0.010000  0.07467  0.07067  0.03808  0.05731  0.04516
0.010000 -0.00141 -0.04192  0.02727  0.05624  0.02591
0.010000 -0.07283  0.03073 -0.00779 -0.02840 -0.00593
0.010000  0.06257  0.05571  0.04488  0.02875  0.01246
0.010000  0.00906 -0.02009  0.01743  0.00006  0.02203
0.010000 -0.07148 -0.04980 -0.02618 -0.06922 -0.05208
0.010000 -0.00292  0.01028 -0.00438 -0.01363 -0.04069
0.010000 -0.03650 -0.04700 -0.01225 -0.03035 -0.01827
0.010000 -0.05682 -0.04663 -0.00492 -0.05862 -0.00697
0.010000 -0.01678 -0.01507  0.01519 -0.04548 -0.00256
0.010000  0.00160  0.00129 -0.00874  0.03133  0.00780
0.010000  0.07129  0.05209  0.07937  0.03445  0.01671
0.010000  0.02708  0.00938 -0.00533  0.06057  0.04021
0.010000  0.01952  0.00343  0.04611  0.03628  0.03563
0.010000  0.04584  0.02062  0.02392  0.04504  0.02497
0.010000 -0.02805 -0.04519  0.00476 -0.05621 -0.00465
0.010000  0.03476  0.01807  0.00638 -0.01040  0.02894
0.010000 -0.01836 -0.01177 -0.01342 -0.05499 -0.00607
0.010000 -0.06685  0.01507 -0.02550 -0.05564 -0.01043
0.010000 -0.04724 -0.04787 -0.03105 -0.03136 -0.01895
0.010000  0.07892  0.03548  0.02786  0.03809  0.02861
0.010000 -0.06284 -0.04412 -0.03485 -0.06779 -0.03257
0.010000  0.04423 -0.00204  0.01051  0.01310  0.00029
0.010000  0.01802  0.00554  0.01198  0.00390  0.02519
0.010000 -0.05608 -0.02983 -0.03255 -0.00275 -0.01303
0.010000  0.06605  0.01921  0.06129  0.04780  0.06902
0.010000  0.06780  0.03380  0.01959  0.05593  0.07933
0.010000 -0.01055 -0.04138 -0.01857 -0.03210  0.02457
0.010000  0.07772  0.05997  0.09120 -0.01510  0.04411
0.010000  0.02556  0.02071  0.03913 -0.02644  0.03547
0.010000  0.03632  0.04769 -0.00350  0.02411  0.03154
