# Scenario generation method from a paper by Hoyland, Kaut & Wallace
# Code by Michal Kaut (michal.kaut@iot.ntnu.n) & Diego Mathieu

#   prob   var  1   var  2   var  3   var  4   var  5
0.010000 -0.01526 -0.01052  0.01708 -0.00201 -0.04078
0.010000  0.00630  0.00504  0.00315 -0.01185 -0.01287
0.010000  0.01503 -0.00488 -0.00269  0.01410  0.00787
0.010000 -0.00712  0.00640  0.00123 -0.00358 -0.01010
0.010000  0.00159  0.01311  0.01535 -0.00789 -0.02912
0.010000 -0.00451 -0.01303 -0.00524  0.01233 -0.02228
0.010000  0.00025  0.00253 -0.00238  0.00001  0.00467
0.010000 -0.01183 -0.01268 -0.00549 -0.00040 -0.00916
0.010000  0.00333 -0.00888  0.00319  0.00903  0.03415
0.010000  0.00376 -0.01308 -0.00769  0.01862 -0.02161
0.010000  0.01419 -0.00388  0.01015 -0.06364 -0.01923
0.010000 -0.00401 -0.00600  0.00547  0.00457  0.01514
0.010000  0.00246 -0.00445 -0.00573 -0.00131  0.01035
0.010000 -0.00159 -0.01101 -0.00730  0.01016 -0.01231
0.010000  0.00203 -0.00371  0.01098 -0.02448 -0.03005
0.010000  0.02050 -0.00722 -0.00216  0.01529  0.00481
0.010000 -0.02722 -0.01467 -0.00898 -0.00182 -0.01487
0.010000 -0.03261 -0.01440 -0.01016 -0.02916  0.05172
0.010000  0.00461 -0.00509 -0.00391  0.00949  0.00041
0.010000  0.01587 -0.00527  0.02590  0.00651  0.00582
0.010000  0.01670 -0.00931 -0.00311  0.00837  0.01104
0.010000  0.01170 -0.00898  0.00049  0.00420 -0.01674
0.010000 -0.02582 -0.01827 -0.00967 -0.02881 -0.00863
0.010000  0.01475 -0.00932 -0.00181  0.01731  0.01441
0.010000  0.00546 -0.00585 -0.00351  0.00613 -0.00252
0.010000 -0.01120 -0.00623 -0.00803 -0.02674 -0.00088
0.010000 -0.02226 -0.00637  0.00550 -0.02456 -0.02413
0.010000 -0.00553  0.00427  0.00280 -0.01603 -0.00449
0.010000 -0.00605 -0.01007  0.00157 -0.00020 -0.02323
0.010000  0.01461  0.00680  0.01751 -0.05166 -0.02117
0.010000  0.01914 -0.01081  0.01873  0.00586  0.02292
0.010000  0.01046 -0.01128 -0.00646  0.01140  0.03662
0.010000 -0.00823 -0.00953  0.00896  0.00020 -0.00529
0.010000 -0.03514 -0.01663 -0.01093 -0.02407 -0.00592
0.010000 -0.02878 -0.01620 -0.01024 -0.00686 -0.00456
0.010000 -0.00938 -0.00720  0.01759 -0.01630 -0.00057
0.010000 -0.01453 -0.00963 -0.00920 -0.00613  0.03387
0.010000  0.01986  0.00357  0.00491  0.00614  0.00307
0.010000 -0.01383 -0.00321 -0.00836  0.00239  0.02478
0.010000 -0.01845 -0.01965 -0.01008  0.00165 -0.01274
0.010000  0.00588 -0.00882 -0.00426  0.00338 -0.01510
0.010000 -0.00302  0.01268  0.00293 -0.00310  0.00879
0.010000  0.00714 -0.00201 -0.00470 -0.00244 -0.00687
0.010000 -0.02454 -0.02125 -0.01054  0.01040  0.02553
0.010000 -0.00351 -0.01523 -0.00823  0.01257  0.01781
0.010000  0.00504 -0.00961  0.01416 -0.01479  0.01357
0.010000  0.01336  0.00011  0.00417  0.00417  0.00208
0.010000 -0.01933  0.01128  0.00279 -0.02967 -0.01553
0.010000  0.02040  0.00595  0.00097 -0.01658  0.00883
0.010000  0.01087 -0.00639  0.01281 -0.00443  0.01013
0.010000  0.01835  0.00700  0.01242 -0.00284 -0.01016
0.010000 -0.00066 -0.01484 -0.00270 -0.00726 -0.00787
0.010000  0.01875  0.00348  0.00141  0.01067  0.00698
0.010000  0.01753 -0.00564  0.01828 -0.00441  0.01766
0.010000  0.00756 -0.01172 -0.00654  0.01590  0.00028
0.010000 -0.02336 -0.01278 -0.00204 -0.00611 -0.00190
0.010000 -0.01680 -0.01296 -0.00960  0.00560  0.01314
0.010000  0.00839 -0.01225 -0.00420 -0.02294  0.00340
0.010000 -0.01314 -0.00021  0.01448 -0.02394 -0.01570
0.010000  0.01712 -0.00721 -0.00266  0.00580  0.02090
0.010000 -0.00658 -0.00307  0.00800  0.00137 -0.02503
0.010000  0.00963  0.00670  0.02638 -0.01115 -0.02367
0.010000  0.00672 -0.00142 -0.00496  0.01425  0.01787
0.010000  0.00070  0.00594 -0.00378 -0.00646 -0.01652
0.010000  0.00797 -0.01117 -0.00674 -0.00176  0.03246
0.010000 -0.00997  0.00330 -0.00598 -0.00774 -0.00134
0.010000 -0.00112 -0.01520  0.01791  0.00103 -0.01566
0.010000 -0.00206 -0.00628 -0.00494 -0.01413  0.01733
0.010000 -0.00254  0.00906 -0.00033 -0.00864 -0.03591
0.010000  0.01295 -0.00785 -0.00004  0.01327 -0.00558
0.010000 -0.01248 -0.01410  0.00068 -0.01776  0.00708
0.010000  0.02035 -0.00126  0.01037  0.00679  0.00710
0.010000  0.00922  0.01125  0.00599 -0.00093  0.00285
0.010000 -0.03854 -0.02138 -0.01138 -0.00333  0.02000
0.010000  0.01953  0.00598  0.01977 -0.00287  0.01377
0.010000  0.01795 -0.00108 -0.00176  0.01157  0.00022
0.010000  0.01378  0.00609  0.01893 -0.00607 -0.01503
0.010000  0.00880  0.00135  0.00199 -0.02028 -0.00818
0.010000 -0.00767  0.00247 -0.00485 -0.00366  0.00184
0.010000  0.00419  0.01293  0.02707 -0.01963 -0.01768
0.010000 -0.01761 -0.00831 -0.00935  0.01361  0.00733
0.010000 -0.02123 -0.00584 -0.00945 -0.00908 -0.00571
0.010000  0.02016  0.00457  0.00069 -0.00727  0.00120
0.010000  0.01129 -0.00509  0.00574  0.00736 -0.04574
0.010000 -0.00880 -0.01002 -0.00462  0.01165  0.04484
0.010000  0.01545 -0.00115  0.00655  0.00040  0.02047
0.010000  0.01628  0.00976  0.00208 -0.00509  0.02092
0.010000 -0.01058  0.00104 -0.00731  0.01202  0.01637
0.010000  0.01951  0.00911  0.01273 -0.00244  0.00502
0.010000 -0.00020  0.01606 -0.00257 -0.01021 -0.00930
0.010000 -0.02026  0.00109 -0.00858  0.01330  0.01321
0.010000 -0.03054 -0.00988 -0.00974 -0.02362  0.00189
0.010000  0.00115  0.00010 -0.00426 -0.00191  0.00448
0.010000 -0.04505 -0.01623 -0.01075  0.00340  0.00691
0.010000  0.01212  0.00156  0.01550 -0.00477 -0.03474
0.010000  0.01253 -0.01234  0.00961 -0.00478  0.03526
0.010000 -0.01602 -0.00728 -0.00903 -0.00099 -0.02030
0.010000 -0.00501 -0.00586 -0.00643  0.01471  0.01093
0.010000  0.00290 -0.01090 -0.00644 -0.00204  0.00918
0.010000  0.01005 -0.00798  0.01422  0.00846 -0.00648
