# Scenario generation method from a paper by Hoyland, Kaut & Wallace
# Code by Michal Kaut (michal.kaut@iot.ntnu.n) & Diego Mathieu

#   prob   var  1   var  2   var  3   var  4   var  5
0.010000 -0.01641 -0.02775 -0.01877 -0.01549 -0.01863
0.010000 -0.00008 -0.00213 -0.00710  0.04774 -0.01015
0.010000  0.00412  0.00999 -0.01407 -0.01786 -0.01385
0.010000 -0.00484 -0.01065  0.01554  0.00448 -0.00475
0.010000 -0.02556 -0.01805 -0.03849 -0.03101 -0.01008
0.010000 -0.02358 -0.03032 -0.00783 -0.01163 -0.02372
0.010000 -0.02699 -0.02077 -0.02585 -0.02527 -0.00764
0.010000 -0.03580 -0.03322 -0.01560 -0.00629 -0.00101
0.010000  0.02758  0.01642  0.00337  0.04389 -0.01337
0.010000 -0.01073 -0.02378 -0.01057 -0.01403 -0.02507
0.010000  0.00196  0.01380  0.00493 -0.00238  0.00520
0.010000 -0.00438  0.00002 -0.00334 -0.01043 -0.00747
0.010000 -0.03026 -0.01350 -0.01846 -0.02519 -0.00275
0.010000 -0.01494 -0.02323 -0.01184 -0.00769 -0.01119
0.010000 -0.00575 -0.02525  0.01575  0.02099 -0.01107
0.010000 -0.01741 -0.03016 -0.01236 -0.01468 -0.00945
0.010000 -0.01845  0.00191 -0.01878 -0.00892  0.00574
0.010000  0.00144  0.01380  0.00132  0.01518  0.01995
0.010000 -0.00711  0.00861  0.00689  0.00003 -0.00706
0.010000  0.00092  0.00116  0.03699  0.02390 -0.01565
0.010000 -0.00203 -0.01870  0.00923  0.00455 -0.01965
0.010000 -0.01398 -0.00961 -0.01885  0.00766  0.00071
0.010000 -0.00391  0.01238  0.01421  0.02208  0.01252
0.010000  0.01925  0.00749  0.01458 -0.00086 -0.02012
0.010000  0.02249  0.01679 -0.00415  0.01050 -0.00484
0.010000 -0.00058  0.01119 -0.02175 -0.01522  0.01811
0.010000  0.01287  0.01529  0.01972  0.03273 -0.00733
0.010000 -0.01446 -0.00417 -0.01281  0.00283 -0.00433
0.010000 -0.01898 -0.01561 -0.02302 -0.01621 -0.01477
0.010000  0.02074  0.00354 -0.00562  0.00333  0.00059
0.010000  0.00302  0.01395  0.00037  0.00986 -0.00055
0.010000 -0.00298 -0.00897 -0.01865 -0.01537 -0.00607
0.010000 -0.00251  0.01284  0.00090 -0.00174  0.00440
0.010000 -0.01165 -0.02491 -0.01320 -0.00481 -0.01655
0.010000 -0.02118 -0.03091 -0.01015 -0.01629 -0.02600
0.010000 -0.02176 -0.03074  0.01168 -0.00603 -0.01061
0.010000 -0.00937 -0.02731 -0.04090 -0.02037 -0.01694
0.010000 -0.00847 -0.02290 -0.00460  0.00431 -0.01874
0.010000 -0.00107 -0.02132  0.00128  0.02220 -0.00630
0.010000 -0.01591 -0.02746 -0.00562  0.00429 -0.01079
0.010000  0.00042  0.00965 -0.00248 -0.00954 -0.02555
0.010000 -0.01542 -0.00060 -0.00088 -0.00657  0.00162
0.010000  0.01048  0.01505 -0.00237  0.00200 -0.00608
0.010000 -0.04121 -0.02498 -0.01434 -0.02141 -0.00613
0.010000 -0.01211 -0.00794  0.00423  0.00151  0.03396
0.010000  0.00469 -0.00365 -0.01570 -0.00808 -0.00907
0.010000 -0.00155  0.01313  0.00532 -0.00446  0.01617
0.010000 -0.04417 -0.03445 -0.03385 -0.02822 -0.00544
0.010000  0.00975 -0.00984  0.01157  0.01108 -0.00921
0.010000  0.00837 -0.00038  0.01254  0.00961 -0.00745
0.010000  0.01374 -0.00359  0.00991  0.01945 -0.01501
0.010000 -0.02855 -0.01495  0.00122 -0.00865  0.02128
0.010000 -0.03329 -0.01765 -0.02010 -0.02378  0.00651
0.010000 -0.02938 -0.03207 -0.02787 -0.02620 -0.01700
0.010000 -0.00345 -0.02164  0.00244  0.00800 -0.01036
0.010000 -0.02296 -0.03110 -0.01258 -0.01433 -0.00752
0.010000 -0.01257 -0.02882 -0.02073 -0.01273 -0.01157
0.010000 -0.03905 -0.02091 -0.02470 -0.02812 -0.01199
0.010000  0.00526 -0.01497  0.03347  0.03101 -0.00037
0.010000 -0.02488 -0.03120 -0.01304 -0.01435 -0.02087
0.010000 -0.01951 -0.01950  0.00018 -0.00539 -0.00487
0.010000 -0.03448 -0.02011 -0.00639 -0.00567 -0.00120
0.010000 -0.02235 -0.00398 -0.01397 -0.02008 -0.00476
0.010000  0.01568  0.01310 -0.00382 -0.00458 -0.00477
0.010000 -0.01119  0.00014  0.01948  0.02121 -0.00374
0.010000 -0.02061 -0.02393  0.00311 -0.00976  0.00708
0.010000  0.00585  0.01027 -0.02628 -0.01824  0.01534
0.010000 -0.02422 -0.02835  0.01281  0.00156 -0.00722
0.010000  0.00646 -0.00804  0.02495  0.02752  0.00201
0.010000  0.01124  0.00836 -0.01583  0.09624  0.01452
0.010000 -0.03120 -0.03021 -0.02419 -0.02490 -0.00922
0.010000 -0.00892  0.00407  0.01655  0.01439 -0.00277
0.010000  0.00248  0.01351 -0.00200  0.00164  0.00778
0.010000 -0.01351 -0.00131  0.00627 -0.00244  0.00732
0.010000 -0.03221 -0.03264 -0.04491 -0.02929 -0.00421
0.010000  0.00708 -0.00029  0.01096  0.04696  0.00140
0.010000 -0.01027 -0.02411 -0.01337 -0.00790  0.00084
0.010000  0.01794  0.01334 -0.00304  0.00461 -0.00305
0.010000  0.02464  0.00917  0.00957  0.01900 -0.01417
0.010000 -0.00757 -0.00770 -0.01512 -0.00448  0.00584
0.010000 -0.01304 -0.01069 -0.00231 -0.00377 -0.02068
0.010000  0.01468  0.01157  0.00611  0.00799 -0.01866
0.010000 -0.00982 -0.00985 -0.00381 -0.00190 -0.01049
0.010000  0.00905 -0.00960 -0.01372  0.00647 -0.00410
0.010000 -0.02006 -0.01572  0.00154 -0.01033 -0.00584
0.010000 -0.01691 -0.00954 -0.00555 -0.00704 -0.01126
0.010000 -0.00530 -0.02386 -0.00546  0.02263 -0.02202
0.010000 -0.00621 -0.00491  0.00363 -0.00301 -0.00562
0.010000 -0.02626 -0.02105 -0.02189 -0.02722 -0.01740
0.010000 -0.01793 -0.00709 -0.01979 -0.01838  0.00712
0.010000  0.01676  0.01605 -0.01710  0.01138 -0.00469
0.010000  0.00356 -0.00665  0.00387  0.00669 -0.01352
0.010000 -0.00802 -0.01110  0.00155 -0.00058 -0.01189
0.010000 -0.05016 -0.00510 -0.04175 -0.02326 -0.00115
0.010000  0.01203  0.01252  0.01659  0.01410  0.00926
0.010000  0.03352  0.01819  0.02580  0.05312 -0.00403
0.010000 -0.00666 -0.02572 -0.00731 -0.01241 -0.01258
0.010000 -0.03729 -0.03080 -0.01105 -0.02142 -0.01245
0.010000 -0.02775 -0.03181 -0.03331 -0.02648  0.00341
0.010000  0.00772  0.00200  0.01711  0.00328  0.00203
