# Scenario generation method from a paper by Hoyland, Kaut & Wallace
# Code by Michal Kaut (michal.kaut@iot.ntnu.n) & Diego Mathieu

#   prob   var  1   var  2   var  3   var  4   var  5
0.010000 -0.05956 -0.04069 -0.00586  0.00776 -0.02726
0.010000 -0.03754 -0.01468 -0.03051 -0.01670 -0.03824
0.010000 -0.01081 -0.01823  0.03465  0.09098  0.02156
0.010000  0.02812  0.01054  0.00792  0.01247 -0.00835
0.010000  0.00323 -0.00845  0.03288  0.01901  0.05278
0.010000 -0.01410 -0.02137  0.01035  0.00062 -0.01188
0.010000  0.01842  0.01274  0.00117 -0.01331  0.01285
0.010000  0.00123 -0.00015 -0.00820  0.00106  0.06707
0.010000  0.00529  0.00003  0.00521 -0.00912  0.00372
0.010000  0.03985  0.02870  0.00086 -0.00309 -0.04038
0.010000  0.01126 -0.01280 -0.00240  0.02862 -0.00022
0.010000  0.00968  0.00164  0.00451  0.00838  0.02280
0.010000  0.02967  0.02248 -0.00120  0.00298 -0.00559
0.010000  0.02667  0.00733  0.00675  0.02363  0.00136
0.010000 -0.00387  0.00196 -0.01825 -0.01315 -0.05182
0.010000 -0.01757 -0.01201 -0.00721  0.00048  0.01016
0.010000  0.03316  0.01588 -0.00235  0.00647  0.03943
0.010000 -0.01830 -0.01605 -0.02358 -0.01828 -0.00114
0.010000  0.01945  0.01814 -0.00368  0.00115  0.05720
0.010000  0.00390  0.03094 -0.02771 -0.04484 -0.03640
0.010000  0.04272  0.01733  0.04095  0.05085 -0.01063
0.010000 -0.01546 -0.00369 -0.02770 -0.04001 -0.01533
0.010000 -0.00889 -0.00583  0.00695  0.00201  0.01592
0.010000  0.00255  0.00305  0.01984  0.00470  0.02030
0.010000 -0.04122 -0.02375 -0.02334 -0.03675 -0.04319
0.010000 -0.00763 -0.00811 -0.01392 -0.01608 -0.02133
0.010000 -0.01146 -0.00938 -0.01406 -0.01332 -0.04668
0.010000  0.01743  0.00422  0.00723 -0.00187 -0.02065
0.010000 -0.01477 -0.01529  0.00311 -0.00022  0.02032
0.010000 -0.00135 -0.01039  0.03287  0.02151  0.04947
0.010000  0.08555  0.04757  0.05005  0.06044  0.01007
0.010000 -0.02754 -0.02218 -0.01375 -0.01571 -0.04310
0.010000 -0.03452 -0.01578 -0.03079 -0.02479  0.01029
0.010000 -0.00638 -0.00195 -0.02344 -0.02484 -0.05417
0.010000 -0.00826 -0.00453  0.00452 -0.01431  0.02272
0.010000  0.00743  0.00225  0.00275  0.01758 -0.02089
0.010000 -0.01017 -0.02579 -0.00586 -0.00688 -0.04126
0.010000 -0.04921 -0.02986 -0.02777 -0.03221 -0.02773
0.010000 -0.04343 -0.02557 -0.02920 -0.04484 -0.04057
0.010000  0.01647  0.00293  0.03185  0.03230  0.02193
0.010000 -0.02298 -0.01415  0.00798 -0.00354  0.01186
0.010000 -0.01343 -0.02026 -0.02009 -0.00816 -0.05857
0.010000 -0.02216 -0.01671  0.00503 -0.02307  0.01437
0.010000  0.02163  0.01418 -0.00031 -0.00229 -0.01145
0.010000  0.01046 -0.00060  0.05080  0.02807  0.03435
0.010000 -0.01979 -0.01707  0.00963  0.00581 -0.01277
0.010000  0.01207  0.00107  0.01851  0.02837 -0.03192
0.010000 -0.01211 -0.00905 -0.02322 -0.01200 -0.02057
0.010000  0.01291  0.01716 -0.00569  0.00466  0.01843
0.010000  0.00599 -0.01287  0.02368  0.02618  0.00514
0.010000 -0.00512 -0.01363  0.00665  0.02433  0.00088
0.010000  0.02531  0.01476 -0.00593  0.02601  0.05182
0.010000 -0.00953 -0.03240  0.02676  0.00330  0.00865
0.010000  0.03515  0.01201  0.03043  0.01369 -0.00364
0.010000 -0.01686 -0.00959 -0.02641 -0.03654 -0.04325
0.010000 -0.02962 -0.01462 -0.02033 -0.03095 -0.04254
0.010000  0.00892  0.00556  0.01071  0.00352  0.06309
0.010000 -0.03597 -0.02038 -0.01672 -0.01240 -0.04823
0.010000 -0.02384 -0.02090  0.02768  0.00776 -0.02157
0.010000 -0.02135 -0.01107 -0.02486 -0.01273 -0.01957
0.010000  0.00671  0.00386  0.00185 -0.00304  0.06031
0.010000 -0.02855 -0.01389  0.01902 -0.00652  0.00129
0.010000 -0.04603 -0.02595 -0.03087 -0.04044  0.01253
0.010000  0.03135  0.00114  0.05982  0.03495  0.00426
0.010000 -0.02471 -0.01329 -0.00233  0.02227 -0.03412
0.010000  0.00817  0.00247 -0.01274 -0.00971 -0.04328
0.010000  0.01464  0.02306  0.00922 -0.00028 -0.02276
0.010000  0.05589  0.03223  0.03760  0.02579 -0.02216
0.010000  0.02052  0.00157  0.05197  0.02584  0.03482
0.010000  0.05033  0.01455  0.02437 -0.00276 -0.05050
0.010000 -0.03074 -0.01947 -0.01553 -0.01610 -0.03810
0.010000 -0.01276 -0.01229 -0.00923 -0.00082 -0.02421
0.010000  0.02280  0.01455  0.00630  0.00751  0.03085
0.010000 -0.07490 -0.08592 -0.02411 -0.03397 -0.00222
0.010000 -0.01904 -0.00612 -0.02630 -0.02129 -0.05521
0.010000 -0.00450 -0.00277  0.04897  0.00571  0.07759
0.010000 -0.00700 -0.00022 -0.01128 -0.00929  0.00937
0.010000  0.03736  0.01100  0.02160  0.01479  0.00548
0.010000  0.00058 -0.01684  0.00379 -0.01143 -0.00233
0.010000 -0.03318 -0.01698  0.00558 -0.00802  0.04121
0.010000  0.00459  0.00350  0.01534 -0.00034  0.03784
0.010000 -0.00575 -0.01011  0.01712 -0.00055 -0.02724
0.010000 -0.00071  0.00817 -0.01715 -0.02090 -0.03753
0.010000 -0.03928 -0.01523 -0.02477 -0.03916 -0.00353
0.010000 -0.02656 -0.01568 -0.02750 -0.01890  0.00092
0.010000 -0.00199 -0.00558  0.04921  0.01578  0.03076
0.010000 -0.02056 -0.00817 -0.00685 -0.00956 -0.03469
0.010000 -0.03192 -0.00504 -0.02270 -0.01651 -0.02101
0.010000 -0.05337 -0.02172 -0.02713 -0.03475 -0.04378
0.010000  0.04612  0.03112  0.00824  0.00238  0.03507
0.010000 -0.00007 -0.00114  0.00493  0.00132 -0.00939
0.010000  0.00189  0.01034 -0.01202 -0.01897  0.03321
0.010000  0.06430  0.03036  0.04950  0.03351  0.06429
0.010000 -0.00325  0.01687  0.00099 -0.02087  0.01772
0.010000 -0.01615 -0.01884  0.00556 -0.01503  0.02380
0.010000  0.02402  0.02602  0.04210  0.03194  0.07820
0.010000  0.01376  0.01254  0.07171  0.03942  0.01567
0.010000 -0.02562 -0.03673  0.00371  0.00073 -0.04751
0.010000  0.01554 -0.00409 -0.00321  0.00316 -0.01454
0.010000 -0.00262 -0.00877  0.02846  0.00737  0.04656
