# Scenario generation method from a paper by Hoyland, Kaut & Wallace
# Code by Michal Kaut (michal.kaut@iot.ntnu.n) & Diego Mathieu

#   prob   var  1   var  2   var  3   var  4   var  5
0.010000  0.00216  0.00739 -0.00633  0.00169 -0.00668
0.010000 -0.01186 -0.00982 -0.00322  0.00132 -0.02213
0.010000  0.00951  0.00121  0.01296  0.00510 -0.02660
0.010000 -0.01735 -0.00682 -0.00506 -0.01699 -0.00441
0.010000  0.00022  0.00338  0.01621 -0.04744 -0.04101
0.010000 -0.00118 -0.00632  0.01270 -0.02901 -0.02117
0.010000 -0.00486 -0.01050 -0.00117  0.00922  0.00414
0.010000 -0.00624 -0.01183  0.00535 -0.00306 -0.01333
0.010000 -0.03217 -0.00375 -0.00940 -0.01986 -0.01355
0.010000  0.00383  0.00835  0.01447 -0.00105 -0.01422
0.010000  0.01256 -0.00835  0.00700 -0.03046 -0.00547
0.010000  0.00914  0.00191 -0.00372 -0.00254  0.00105
0.010000  0.01205  0.00602 -0.00229 -0.00557  0.00505
0.010000  0.00557 -0.00419 -0.00068 -0.03320  0.00032
0.010000  0.00189 -0.00154 -0.00060 -0.02321  0.01125
0.010000 -0.00589 -0.01050 -0.00810  0.01384  0.02714
0.010000  0.00527 -0.00142  0.01602 -0.01587 -0.00045
0.010000  0.00078 -0.00841 -0.00344  0.00830  0.00995
0.010000 -0.00176  0.00069 -0.00585 -0.00337  0.00669
0.010000 -0.01568  0.00597  0.00998 -0.02144 -0.02563
0.010000 -0.04216  0.00442 -0.01125 -0.04066 -0.01277
0.010000  0.01578 -0.01096  0.00008  0.01057 -0.00618
0.010000  0.00299 -0.00885 -0.00550 -0.01509  0.01530
0.010000 -0.00389  0.01296 -0.00784 -0.03070  0.01956
0.010000 -0.00265 -0.01577  0.00641  0.00026 -0.02206
0.010000  0.00469  0.00496 -0.00513  0.00122  0.00094
0.010000  0.00272 -0.00326  0.00114 -0.00091 -0.01813
0.010000 -0.01299 -0.00480 -0.00912  0.00290  0.00441
0.010000 -0.01034 -0.01692  0.00424  0.01158 -0.01138
0.010000 -0.00062 -0.01649  0.00432  0.01213  0.00212
0.010000 -0.00235 -0.01823 -0.00342  0.00655 -0.00701
0.010000 -0.00206 -0.01728 -0.00513  0.01738 -0.00512
0.010000 -0.01241 -0.01183 -0.00891  0.00950  0.04022
0.010000 -0.00698 -0.01575 -0.00331 -0.01784 -0.01823
0.010000 -0.00090 -0.01573 -0.00352  0.01364  0.02358
0.010000 -0.00554 -0.01727 -0.00794  0.00498 -0.00017
0.010000  0.01367  0.00399  0.00713  0.00804 -0.02773
0.010000  0.01668 -0.00017  0.01890 -0.02242  0.02022
0.010000  0.00842 -0.00085 -0.00302  0.00953  0.00695
0.010000 -0.00453  0.01409 -0.00107 -0.03061 -0.02153
0.010000  0.00808  0.00628 -0.00471 -0.04530  0.03521
0.010000  0.01070  0.00860  0.00138 -0.01835 -0.01012
0.010000  0.00678  0.00075  0.01094 -0.01393 -0.01616
0.010000  0.02115  0.00580  0.00979 -0.00323 -0.00258
0.010000  0.01499  0.01283  0.00922 -0.00175 -0.00101
0.010000  0.00244 -0.00659 -0.00287  0.00100  0.01615
0.010000  0.00617  0.01062 -0.00550  0.00472 -0.01012
0.010000 -0.01495 -0.00716 -0.00542 -0.00990 -0.01039
0.010000 -0.00661 -0.00741  0.00576  0.00023 -0.00508
0.010000  0.02584 -0.00147  0.01803 -0.01403  0.01433
0.010000  0.01113  0.01581  0.00615 -0.01932 -0.00398
0.010000 -0.01083 -0.02013  0.00610  0.01306 -0.01629
0.010000 -0.02191 -0.00770  0.00441 -0.02583 -0.05530
0.010000  0.00498 -0.00340 -0.00494 -0.06091 -0.00268
0.010000 -0.00033 -0.00750 -0.00554 -0.01048 -0.00670
0.010000 -0.00421 -0.01322  0.00949  0.00585 -0.02038
0.010000 -0.02354 -0.00616 -0.00949  0.00435  0.01801
0.010000 -0.02819 -0.01794 -0.00978 -0.03130  0.03719
0.010000  0.00710 -0.00914  0.01014  0.01270 -0.01811
0.010000 -0.02054  0.00526 -0.00982 -0.02120  0.00095
0.010000  0.00586 -0.00388  0.00575 -0.01864 -0.02551
0.010000  0.00161 -0.00609 -0.00110  0.00881  0.03466
0.010000 -0.01935  0.00226 -0.00969 -0.02984 -0.01321
0.010000 -0.00942  0.00655  0.00949 -0.01669 -0.00833
0.010000  0.00878 -0.00770  0.01514 -0.03231 -0.01200
0.010000 -0.01426 -0.00676 -0.00892  0.00963  0.03407
0.010000 -0.01361 -0.00063 -0.00847  0.00454  0.00022
0.010000  0.01430  0.00568 -0.00208  0.00811  0.00275
0.010000  0.00412 -0.01151  0.01197  0.01232 -0.01490
0.010000  0.01915 -0.00341  0.01706 -0.01204 -0.03104
0.010000  0.01158 -0.00339  0.00971  0.01070 -0.00872
0.010000  0.00355 -0.00973 -0.00159  0.01277 -0.00037
0.010000 -0.01830 -0.00537 -0.00945 -0.01100  0.01110
0.010000 -0.00856 -0.01213 -0.00667  0.00660  0.00860
0.010000 -0.00357 -0.00007 -0.00051 -0.00752 -0.00572
0.010000  0.00440 -0.00064  0.00815 -0.06013 -0.00908
0.010000  0.00742  0.00722 -0.00231 -0.02453  0.03167
0.010000  0.00775 -0.00481 -0.00365 -0.03875  0.01360
0.010000  0.00647  0.01196 -0.00503 -0.00556 -0.00000
0.010000 -0.00147 -0.01760  0.00455 -0.01433  0.03796
0.010000 -0.00520 -0.01499 -0.00735  0.01083 -0.00587
0.010000 -0.00775  0.00413 -0.00749  0.00279  0.01744
0.010000  0.00050 -0.00405  0.01121 -0.00667 -0.01603
0.010000  0.00327  0.01418  0.00967 -0.01786 -0.01621
0.010000 -0.00296  0.00506 -0.00646 -0.00347  0.00935
0.010000  0.01309  0.00412 -0.00132 -0.01307  0.01211
0.010000 -0.00326  0.00147 -0.00087 -0.00047 -0.01150
0.010000 -0.00005 -0.00766  0.00248  0.00214 -0.01146
0.010000  0.00989  0.00413  0.00037  0.00225  0.02114
0.010000 -0.01133 -0.01466  0.00935  0.00609 -0.00522
0.010000  0.01776  0.00700  0.00389 -0.00098 -0.02552
0.010000  0.01029 -0.00585 -0.00032  0.00092 -0.00458
0.010000 -0.01648 -0.01742 -0.00823  0.00936 -0.00872
0.010000 -0.00815  0.00213 -0.00080 -0.02008 -0.01798
0.010000 -0.00736 -0.00691  0.00039 -0.01307 -0.01305
0.010000  0.00133 -0.01133 -0.00204  0.01134 -0.00910
0.010000  0.00106 -0.01254  0.00075  0.01473 -0.00842
0.010000 -0.02554 -0.01108 -0.00988 -0.03161  0.00491
0.010000 -0.00987 -0.00615 -0.00867 -0.02641  0.01254
0.010000 -0.00898 -0.01527 -0.00804  0.01612 -0.00489
