# Scenario generation method from a paper by Hoyland, Kaut & Wallace
# Code by Michal Kaut (michal.kaut@iot.ntnu.n) & Diego Mathieu

#   prob   var  1   var  2   var  3   var  4   var  5
0.010000 -0.02441  0.00077 -0.01189 -0.00585 -0.02640
0.010000 -0.01803  0.01037 -0.00006 -0.01009  0.00664
0.010000  0.05467  0.00899  0.01547  0.06290  0.03131
0.010000  0.00419  0.01432 -0.00545 -0.00727  0.01022
0.010000  0.01801  0.03099  0.00775 -0.01150  0.00025
0.010000  0.00089 -0.01726 -0.00234  0.04940  0.03145
0.010000 -0.02198 -0.01150 -0.01538  0.00885  0.00411
0.010000 -0.01377 -0.00409  0.00233 -0.00224 -0.00388
0.010000 -0.02479 -0.01063 -0.01239  0.05908  0.00304
0.010000 -0.02362 -0.00410 -0.00994 -0.00336 -0.00018
0.010000  0.03169  0.03492  0.00243  0.04430 -0.00208
0.010000  0.01138 -0.00292  0.00299  0.05446  0.03312
0.010000 -0.02464 -0.00941 -0.00504  0.01218  0.03073
0.010000  0.00650 -0.00166  0.00213  0.05444  0.02993
0.010000  0.05034  0.01529  0.03463  0.02603  0.02126
0.010000  0.02085 -0.00470  0.00361  0.02454  0.00935
0.010000  0.03004 -0.00384  0.00947  0.03309  0.01411
0.010000  0.06672  0.01584  0.06276  0.06821  0.06493
0.010000  0.01012 -0.01041  0.07509  0.04352  0.04410
0.010000 -0.00516  0.01487 -0.00203 -0.00882 -0.05807
0.010000 -0.02287 -0.01877 -0.00517  0.02868 -0.00058
0.010000 -0.02445 -0.02121 -0.00293  0.03145  0.01683
0.010000 -0.01527 -0.01146 -0.00945  0.07568 -0.02545
0.010000  0.06167  0.02702  0.01450 -0.00479 -0.01494
0.010000 -0.00017 -0.00229 -0.00602  0.00326 -0.00240
0.010000 -0.02476 -0.00558 -0.01697  0.00895  0.01478
0.010000  0.02531  0.00908  0.00453  0.04360  0.04321
0.010000 -0.01226  0.02338 -0.01618 -0.01092  0.02153
0.010000 -0.00883  0.00167  0.01877 -0.00709  0.02700
0.010000 -0.01299  0.00487 -0.00154 -0.00701  0.07731
0.010000 -0.02352  0.01339 -0.00882 -0.01030 -0.02209
0.010000  0.07204  0.03297  0.02196 -0.00679  0.04500
0.010000  0.00233  0.00966 -0.00539  0.04268  0.01023
0.010000  0.04046  0.01746  0.06071 -0.00438  0.02914
0.010000  0.03683  0.01272  0.01268  0.00047  0.00402
0.010000 -0.00703 -0.00179 -0.00136  0.00095 -0.02641
0.010000  0.04826  0.00668  0.01174  0.07802  0.03829
0.010000  0.01528  0.02384  0.00648 -0.01048 -0.06240
0.010000 -0.01595 -0.00952 -0.00956  0.00806  0.02481
0.010000 -0.01599 -0.01386  0.00667  0.01402  0.01831
0.010000  0.07691  0.03034  0.02238 -0.00428  0.06613
0.010000 -0.02244  0.01937 -0.01920  0.01199 -0.04384
0.010000 -0.00970  0.00023 -0.00597  0.03541  0.01219
0.010000 -0.00794  0.00311 -0.01029 -0.00287 -0.00772
0.010000 -0.02040  0.00397 -0.00222 -0.00797 -0.01777
0.010000  0.06415  0.03430  0.02141 -0.00084  0.08013
0.010000 -0.02405  0.00376 -0.01630 -0.00632 -0.01944
0.010000  0.02685  0.01682  0.01778 -0.00747  0.02143
0.010000  0.00768  0.01611  0.01019 -0.00941 -0.01385
0.010000 -0.01669  0.01877 -0.01774 -0.00475  0.00859
0.010000  0.02230  0.01716  0.00390 -0.00643  0.04982
0.010000 -0.02422 -0.00311  0.00353  0.01397 -0.01253
0.010000 -0.02474 -0.01466  0.00058  0.07319  0.01638
0.010000  0.01266  0.01828 -0.00073 -0.00802 -0.00106
0.010000  0.03336 -0.00695  0.01128  0.05514  0.02886
0.010000 -0.01866  0.00202 -0.01237 -0.00522  0.01435
0.010000 -0.02098  0.01148 -0.01042 -0.00972 -0.00481
0.010000  0.01396  0.02034  0.00927 -0.00990 -0.02747
0.010000 -0.01453  0.01043 -0.00964  0.00180 -0.02250
0.010000 -0.00121  0.01882  0.00062  0.00867  0.00998
0.010000  0.03508  0.01565  0.01058  0.03653  0.01858
0.010000  0.02379  0.01872  0.00928 -0.00775  0.01888
0.010000  0.07428  0.03692  0.01667  0.00644  0.00735
0.010000  0.04624  0.01180  0.03911  0.05141  0.03394
0.010000 -0.01987  0.01610 -0.00085 -0.01102  0.00582
0.010000 -0.02278  0.00044 -0.01768 -0.00435  0.02091
0.010000 -0.00322 -0.00524 -0.00217  0.06778 -0.00838
0.010000 -0.02177 -0.00552 -0.00799  0.02929  0.02438
0.010000 -0.01220 -0.01200 -0.00711  0.07681  0.02094
0.010000 -0.02149  0.00755 -0.00969 -0.00852 -0.01243
0.010000  0.01957 -0.00400  0.00522  0.01966  0.00498
0.010000 -0.01854  0.02587  0.00166  0.03288 -0.02571
0.010000  0.03863  0.01549  0.01140  0.00536 -0.00492
0.010000 -0.02462 -0.01725 -0.01386  0.01463  0.01176
0.010000  0.02843  0.02719  0.01241 -0.00880  0.03997
0.010000  0.00197 -0.00423  0.00169  0.07426  0.00764
0.010000 -0.01928 -0.01907 -0.00553  0.03708  0.01416
0.010000  0.00307  0.02480  0.00538 -0.00951  0.01735
0.010000  0.05693  0.03303  0.01280 -0.00816 -0.01812
0.010000  0.00889  0.00912  0.00044  0.05968 -0.00351
0.010000  0.04234 -0.00299  0.01019  0.06301 -0.05041
0.010000 -0.01055  0.01535 -0.01239  0.00692 -0.02281
0.010000  0.06935  0.00143  0.05693  0.07702  0.00697
0.010000 -0.00420  0.00220 -0.00492  0.06135 -0.03310
0.010000 -0.00223 -0.00123 -0.00542  0.01385 -0.02264
0.010000  0.05926  0.00385  0.01713  0.07748  0.05237
0.010000  0.07469  0.01009  0.04777  0.04534  0.00759
0.010000  0.01664  0.03008  0.00065 -0.01108  0.01242
0.010000 -0.02394 -0.00845 -0.00206  0.06858  0.01450
0.010000  0.07419  0.03643  0.02629 -0.00655  0.00784
0.010000 -0.01138 -0.01090  0.00103  0.05274  0.01184
0.010000  0.00533 -0.01631  0.00796  0.06882  0.00383
0.010000 -0.02326  0.00357 -0.00908  0.03334 -0.02586
0.010000  0.04426  0.01737  0.03408  0.02984  0.03993
0.010000 -0.02043  0.01846  0.00978 -0.01137  0.02271
0.010000 -0.00671  0.00627 -0.00938  0.02900 -0.01495
0.010000  0.05247  0.03033  0.02578 -0.00858  0.01532
0.010000 -0.00611  0.01415 -0.00124 -0.00964 -0.00282
0.010000 -0.01737 -0.00587 -0.00468  0.00653 -0.00389
0.010000  0.01942  0.01798  0.01047  0.02937  0.02647
