# Scenario generation method from a paper by Hoyland, Kaut & Wallace
# Code by Michal Kaut (michal.kaut@iot.ntnu.n) & Diego Mathieu

#   prob   var  1   var  2   var  3   var  4   var  5
0.010000 -0.03741 -0.03399 -0.01233 -0.01690 -0.00516
0.010000 -0.00098 -0.01328 -0.01135  0.01614  0.00373
0.010000 -0.02266 -0.03222 -0.00862 -0.01114 -0.01294
0.010000 -0.00467 -0.02414  0.02003 -0.01343  0.00795
0.010000 -0.02330 -0.02216 -0.01624  0.03291 -0.00826
0.010000 -0.01352 -0.02110 -0.00708 -0.00232  0.00992
0.010000  0.00618 -0.00944 -0.01116 -0.00276  0.00145
0.010000  0.02148  0.01204 -0.00318  0.02328  0.00121
0.010000  0.02488  0.02374 -0.01223 -0.00111  0.00353
0.010000 -0.02204 -0.03178 -0.00621  0.00929 -0.00449
0.010000 -0.01736 -0.01624  0.00325 -0.00355 -0.00020
0.010000  0.05253  0.03147  0.01638  0.01466  0.00487
0.010000  0.00239 -0.01703 -0.00632 -0.00652 -0.00079
0.010000 -0.00973 -0.00022 -0.00926 -0.00953 -0.00491
0.010000 -0.00225 -0.00976  0.00729 -0.01210  0.00027
0.010000  0.02898  0.01233 -0.00022  0.00041  0.00481
0.010000 -0.02826 -0.00944 -0.01809 -0.01337 -0.00851
0.010000 -0.02462 -0.02406 -0.01155 -0.00733 -0.01152
0.010000  0.00385 -0.00543  0.00497 -0.01215  0.01209
0.010000 -0.01792 -0.02718  0.00024  0.00526  0.00113
0.010000 -0.00162 -0.00202  0.00800 -0.01126 -0.00109
0.010000  0.00169  0.00370  0.04022 -0.00387  0.01245
0.010000 -0.03888 -0.03406 -0.00740 -0.00835 -0.00783
0.010000 -0.01406 -0.02080  0.01438 -0.01228 -0.00092
0.010000  0.01259 -0.00692  0.00495  0.00759 -0.00224
0.010000 -0.04244 -0.03313 -0.00801 -0.01899 -0.00151
0.010000  0.01855 -0.00891  0.01638  0.01138  0.02550
0.010000  0.03735  0.04009 -0.00004 -0.00050  0.00979
0.010000  0.04603  0.02125  0.04713 -0.00048  0.02058
0.010000 -0.07163 -0.03652 -0.01849 -0.00757 -0.01034
0.010000 -0.01298 -0.02416 -0.00141 -0.01113 -0.00028
0.010000 -0.02601 -0.00221 -0.02042 -0.01478  0.00568
0.010000 -0.02395 -0.03114 -0.01203  0.00501 -0.00642
0.010000  0.01723 -0.00162  0.01075 -0.00833  0.00765
0.010000 -0.03375 -0.01777  0.00605  0.04004 -0.01057
0.010000  0.00700 -0.01029  0.01622 -0.01102  0.01118
0.010000 -0.00753  0.02117 -0.00110 -0.01458 -0.00341
0.010000 -0.01082 -0.00624  0.00492 -0.00718  0.03380
0.010000 -0.03608  0.00226  0.00529 -0.01256 -0.01081
0.010000 -0.00864 -0.02409 -0.01105  0.00880 -0.00311
0.010000  0.01059  0.01445 -0.01500  0.01261 -0.00673
0.010000 -0.01136 -0.00236 -0.01665 -0.00335 -0.00394
0.010000 -0.02530 -0.01022 -0.01871 -0.00658 -0.00716
0.010000  0.02311  0.01574 -0.01193 -0.00130  0.00545
0.010000  0.03139  0.00496  0.01245  0.00126  0.00773
0.010000  0.01157  0.01134  0.00795 -0.01157  0.01093
0.010000 -0.00407 -0.01644 -0.01183  0.00464 -0.00333
0.010000  0.00873 -0.00159 -0.00926  0.03047  0.00232
0.010000  0.06260  0.02207  0.02114  0.00853  0.00917
0.010000 -0.01680 -0.02529 -0.00075 -0.00787  0.00131
0.010000 -0.04469 -0.03211 -0.01893 -0.01474 -0.01153
0.010000 -0.02991 -0.02658  0.01128 -0.02601  0.00786
0.010000 -0.01460  0.01209  0.00451  0.00616 -0.00524
0.010000 -0.00034  0.01424 -0.01515 -0.00184 -0.00642
0.010000 -0.00918  0.00940  0.00039 -0.00493 -0.00868
0.010000 -0.00583 -0.02597 -0.00733  0.01723 -0.00081
0.010000 -0.05119 -0.01795  0.00474 -0.01532 -0.00874
0.010000  0.03414  0.01295  0.00835 -0.00351  0.00059
0.010000 -0.01625  0.00212 -0.00173 -0.01379 -0.00176
0.010000 -0.02082 -0.03164 -0.00305 -0.00291 -0.00417
0.010000  0.08911  0.04320  0.03641  0.02914  0.03465
0.010000 -0.05686 -0.03492 -0.01470 -0.01702 -0.00689
0.010000 -0.03172 -0.02032 -0.00875 -0.01110 -0.00899
0.010000 -0.01190 -0.02517 -0.00438  0.01043  0.02898
0.010000 -0.01906  0.00530 -0.01200 -0.00822  0.00321
0.010000 -0.02906 -0.03159 -0.00046 -0.01214 -0.00821
0.010000 -0.03487 -0.02390 -0.00900 -0.01811 -0.02499
0.010000 -0.02022 -0.01924 -0.01145 -0.01123 -0.00411
0.010000  0.00964 -0.01554  0.00359 -0.00327  0.00213
0.010000  0.01367  0.00143  0.00655  0.00001  0.00441
0.010000 -0.00640 -0.00871 -0.00933 -0.00238 -0.00715
0.010000  0.00785 -0.01539 -0.00881  0.01053 -0.00219
0.010000  0.01598  0.02547 -0.01038 -0.00209  0.00725
0.010000 -0.01515 -0.01497 -0.00103 -0.00927 -0.00762
0.010000 -0.00808 -0.02484  0.00424 -0.00325  0.00622
0.010000  0.04120  0.02130  0.01757 -0.00411  0.00390
0.010000 -0.00525 -0.02288 -0.00939  0.02797 -0.00317
0.010000  0.00033  0.00740 -0.01316 -0.00729 -0.00473
0.010000 -0.01964 -0.03065  0.00016  0.01119 -0.00641
0.010000 -0.03079 -0.02791 -0.01073 -0.00867 -0.00409
0.010000  0.00460 -0.01679 -0.00875  0.00166  0.01311
0.010000 -0.03270 -0.01036 -0.01716 -0.01674 -0.01056
0.010000  0.01479  0.00153  0.01565 -0.00880  0.00609
0.010000 -0.02748 -0.03319 -0.01440 -0.00701 -0.00917
0.010000  0.00538 -0.00761  0.00322 -0.00798 -0.00224
0.010000 -0.04054 -0.03238 -0.01023 -0.01531 -0.00712
0.010000 -0.01027  0.00147  0.00459  0.01879 -0.00357
0.010000  0.00100  0.02880 -0.02034  0.00096 -0.01160
0.010000 -0.00287 -0.02416  0.01877 -0.00430  0.00297
0.010000 -0.04748 -0.02806 -0.01595 -0.02001 -0.00980
0.010000  0.01996  0.02877 -0.01378 -0.00171 -0.00285
0.010000 -0.01848 -0.03079  0.01237 -0.01049  0.00517
0.010000 -0.01570 -0.00482 -0.00654 -0.01220 -0.00526
0.010000  0.02683  0.02424 -0.00852  0.01780  0.00921
0.010000 -0.00347 -0.00259 -0.00878 -0.00848 -0.00329
0.010000 -0.01244 -0.01822  0.00954 -0.01301 -0.00583
0.010000 -0.02673 -0.00405  0.00839 -0.02718  0.01701
0.010000 -0.00697 -0.00227 -0.01510 -0.00735 -0.00458
0.010000 -0.02142 -0.01800 -0.01560 -0.00705 -0.01500
0.010000  0.00311 -0.02056  0.00873 -0.00538  0.00072
