# Scenario generation method from a paper by Hoyland, Kaut & Wallace
# Code by Michal Kaut (michal.kaut@iot.ntnu.n) & Diego Mathieu

#   prob   var  1   var  2   var  3   var  4   var  5
0.010000  0.00491 -0.00737  0.00405  0.00018 -0.00704
0.010000  0.00022 -0.00621  0.02773  0.00848  0.04043
0.010000  0.01989  0.00665  0.02358  0.00516 -0.00906
0.010000  0.01774 -0.00292  0.01692  0.00547 -0.02203
0.010000  0.00999  0.00035 -0.00343 -0.00502  0.00467
0.010000 -0.03198 -0.01424 -0.01119 -0.02567 -0.00022
0.010000 -0.02121 -0.01135  0.01329  0.00552  0.02763
0.010000  0.00898  0.00353 -0.00299 -0.00511 -0.01103
0.010000 -0.04318 -0.02206 -0.02683 -0.01806 -0.02256
0.010000 -0.01168 -0.00507 -0.00452 -0.00600 -0.00990
0.010000 -0.01607 -0.01378  0.00839 -0.00263  0.02348
0.010000  0.00542  0.01030  0.00408  0.00219  0.01953
0.010000  0.00949 -0.00501  0.01811  0.02401  0.00296
0.010000  0.02418  0.00152  0.03648  0.01185 -0.00373
0.010000 -0.01100 -0.01304 -0.01684 -0.00847 -0.03983
0.010000  0.02153  0.01772  0.01582  0.01234  0.01145
0.010000  0.00695  0.00214 -0.00195 -0.00529 -0.00311
0.010000 -0.03046 -0.01178 -0.02021 -0.01400 -0.03283
0.010000 -0.00032  0.00987 -0.00628  0.00232 -0.01431
0.010000  0.01881  0.00931  0.00099 -0.01382 -0.02598
0.010000  0.02462  0.00287  0.01869  0.01729 -0.02496
0.010000 -0.01034  0.00107 -0.00114  0.00617 -0.00660
0.010000 -0.02534 -0.02299 -0.01534 -0.02504 -0.01460
0.010000 -0.02773 -0.02135  0.00364 -0.00987 -0.01019
0.010000  0.02262  0.01547  0.01513  0.02108 -0.00515
0.010000  0.02031 -0.00134  0.03004  0.01293  0.01692
0.010000 -0.00478 -0.00618 -0.01257 -0.00730 -0.04419
0.010000  0.02368  0.00953  0.01347  0.01045  0.00169
0.010000  0.00644  0.00890 -0.00055  0.00767 -0.02365
0.010000 -0.04012 -0.00848 -0.02205 -0.01489 -0.01729
0.010000  0.00746  0.00372  0.01257  0.00048 -0.00537
0.010000 -0.03764 -0.01098 -0.03370 -0.01629 -0.01297
0.010000  0.01459  0.00245  0.02904  0.02723  0.00635
0.010000  0.01050  0.01461 -0.00348 -0.00665  0.00892
0.010000 -0.02423 -0.00827 -0.01625 -0.01370 -0.01811
0.010000  0.00285 -0.00062  0.05309  0.04648  0.07055
0.010000 -0.00306 -0.00113 -0.01452 -0.01037 -0.02567
0.010000 -0.02028 -0.00752 -0.02115 -0.01612 -0.03107
0.010000  0.02459  0.00887  0.00567  0.01010 -0.02450
0.010000  0.02496  0.00943  0.03590  0.02055  0.02740
0.010000  0.02316  0.01020  0.06061  0.04594  0.07158
0.010000  0.00233  0.00532 -0.00812 -0.00376 -0.02541
0.010000 -0.00904 -0.00305 -0.01057 -0.00900 -0.03231
0.010000  0.00075 -0.00676  0.00549  0.01971 -0.02255
0.010000 -0.02218 -0.01660 -0.01959 -0.01829 -0.04741
0.010000 -0.00778 -0.00908 -0.00276 -0.00793 -0.03049
0.010000  0.01668  0.01166 -0.00625 -0.00297 -0.01453
0.010000  0.01305  0.00819  0.01257 -0.00051 -0.01251
0.010000 -0.01237 -0.01510 -0.00328 -0.00223 -0.03780
0.010000 -0.00536 -0.00748  0.02341  0.00437  0.01871
0.010000  0.01101  0.00652 -0.00681 -0.00736 -0.01813
0.010000  0.02043  0.00520  0.03532  0.03568 -0.00585
0.010000 -0.02905 -0.02451 -0.01264 -0.05219 -0.00550
0.010000 -0.04732 -0.02507 -0.03205 -0.05770 -0.01912
0.010000  0.01721  0.01740  0.01622  0.01768  0.01259
0.010000 -0.00140 -0.00855  0.04594  0.08354  0.03654
0.010000 -0.00840 -0.00800 -0.01867 -0.01517 -0.05177
0.010000  0.01408 -0.00723  0.04935  0.01309  0.06274
0.010000  0.00847  0.00235 -0.00429 -0.00515 -0.03518
0.010000 -0.02318 -0.00757 -0.00194 -0.00532  0.02155
0.010000 -0.05537 -0.02648 -0.00549 -0.01680  0.01250
0.010000  0.02508  0.01354  0.00724 -0.00433 -0.02272
0.010000 -0.00250 -0.01297 -0.01056 -0.01214 -0.05301
0.010000  0.00181  0.00269  0.00244  0.07369 -0.05961
0.010000  0.00128  0.00025  0.01273  0.00314  0.02219
0.010000 -0.00420 -0.00420  0.01448 -0.00463  0.00019
0.010000  0.01356 -0.00091  0.03929  0.02141  0.04844
0.010000  0.01152 -0.00969  0.02781  0.01261  0.01465
0.010000  0.00593 -0.00640 -0.01346  0.00946  0.02913
0.010000 -0.00968 -0.01098  0.01099  0.00504 -0.01545
0.010000  0.00797  0.00603  0.00414  0.00512 -0.01870
0.010000 -0.00195 -0.00740 -0.00089 -0.01293 -0.02901
0.010000 -0.01380 -0.01218 -0.02192 -0.02231 -0.05361
0.010000 -0.01852 -0.01329 -0.01603 -0.01705 -0.02690
0.010000  0.01827 -0.00427  0.02022 -0.00221 -0.02083
0.010000 -0.03552 -0.01836 -0.01713 -0.01799 -0.00313
0.010000 -0.00716  0.00137 -0.01210 -0.00358  0.00023
0.010000 -0.00596  0.00169  0.01301  0.00601  0.03428
0.010000  0.01254  0.01445  0.01538  0.01043  0.01182
0.010000 -0.01939 -0.01379 -0.01374 -0.00796 -0.03013
0.010000  0.00440  0.00337 -0.00816  0.00545 -0.01551
0.010000 -0.02650 -0.01264 -0.02306 -0.01675 -0.02373
0.010000 -0.01529 -0.00990 -0.01665 -0.02078 -0.01662
0.010000  0.01935  0.00900  0.00483  0.02965 -0.03746
0.010000  0.00337 -0.00215  0.03421  0.01825  0.02589
0.010000  0.00388 -0.00065 -0.00504 -0.00193 -0.00928
0.010000 -0.01308 -0.01022 -0.01343  0.01362 -0.03113
0.010000 -0.00363  0.00085 -0.00131 -0.00775 -0.01286
0.010000  0.02098  0.00946  0.01410  0.01339 -0.02277
0.010000 -0.01454 -0.00942 -0.01271 -0.01276 -0.02820
0.010000  0.01511 -0.00107  0.02584  0.01264  0.00994
0.010000  0.01615  0.01114  0.08166  0.03648  0.01095
0.010000 -0.00656 -0.01142  0.00735  0.01754 -0.03196
0.010000  0.02208 -0.00296  0.02750  0.02415 -0.00565
0.010000  0.01563  0.01242  0.00737 -0.01351 -0.01390
0.010000  0.01203 -0.00210  0.00707  0.01119 -0.01270
0.010000 -0.00086  0.00550 -0.01426  0.00228 -0.03874
0.010000 -0.01768 -0.00348 -0.02814 -0.02825 -0.00279
0.010000 -0.03366 -0.02269 -0.00440 -0.01799  0.00492
0.010000 -0.01686 -0.01326 -0.00561 -0.01369 -0.02582
