# Scenario generation method from a paper by Hoyland, Kaut & Wallace
# Code by Michal Kaut (michal.kaut@iot.ntnu.n) & Diego Mathieu

#   prob   var  1   var  2   var  3   var  4   var  5
0.010000 -0.01196 -0.02760  0.01517  0.00656  0.02988
0.010000  0.01299 -0.01282 -0.00343 -0.00318 -0.00643
0.010000 -0.02710 -0.03328 -0.02414 -0.02940 -0.02042
0.010000  0.00319  0.02162 -0.01489  0.01234 -0.01977
0.010000 -0.00068 -0.01836 -0.01340 -0.02924 -0.01080
0.010000 -0.00824  0.02227 -0.01338  0.02049 -0.01419
0.010000  0.04275  0.03987  0.02084  0.02201  0.00846
0.010000  0.03112  0.00502  0.02131  0.01134  0.02894
0.010000  0.02488  0.02283  0.01075 -0.01253  0.01575
0.010000 -0.02507 -0.01347 -0.02241  0.00819 -0.02357
0.010000 -0.02836 -0.06174 -0.00087 -0.00300 -0.01195
0.010000 -0.03096 -0.05484 -0.02466 -0.02590 -0.03226
0.010000 -0.02007  0.00074 -0.02442 -0.01699  0.00317
0.010000 -0.00448 -0.00730 -0.00795 -0.02352 -0.01048
0.010000  0.02792  0.00807  0.00203 -0.01872  0.00062
0.010000  0.03448  0.03410  0.03002  0.02222 -0.00292
0.010000  0.00477  0.02319  0.01767  0.02615 -0.01414
0.010000  0.03334  0.02207  0.03578  0.01427  0.05842
0.010000 -0.03076 -0.01372 -0.02409  0.00469 -0.04082
0.010000  0.01647  0.00889  0.01196  0.00767  0.00206
0.010000  0.00085  0.00303  0.02884  0.02338 -0.00675
0.010000 -0.02576  0.00645 -0.00097  0.01434  0.01454
0.010000 -0.01345 -0.01814 -0.00158 -0.01407 -0.00687
0.010000  0.00637  0.03043  0.01294  0.01941 -0.00073
0.010000  0.01471  0.02432 -0.01089  0.00917 -0.01362
0.010000 -0.02977 -0.00318 -0.02278 -0.02647 -0.00886
0.010000  0.02689  0.02710  0.00537  0.01578 -0.01967
0.010000  0.01826  0.01376  0.01904  0.01975  0.01476
0.010000  0.04150  0.03413  0.04377  0.02743  0.02921
0.010000 -0.00221 -0.00585  0.00374  0.00541  0.03948
0.010000  0.01129  0.02874  0.00868  0.02457 -0.02831
0.010000 -0.00674 -0.03872 -0.00953 -0.05724 -0.00704
0.010000  0.02897  0.03807  0.03872  0.03445  0.01560
0.010000  0.00963 -0.01823  0.01973  0.01179  0.00478
0.010000  0.02293  0.01902  0.01182  0.01222  0.00477
0.010000 -0.01567 -0.01081 -0.00070  0.01302 -0.01587
0.010000 -0.00297  0.01616  0.00383 -0.05764  0.02493
0.010000  0.00008 -0.00789  0.00325  0.01167  0.01159
0.010000 -0.02437 -0.00236 -0.00207  0.00945 -0.01598
0.010000  0.02390  0.02813  0.00703 -0.01195 -0.00708
0.010000 -0.00523  0.00625 -0.01239 -0.01458  0.01517
0.010000  0.04249  0.03586 -0.00146  0.00891 -0.00877
0.010000 -0.01640 -0.01516 -0.02407  0.00265 -0.01890
0.010000  0.01558  0.03442 -0.00984  0.01886 -0.02505
0.010000 -0.00749 -0.04133 -0.00799 -0.03607 -0.01282
0.010000 -0.00145 -0.01241  0.00169  0.00385  0.00768
0.010000 -0.01122 -0.01217 -0.01323  0.00830 -0.02881
0.010000 -0.00373 -0.01870 -0.00143 -0.01033  0.01744
0.010000 -0.00973 -0.04550  0.02755 -0.01505  0.05431
0.010000 -0.03095 -0.02291  0.00651  0.01976 -0.01276
0.010000 -0.02224 -0.00342 -0.01702  0.01043  0.00349
0.010000  0.03682  0.00876  0.00227 -0.03072  0.05454
0.010000  0.01214  0.02304 -0.00243  0.01789  0.01915
0.010000 -0.01861 -0.02217 -0.01406  0.00740  0.00531
0.010000 -0.00599 -0.01581  0.01013 -0.01735  0.05654
0.010000 -0.02350 -0.02260 -0.02082  0.00198  0.00622
0.010000 -0.01714 -0.01475 -0.01922  0.00710 -0.01749
0.010000 -0.02774 -0.02748  0.00769  0.01636 -0.00771
0.010000  0.03507  0.00525  0.00872 -0.00652  0.02859
0.010000  0.00398 -0.00507  0.00528  0.00442 -0.00615
0.010000  0.00880 -0.01160  0.00696 -0.00270  0.00013
0.010000  0.04037  0.01901  0.00460 -0.03413  0.01319
0.010000  0.01046 -0.00067  0.00443 -0.01641  0.02834
0.010000 -0.01787 -0.02911 -0.01667 -0.00272 -0.00805
0.010000 -0.00516  0.01506 -0.01492  0.01524 -0.01463
0.010000 -0.03063 -0.02522 -0.00627  0.00047 -0.01664
0.010000 -0.01048  0.00137 -0.01611  0.00138 -0.01913
0.010000  0.02009  0.03420  0.00977  0.02391  0.04182
0.010000  0.00241  0.02378  0.03699  0.01623  0.04511
0.010000 -0.02296 -0.01315  0.00761  0.00354  0.05562
0.010000  0.01917  0.02048  0.01720  0.00730 -0.00693
0.010000  0.02197  0.00717  0.00424  0.01089  0.01568
0.010000  0.00556 -0.02320  0.00190 -0.00056  0.05987
0.010000  0.01736 -0.00586  0.00915  0.00638 -0.01017
0.010000 -0.01934 -0.01566 -0.01192 -0.00080  0.05705
0.010000  0.03564  0.03518  0.02965  0.02591  0.00394
0.010000 -0.02367 -0.03936 -0.00753 -0.01639  0.03012
0.010000 -0.01271  0.01584  0.00498  0.02592 -0.01024
0.010000  0.03222  0.01898  0.00349 -0.02456  0.01277
0.010000  0.01384  0.01960  0.02328  0.01863 -0.00854
0.010000 -0.02079 -0.00651 -0.00904 -0.00570 -0.01603
0.010000  0.00163 -0.00534  0.02090  0.01385  0.00743
0.010000  0.02103  0.03009  0.01016  0.01934  0.01612
0.010000  0.02588  0.02426  0.02545  0.02197 -0.00472
0.010000 -0.02895 -0.01799 -0.01952 -0.00533 -0.02968
0.010000  0.00717  0.02844 -0.01085  0.01782 -0.02226
0.010000  0.03801  0.04130  0.02497  0.02457 -0.01133
0.010000  0.00798  0.02109  0.02221  0.01941  0.04725
0.010000  0.04314  0.03928  0.00459  0.01811 -0.02972
0.010000 -0.03000 -0.04027  0.00277  0.01163  0.00959
0.010000 -0.02644  0.00038  0.00534  0.02357 -0.00790
0.010000 -0.01493  0.00122 -0.00342  0.01713  0.03523
0.010000 -0.01419 -0.00693 -0.01442  0.00410 -0.02457
0.010000  0.03004 -0.00448  0.02861  0.00450  0.01692
0.010000 -0.02152 -0.06184 -0.00167 -0.02472  0.09440
0.010000  0.03920  0.03122  0.00094 -0.00057 -0.01538
0.010000 -0.02950 -0.03852 -0.01285  0.00625 -0.01962
0.010000 -0.02788 -0.02489 -0.01438  0.00205 -0.00992
0.010000 -0.00898  0.00213 -0.00767  0.01576  0.00173
0.010000 -0.03043 -0.04656 -0.02510 -0.01550  0.01138
