# Scenario generation method from a paper by Hoyland, Kaut & Wallace
# Code by Michal Kaut (michal.kaut@iot.ntnu.n) & Diego Mathieu

#   prob   var  1   var  2   var  3   var  4   var  5
0.010000 -0.01309 -0.00894  0.00797 -0.01701 -0.03281
0.010000  0.02028  0.01328 -0.00184  0.01681  0.00281
0.010000  0.00762  0.00130  0.00067  0.02092 -0.00005
0.010000 -0.01074 -0.00546 -0.00362  0.00478 -0.01731
0.010000 -0.00099  0.00956  0.01428 -0.00105  0.00300
0.010000  0.01468 -0.00221 -0.00222  0.01239  0.00822
0.010000 -0.00768 -0.00290 -0.00872  0.00772 -0.00843
0.010000 -0.00915 -0.02123 -0.00309 -0.00876 -0.00363
0.010000 -0.02899  0.00483 -0.00602 -0.02985  0.00001
0.010000  0.01661 -0.00492  0.01255 -0.05129 -0.01962
0.010000 -0.00675  0.01011 -0.00914 -0.01469  0.02431
0.010000 -0.01510 -0.00333 -0.00725 -0.02597 -0.00494
0.010000  0.00122 -0.00956 -0.00393  0.01278  0.00981
0.010000  0.00798 -0.00149  0.00347 -0.01551  0.00473
0.010000 -0.04398 -0.00338 -0.01096 -0.02582 -0.01490
0.010000  0.01134 -0.00642  0.00677  0.02571 -0.04252
0.010000  0.01337 -0.00839  0.01778  0.00480 -0.00071
0.010000  0.01610  0.01181 -0.00476  0.01737 -0.01712
0.010000 -0.00061 -0.00345  0.00001  0.00739  0.01264
0.010000 -0.02018 -0.00177 -0.01032 -0.00351 -0.00322
0.010000  0.00690 -0.00436  0.00352 -0.00261 -0.00382
0.010000 -0.00137  0.00331 -0.00838 -0.00179  0.00004
0.010000  0.01956  0.02100 -0.00644 -0.02170  0.02988
0.010000 -0.00721 -0.01417  0.01562 -0.02483 -0.01112
0.010000  0.00870  0.00045  0.00695  0.00722 -0.02122
0.010000 -0.01660 -0.00646 -0.00705 -0.05114 -0.01724
0.010000 -0.01741  0.00055 -0.01007 -0.02848  0.01139
0.010000  0.01019 -0.00428  0.00415 -0.03771  0.00351
0.010000  0.02277  0.00535  0.00850 -0.00764 -0.01983
0.010000 -0.03542 -0.00942 -0.00735  0.00272 -0.04002
0.010000  0.00442 -0.00198 -0.00643  0.01138  0.01371
0.010000 -0.02521 -0.00733  0.00028 -0.00780 -0.01566
0.010000  0.01379  0.00312 -0.00484 -0.03049  0.01832
0.010000 -0.00585 -0.01342 -0.00731  0.02343 -0.02368
0.010000  0.00726  0.00556  0.00274  0.00149 -0.00334
0.010000  0.01890  0.00338  0.01136  0.00629 -0.00579
0.010000  0.02107  0.00148  0.00572 -0.00620 -0.00582
0.010000  0.00478  0.00997 -0.00580  0.01424 -0.00241
0.010000 -0.01248 -0.00824  0.00271  0.00352 -0.01426
0.010000  0.01173 -0.01208  0.00204  0.01188  0.04044
0.010000  0.00655 -0.00717  0.01794  0.00428 -0.03884
0.010000 -0.00865  0.00498 -0.00604 -0.03959 -0.00693
0.010000  0.02196 -0.00079  0.00143 -0.01612  0.01557
0.010000 -0.00498  0.00999  0.00360 -0.00705 -0.02344
0.010000  0.01828  0.00004  0.00223  0.00300 -0.00531
0.010000 -0.03163 -0.00785 -0.00698 -0.05293 -0.01137
0.010000  0.00230 -0.00025 -0.00029  0.00268 -0.00615
0.010000  0.00013  0.00899  0.01100 -0.05290 -0.02082
0.010000 -0.00414 -0.01351  0.00549  0.02313 -0.00757
0.010000  0.00050  0.00065 -0.00656  0.01454  0.01439
0.010000 -0.01020 -0.00273  0.00723 -0.02578  0.01543
0.010000 -0.00292 -0.00646 -0.00763  0.00260  0.02723
0.010000  0.00907  0.00641  0.00973 -0.00593 -0.00054
0.010000 -0.01583 -0.01059 -0.00915 -0.02345  0.00159
0.010000 -0.00024 -0.00976  0.00226 -0.04643  0.01832
0.010000  0.01561 -0.00350  0.00673 -0.00014 -0.01324
0.010000  0.01770 -0.00041  0.01406 -0.00315 -0.01042
0.010000  0.00619 -0.00538  0.01650  0.02149 -0.01210
0.010000  0.01514  0.01884  0.00651 -0.00331 -0.00320
0.010000  0.00372  0.01050  0.00930 -0.01464 -0.00618
0.010000 -0.00456  0.00414 -0.00871  0.00766 -0.00161
0.010000 -0.02243 -0.01135 -0.00764 -0.00964 -0.01311
0.010000  0.00513  0.01568 -0.00785 -0.00645  0.02751
0.010000 -0.00175  0.00041  0.00178  0.01025 -0.00589
0.010000 -0.00253 -0.00784  0.00454 -0.01720 -0.01894
0.010000 -0.01374 -0.01688 -0.00607 -0.00476 -0.01926
0.010000  0.00834  0.01063  0.01482 -0.00559 -0.02001
0.010000  0.00981 -0.01037  0.00761 -0.01211 -0.01429
0.010000  0.01423  0.01095  0.01150 -0.04502 -0.00025
0.010000 -0.01440 -0.00769 -0.00765 -0.01224 -0.01829
0.010000 -0.00816 -0.01355 -0.00750  0.02016 -0.01208
0.010000  0.00944 -0.01230 -0.00312  0.01838  0.01077
0.010000 -0.00629  0.00023  0.00411 -0.04296 -0.00159
0.010000 -0.00967 -0.01234 -0.00554  0.00037  0.01162
0.010000  0.00336  0.01133  0.00800 -0.01728 -0.01385
0.010000  0.01295 -0.00360 -0.00169 -0.00462  0.00168
0.010000 -0.01188 -0.01772  0.00238 -0.00442 -0.01386
0.010000  0.00407  0.00724 -0.00459 -0.02127  0.01289
0.010000  0.00301  0.00564 -0.00761 -0.00596  0.01157
0.010000 -0.01919 -0.00858 -0.00890 -0.01238 -0.01350
0.010000  0.01253 -0.00068  0.00178  0.00431 -0.01201
0.010000  0.00584 -0.01598 -0.00193  0.02849 -0.00670
0.010000 -0.02125 -0.00780 -0.00440  0.00041 -0.02373
0.010000  0.00194 -0.01645 -0.00189  0.01866  0.00109
0.010000 -0.00541 -0.00781  0.00927  0.00818 -0.01337
0.010000  0.00548  0.00207 -0.00597 -0.01956  0.01015
0.010000  0.01213 -0.01045  0.00917 -0.00033 -0.02146
0.010000  0.01095  0.00515 -0.00377 -0.02347 -0.00575
0.010000  0.01714  0.00946  0.01105  0.01866 -0.01548
0.010000  0.00158  0.00580 -0.00422 -0.01220  0.00578
0.010000 -0.02373 -0.01633 -0.00606 -0.00780  0.01178
0.010000 -0.01827 -0.02038 -0.00581  0.01764 -0.01716
0.010000 -0.02693 -0.00922 -0.01058  0.00168  0.00368
0.010000 -0.00214 -0.01189 -0.00676  0.01513 -0.00694
0.010000 -0.00373 -0.01443 -0.00080  0.02412 -0.02076
0.010000  0.00266 -0.01559  0.01924 -0.03231 -0.01444
0.010000  0.01057  0.00773  0.00064 -0.00718  0.00753
0.010000  0.00086  0.01296 -0.00488  0.00689 -0.01326
0.010000 -0.01130 -0.00175  0.00827  0.00102 -0.02097
0.010000 -0.00332 -0.00585 -0.00524  0.01501  0.00202
