# Scenario generation method from a paper by Hoyland, Kaut & Wallace
# Code by Michal Kaut (michal.kaut@iot.ntnu.n) & Diego Mathieu

#   prob   var  1   var  2   var  3   var  4   var  5
0.010000 -0.02097  0.02380  0.01187 -0.00769 -0.00320
0.010000  0.04418  0.04117  0.00104  0.02377 -0.01011
0.010000 -0.04270 -0.03201  0.01112 -0.02284 -0.02678
0.010000 -0.02317 -0.04132 -0.03940 -0.04204 -0.03087
0.010000 -0.00391  0.00589  0.02434  0.01486  0.00072
0.010000 -0.02243 -0.01739 -0.02047 -0.01456 -0.00922
0.010000 -0.03111  0.00665 -0.01208 -0.01567  0.00461
0.010000  0.06701  0.04277  0.03572  0.04514  0.00780
0.010000 -0.01953 -0.04123 -0.01693 -0.04159 -0.02480
0.010000 -0.04412 -0.03157  0.00202 -0.02423 -0.01855
0.010000  0.02467 -0.00609 -0.01496  0.01623 -0.02522
0.010000 -0.00087  0.01675  0.02153 -0.01138 -0.00723
0.010000 -0.01389  0.00702 -0.01462 -0.00744 -0.01911
0.010000  0.00232 -0.01129 -0.01249 -0.00577  0.00123
0.010000 -0.00241  0.02352  0.00029 -0.01300  0.00163
0.010000 -0.01250  0.00051 -0.00076 -0.00652 -0.01550
0.010000 -0.01529 -0.03096 -0.01197 -0.03601 -0.01937
0.010000  0.01559 -0.01153 -0.02637 -0.00448 -0.01623
0.010000 -0.00009 -0.00818  0.00978 -0.00056 -0.00517
0.010000  0.01448 -0.00375 -0.02816  0.01346 -0.00767
0.010000 -0.03678 -0.03068 -0.01419 -0.05003 -0.00183
0.010000 -0.00317  0.00413  0.04428 -0.00661 -0.00441
0.010000 -0.00612 -0.03249 -0.02331 -0.01660 -0.02720
0.010000  0.01793 -0.01200 -0.00214  0.02905 -0.00819
0.010000 -0.04138 -0.03781 -0.01320 -0.03721  0.01008
0.010000  0.00938  0.00474 -0.01621  0.00911 -0.02898
0.010000 -0.01180 -0.02748 -0.00513 -0.02683 -0.00430
0.010000 -0.00165 -0.00328 -0.00492 -0.00399 -0.00282
0.010000 -0.02025 -0.01412  0.06144  0.00359 -0.01137
0.010000 -0.03289  0.03908  0.00379 -0.02109 -0.00604
0.010000 -0.03477 -0.03055 -0.03286 -0.02801 -0.03921
0.010000  0.00315  0.00526 -0.00199  0.00786 -0.03154
0.010000  0.03827  0.00739  0.02093  0.05529 -0.00436
0.010000 -0.04014 -0.00601  0.00172 -0.03594 -0.04140
0.010000  0.02964  0.02363  0.00740  0.03514  0.01484
0.010000 -0.01319  0.00506  0.00374 -0.01351  0.00047
0.010000 -0.02699 -0.00835 -0.00075 -0.01852 -0.02176
0.010000  0.00751  0.03016  0.02178  0.03302 -0.01462
0.010000 -0.01599 -0.02919 -0.02707 -0.03106 -0.01915
0.010000  0.01674  0.00109  0.01229  0.01030  0.01267
0.010000 -0.03785 -0.01574  0.00738 -0.01028 -0.01536
0.010000 -0.02391 -0.01453  0.00453  0.02334  0.00098
0.010000 -0.02170 -0.01786  0.00804 -0.02742 -0.02602
0.010000 -0.03382 -0.03709 -0.01484 -0.03209 -0.02066
0.010000  0.01916 -0.01388 -0.02391  0.00795  0.00912
0.010000  0.01235  0.00374 -0.00201 -0.00104 -0.01588
0.010000  0.00572 -0.00739  0.00356  0.01055 -0.00321
0.010000 -0.00539 -0.02510  0.01167  0.01305 -0.03079
0.010000  0.04103  0.03587  0.00481  0.02222 -0.00143
0.010000 -0.02942 -0.02736  0.02136 -0.01067 -0.01298
0.010000 -0.00898 -0.01669  0.01463 -0.01030 -0.01370
0.010000 -0.03896 -0.03469 -0.02616 -0.03690 -0.01662
0.010000 -0.03026 -0.01866 -0.01262 -0.00853 -0.03014
0.010000  0.01035 -0.00622 -0.01509  0.00338  0.03315
0.010000 -0.02543 -0.03590 -0.02340 -0.01162 -0.02772
0.010000 -0.00684  0.02443  0.00003 -0.00364 -0.01128
0.010000 -0.02620 -0.02858 -0.03800 -0.06844 -0.02359
0.010000 -0.01811 -0.03600 -0.02241 -0.03465 -0.01419
0.010000 -0.04739 -0.00325  0.02717 -0.01020 -0.01624
0.010000  0.00070 -0.01656 -0.00483 -0.00034 -0.02926
0.010000 -0.00969 -0.01841 -0.02114 -0.02036 -0.02122
0.010000  0.00399 -0.01702  0.01128 -0.00746 -0.00882
0.010000 -0.05442 -0.03459 -0.01462 -0.05593 -0.02027
0.010000 -0.03199 -0.03818 -0.01715 -0.01799 -0.03638
0.010000 -0.01882 -0.03834 -0.03480 -0.01314 -0.02498
0.010000  0.02622  0.00547 -0.00871 -0.01833  0.01165
0.010000  0.00485  0.01704 -0.00908  0.00492  0.01790
0.010000 -0.02859 -0.03845 -0.00856 -0.02339  0.00688
0.010000 -0.05828 -0.03842 -0.00788 -0.04949 -0.01742
0.010000 -0.06632 -0.05122  0.01598 -0.07235 -0.00872
0.010000 -0.02778 -0.03239 -0.01523 -0.04147 -0.00319
0.010000  0.02319  0.00383 -0.02320  0.01149 -0.01581
0.010000 -0.00827 -0.03686  0.01954  0.00754  0.00395
0.010000 -0.04934 -0.03773 -0.03827 -0.04410 -0.02478
0.010000  0.03580  0.00164 -0.00401  0.01953 -0.00924
0.010000 -0.01459 -0.00371 -0.00600 -0.03908 -0.00795
0.010000 -0.01039 -0.02811  0.01306 -0.00633  0.04446
0.010000 -0.00756 -0.01045 -0.01434 -0.01407 -0.01096
0.010000  0.02179  0.01215  0.02034 -0.00275 -0.00843
0.010000  0.01134 -0.00246 -0.01438  0.00039 -0.00874
0.010000  0.01340  0.03351  0.02384  0.02039 -0.00872
0.010000  0.04789  0.08694  0.04978  0.09315  0.02407
0.010000 -0.01740 -0.02050  0.01174  0.00608 -0.02245
0.010000  0.03153  0.00285  0.03162  0.02705 -0.00804
0.010000  0.00660 -0.01083 -0.01820  0.02073 -0.00827
0.010000  0.00151  0.00882  0.02357  0.00749 -0.00700
0.010000 -0.05161 -0.02140 -0.03729 -0.05745 -0.02729
0.010000  0.03357  0.04086  0.00824  0.02456 -0.00096
0.010000 -0.01109 -0.02982 -0.03163 -0.03221 -0.03184
0.010000  0.00843 -0.01107  0.02686  0.03927 -0.01914
0.010000 -0.00466 -0.02685 -0.01655 -0.02737 -0.02071
0.010000 -0.01670 -0.04373 -0.01617 -0.02774 -0.00722
0.010000 -0.03576 -0.04004 -0.02411 -0.03218 -0.01208
0.010000  0.05241  0.03380  0.02292  0.03442 -0.01237
0.010000  0.02788  0.00370 -0.00463  0.00974  0.00267
0.010000 -0.04567 -0.03665 -0.03390 -0.06826 -0.02356
0.010000  0.08802  0.06663  0.02091  0.05438  0.01616
0.010000  0.05830  0.01477  0.00933  0.03621  0.01482
0.010000  0.02044  0.00818 -0.00547  0.02006 -0.01197
0.010000 -0.02467 -0.01013  0.00579 -0.00597 -0.00901
