# Scenario generation method from a paper by Hoyland, Kaut & Wallace
# Code by Michal Kaut (michal.kaut@iot.ntnu.n) & Diego Mathieu

#   prob   var  1   var  2   var  3   var  4   var  5
0.010000 -0.01415 -0.01991 -0.01517 -0.02020 -0.04867
0.010000  0.00953  0.00008 -0.00845 -0.01089  0.01375
0.010000 -0.01965 -0.01932 -0.01140 -0.01250 -0.00049
0.010000  0.01647 -0.00098 -0.00217 -0.01085  0.02447
0.010000 -0.04849 -0.02746 -0.00995 -0.02548 -0.01926
0.010000  0.00738 -0.00427 -0.00622 -0.00556  0.00627
0.010000 -0.02909 -0.03187 -0.01686 -0.03855 -0.01771
0.010000  0.00412 -0.00879 -0.01094 -0.00556 -0.02314
0.010000  0.03869  0.00964  0.01217  0.03858  0.01338
0.010000  0.01108  0.00394  0.00264 -0.00109  0.01516
0.010000 -0.01472 -0.01164 -0.00917 -0.01998 -0.01246
0.010000 -0.01708 -0.01879 -0.00948 -0.01565 -0.00464
0.010000  0.03565  0.00919 -0.00378  0.01423  0.01710
0.010000 -0.02034 -0.02033 -0.01434 -0.01793  0.00545
0.010000  0.01977  0.03261  0.02794  0.02085  0.00795
0.010000 -0.01360 -0.00875  0.00582 -0.00298 -0.00035
0.010000  0.01547 -0.00402  0.02134  0.07444  0.00077
0.010000  0.00004 -0.00893 -0.01125 -0.00587 -0.00379
0.010000 -0.03855 -0.03551 -0.00733 -0.02063 -0.03969
0.010000 -0.00213 -0.00655  0.01366 -0.00348  0.01583
0.010000 -0.01250 -0.00291 -0.00796 -0.00299 -0.01621
0.010000 -0.02179 -0.00399 -0.00888 -0.01716 -0.03164
0.010000  0.00173 -0.00589  0.05948  0.00236 -0.00044
0.010000  0.00232 -0.01065 -0.01240 -0.01097 -0.01562
0.010000 -0.00524  0.02262  0.00800  0.01154 -0.00997
0.010000 -0.00780  0.01006 -0.00485 -0.00818 -0.02225
0.010000 -0.01091 -0.01950 -0.01438 -0.01892 -0.02589
0.010000 -0.00627 -0.01472 -0.00826 -0.00628 -0.01328
0.010000 -0.03644 -0.03481  0.00906 -0.02382  0.00400
0.010000 -0.00105  0.00293 -0.00762 -0.01142 -0.00873
0.010000  0.01361 -0.00814 -0.00656  0.00721  0.01720
0.010000 -0.02597 -0.02592 -0.01638 -0.02566 -0.00989
0.010000  0.04235  0.04555  0.01491  0.04144 -0.00609
0.010000  0.03077 -0.00007  0.00974  0.03215  0.00736
0.010000  0.00603 -0.00405 -0.00886 -0.00560 -0.01740
0.010000 -0.01833 -0.02106 -0.01536 -0.00203 -0.02510
0.010000  0.01030  0.01535  0.00075  0.00453  0.00654
0.010000 -0.02694 -0.02780 -0.01656 -0.02436 -0.03079
0.010000 -0.00159 -0.00534 -0.01010 -0.00914 -0.03391
0.010000  0.00880  0.05340  0.02291  0.01039 -0.02957
0.010000  0.01751  0.02870  0.02028  0.02011 -0.00870
0.010000  0.04697  0.02953  0.03466  0.05149  0.01506
0.010000  0.05322  0.02182  0.01843  0.02309  0.03739
0.010000 -0.01305 -0.02057  0.00335 -0.01785  0.01248
0.010000 -0.01529 -0.01555 -0.01046 -0.01208  0.01549
0.010000 -0.03462 -0.01201  0.00106 -0.01220 -0.01665
0.010000 -0.00831  0.01139 -0.00345 -0.00605 -0.01414
0.010000  0.00474 -0.00424 -0.00988 -0.00224  0.01169
0.010000 -0.02335 -0.01591 -0.01445 -0.01598  0.00606
0.010000  0.06297  0.04404  0.02781  0.04624  0.02844
0.010000 -0.00051 -0.01751 -0.01390 -0.01055 -0.02472
0.010000 -0.00473 -0.00574  0.00361 -0.01320 -0.00380
0.010000 -0.03028 -0.01339 -0.01145 -0.02399 -0.04391
0.010000 -0.07279 -0.04680 -0.01756 -0.06580 -0.03367
0.010000 -0.01038 -0.01529 -0.01130  0.01012 -0.02482
0.010000 -0.02418 -0.01931 -0.01465 -0.02308 -0.02387
0.010000 -0.01588 -0.01302 -0.01226 -0.01484 -0.00952
0.010000 -0.00576 -0.00270 -0.00967 -0.01216 -0.02132
0.010000 -0.04424 -0.03102 -0.01682 -0.01848 -0.02353
0.010000 -0.01899 -0.01160 -0.01024 -0.02076 -0.03082
0.010000 -0.00422 -0.01790 -0.00263  0.00347 -0.00472
0.010000 -0.00729 -0.01290  0.00170 -0.01219  0.00574
0.010000 -0.04107 -0.02722 -0.01479 -0.03561 -0.03208
0.010000 -0.05511 -0.04715 -0.01884 -0.04448 -0.02434
0.010000  0.02374  0.00150  0.04174  0.00621  0.01520
0.010000 -0.00678 -0.01075 -0.00821 -0.01498 -0.00361
0.010000 -0.01770 -0.01994 -0.01430 -0.01414 -0.02776
0.010000 -0.03158 -0.01550  0.02381 -0.00332 -0.02503
0.010000 -0.02255 -0.01607 -0.01438 -0.02101 -0.02132
0.010000 -0.02798 -0.02335 -0.01587 -0.02296 -0.01237
0.010000 -0.00986 -0.01928 -0.00038 -0.01615 -0.02298
0.010000 -0.03302 -0.01799  0.00213 -0.02162 -0.00809
0.010000 -0.00318 -0.01337 -0.00488 -0.00141  0.00609
0.010000  0.02527  0.02303  0.00309  0.00853  0.01106
0.010000  0.02693  0.03528  0.02124  0.04721  0.01237
0.010000 -0.00370 -0.01330 -0.00772 -0.01014  0.00421
0.010000 -0.02505 -0.02837 -0.01322 -0.02532 -0.06304
0.010000 -0.00934 -0.00927  0.01004 -0.01111 -0.00400
0.010000 -0.02105  0.01185 -0.00278 -0.02088 -0.00522
0.010000  0.00060  0.02501  0.04997  0.00895  0.00039
0.010000 -0.01647 -0.01674 -0.01455 -0.01646  0.00970
0.010000  0.00538  0.07657  0.03052  0.02044 -0.05340
0.010000  0.02875  0.00402  0.00178  0.01115  0.01783
0.010000  0.03305  0.06121  0.02332  0.06750 -0.00034
0.010000  0.01861  0.01204 -0.00371  0.01105 -0.00187
0.010000  0.01189  0.01462 -0.00229  0.00488  0.01821
0.010000  0.01452 -0.00391  0.03109  0.00955 -0.01628
0.010000  0.08904  0.06763  0.02120  0.07085  0.02641
0.010000  0.00351  0.00553 -0.00168 -0.00843 -0.00261
0.010000  0.00116  0.01155  0.00072 -0.00532 -0.01751
0.010000 -0.00883 -0.00657 -0.00166 -0.01168 -0.01986
0.010000  0.02233  0.00215 -0.00486  0.02630  0.00794
0.010000  0.00670  0.00146 -0.00810 -0.00061 -0.01131
0.010000 -0.00265 -0.00665 -0.01090  0.00958 -0.00706
0.010000  0.02101  0.00534  0.03598  0.02394 -0.00103
0.010000  0.00291  0.00062 -0.00843 -0.00798 -0.00687
0.010000  0.00808 -0.00768 -0.01096 -0.00654  0.01605
0.010000 -0.01143 -0.01771 -0.01429 -0.02182 -0.03400
0.010000 -0.01197 -0.01688 -0.01068 -0.00848 -0.00007
0.010000  0.01274 -0.00676  0.00077  0.01294  0.01137
