# Scenario generation method from a paper by Hoyland, Kaut & Wallace
# Code by Michal Kaut (michal.kaut@iot.ntnu.n) & Diego Mathieu

#   prob   var  1   var  2   var  3   var  4   var  5
0.010000 -0.02781 -0.02494 -0.00365 -0.00895  0.00185
0.010000 -0.02551 -0.03886 -0.01590 -0.07560 -0.03107
0.010000  0.00575  0.03863 -0.01613  0.00560 -0.01821
0.010000  0.03379  0.04233 -0.00319 -0.05418  0.01169
0.010000 -0.00743  0.05356  0.00128  0.00274 -0.00745
0.010000 -0.01594  0.00928  0.00472 -0.00365 -0.01398
0.010000  0.01744  0.00184  0.00021 -0.00134 -0.02203
0.010000  0.00938  0.00609  0.00410  0.03424  0.00978
0.010000  0.01068  0.02174  0.01758  0.04962  0.00429
0.010000 -0.03657 -0.01011  0.00888  0.01005  0.02388
0.010000 -0.00587  0.00354 -0.00403 -0.03851 -0.00118
0.010000 -0.00536 -0.02706  0.00175  0.00004  0.02300
0.010000 -0.00229 -0.01288  0.00573 -0.00917  0.01252
0.010000  0.02856  0.01056 -0.00932 -0.04020  0.00974
0.010000 -0.03059 -0.00309  0.00449  0.03243 -0.03300
0.010000  0.01135  0.04953  0.01116 -0.00681 -0.00136
0.010000 -0.05544 -0.04826 -0.00367 -0.01809 -0.03822
0.010000 -0.00177  0.00492  0.00417 -0.01740  0.01488
0.010000 -0.02175 -0.04686 -0.01428 -0.03528  0.00729
0.010000  0.00461 -0.00337 -0.00281  0.01411 -0.03763
0.010000  0.05743  0.06868 -0.00089 -0.03138  0.00556
0.010000 -0.01865 -0.02737  0.01430  0.03338 -0.01066
0.010000 -0.01469  0.00469 -0.00304 -0.02194  0.00879
0.010000 -0.01232  0.04075 -0.00080 -0.02059 -0.01085
0.010000  0.00350  0.03979 -0.00057  0.01147 -0.03379
0.010000  0.03596  0.06346  0.00264  0.00882  0.00435
0.010000  0.00875  0.02463 -0.00300 -0.01981  0.00009
0.010000 -0.02092 -0.00812 -0.00715 -0.02853 -0.01369
0.010000 -0.01064 -0.02083  0.00039 -0.00471  0.01685
0.010000  0.02577 -0.00538  0.00604  0.02400  0.03214
0.010000  0.02019  0.00636 -0.01441 -0.01377 -0.02167
0.010000 -0.01938 -0.03230  0.00628 -0.01247  0.02937
0.010000  0.04513  0.02638  0.01003 -0.01689  0.03932
0.010000 -0.02912  0.00916 -0.01260 -0.04196  0.00621
0.010000 -0.00331 -0.01873  0.00938  0.02467  0.00175
0.010000 -0.01659  0.00448 -0.00745 -0.06408 -0.02860
0.010000  0.01923  0.01625  0.00280 -0.00070  0.00418
0.010000 -0.01408 -0.02631 -0.00371 -0.00555 -0.00871
0.010000 -0.02352 -0.03380 -0.00824 -0.02039  0.01123
0.010000  0.00752  0.00776  0.00630 -0.00284 -0.00082
0.010000  0.01577  0.00965  0.00993 -0.04125  0.02726
0.010000 -0.01119 -0.01904  0.00616  0.00082  0.01539
0.010000 -0.00955 -0.01234  0.00299  0.02218 -0.01265
0.010000 -0.00382  0.01778 -0.00090  0.03571  0.00272
0.010000  0.01832  0.00595 -0.00317  0.01602 -0.01138
0.010000  0.00187  0.01632 -0.00289 -0.03809  0.00023
0.010000  0.00082 -0.02348 -0.01197  0.01545 -0.05391
0.010000 -0.01726  0.00631 -0.00036 -0.01692  0.00184
0.010000  0.00029  0.01355  0.00207 -0.01990 -0.00385
0.010000 -0.01348  0.01664 -0.00656 -0.01930  0.00962
0.010000 -0.02661 -0.02725  0.00946  0.03319 -0.00262
0.010000 -0.03420 -0.04663 -0.01112 -0.01033 -0.01923
0.010000 -0.00691  0.02634  0.00527 -0.01459 -0.04754
0.010000 -0.01290 -0.00728  0.00839  0.02724 -0.01516
0.010000  0.07623  0.06992 -0.00065 -0.01385  0.00869
0.010000  0.01498  0.01404  0.00994 -0.00875  0.03268
0.010000  0.05002  0.05212  0.00305  0.04865  0.00411
0.010000  0.00633  0.01972  0.00223 -0.03177  0.00058
0.010000  0.01002  0.00029  0.00242 -0.00472  0.00142
0.010000  0.02335  0.01832  0.00373  0.05400  0.00147
0.010000 -0.00848 -0.01411  0.00012  0.02985 -0.02042
0.010000  0.02224 -0.00270  0.00045 -0.03286  0.00652
0.010000 -0.00433  0.00376 -0.00055  0.01225 -0.01177
0.010000  0.00517  0.03558  0.01273  0.06205 -0.03471
0.010000 -0.00901 -0.00495  0.00211 -0.03776  0.00786
0.010000 -0.00795 -0.01587  0.01137  0.02022 -0.00334
0.010000 -0.01009  0.01655  0.01223  0.02958 -0.02265
0.010000 -0.03225 -0.00161  0.00532 -0.04921 -0.02828
0.010000  0.01659 -0.00673  0.00429  0.03411  0.01867
0.010000 -0.04422 -0.03338 -0.00721 -0.08121 -0.01791
0.010000  0.00134 -0.00230  0.01214  0.00309 -0.01033
0.010000 -0.00126  0.00715  0.01656  0.06545  0.01467
0.010000  0.03186  0.03963 -0.00045 -0.03715 -0.02417
0.010000 -0.01175  0.00522  0.00620 -0.00659 -0.01618
0.010000 -0.00023  0.00461  0.00940  0.00854  0.01827
0.010000 -0.01794 -0.02123  0.00220 -0.00792 -0.01256
0.010000 -0.00280 -0.00269  0.00926 -0.01052 -0.04683
0.010000 -0.00075  0.00302  0.00239 -0.04929 -0.01015
0.010000  0.01274  0.03771 -0.00410  0.00009 -0.02914
0.010000 -0.02261 -0.04174 -0.01405 -0.04877 -0.01059
0.010000 -0.02014 -0.04421 -0.00436 -0.03144  0.00449
0.010000  0.04144  0.06835  0.00226  0.03000  0.01291
0.010000  0.00813  0.00887  0.00715 -0.01060  0.01727
0.010000  0.01347 -0.01721  0.00806  0.05461  0.01240
0.010000  0.02712  0.01946  0.01033 -0.04604 -0.00542
0.010000  0.02119 -0.00805  0.00348  0.04445  0.01630
0.010000 -0.01531 -0.01406 -0.00418 -0.04631 -0.00173
0.010000  0.01204  0.01815  0.00383 -0.00949 -0.01061
0.010000  0.03847  0.02679  0.01582  0.02919  0.03643
0.010000 -0.00639 -0.02248 -0.00336  0.02231 -0.02848
0.010000  0.00692  0.02515 -0.01145  0.00323 -0.00709
0.010000 -0.03965 -0.04393 -0.00988 -0.06474 -0.03510
0.010000  0.00295 -0.03017  0.00015  0.00734  0.00823
0.010000 -0.00484  0.01297 -0.00092 -0.01031 -0.03258
0.010000  0.03014  0.03706 -0.00174  0.03066  0.00502
0.010000  0.00241  0.02263 -0.00260 -0.04681 -0.00806
0.010000  0.00405  0.00626 -0.00886  0.03319 -0.02269
0.010000 -0.02448  0.02567  0.00124  0.01543 -0.00463
0.010000  0.01421  0.01841 -0.01249 -0.02203 -0.00699
0.010000  0.02452  0.02827 -0.00470  0.03062 -0.04525
