# Scenario generation method from a paper by Hoyland, Kaut & Wallace
# Code by Michal Kaut (michal.kaut@iot.ntnu.n) & Diego Mathieu

#   prob   var  1   var  2   var  3   var  4   var  5
0.010000 -0.00371 -0.01230 -0.00596  0.01317 -0.01199
0.010000  0.00795 -0.01431  0.00923  0.00579 -0.00681
0.010000  0.02571 -0.00549  0.00462  0.01971  0.05357
0.010000 -0.01851 -0.00880 -0.00846 -0.03687 -0.00668
0.010000  0.00829  0.01021  0.00080 -0.01967  0.00829
0.010000  0.01815  0.00310  0.01262 -0.00114  0.03044
0.010000  0.01878  0.01116  0.01663 -0.01672 -0.03545
0.010000 -0.01024 -0.00707 -0.00914  0.00816  0.01845
0.010000  0.00402  0.00106  0.00078 -0.00010 -0.01604
0.010000  0.02343 -0.00674  0.00499  0.00200  0.02749
0.010000 -0.01338 -0.01266  0.00464 -0.00294 -0.00063
0.010000  0.00205  0.00780  0.00946 -0.00334 -0.02101
0.010000  0.00104 -0.00469  0.01059  0.00178 -0.00415
0.010000 -0.00254 -0.00802  0.00083  0.00346  0.00250
0.010000 -0.00106  0.00367  0.00393 -0.01159 -0.00376
0.010000  0.01701  0.00069  0.00595  0.00457 -0.01108
0.010000 -0.01204 -0.01593 -0.00454  0.00506  0.01873
0.010000  0.01947  0.00079  0.00036  0.00865  0.00080
0.010000 -0.00411  0.00789 -0.00720  0.00003 -0.00754
0.010000 -0.04148 -0.01987 -0.01148  0.00237  0.02026
0.010000  0.00630 -0.00007 -0.00561 -0.00712 -0.01323
0.010000  0.01335 -0.00016 -0.00351  0.00723  0.01918
0.010000  0.00171 -0.01308  0.01335  0.00977 -0.03674
0.010000  0.01461  0.01543  0.01509 -0.04498 -0.01663
0.010000 -0.00179 -0.01221 -0.00721 -0.00947  0.01242
0.010000 -0.01082 -0.00618 -0.00573  0.00142 -0.04825
0.010000  0.00035 -0.01382 -0.00734  0.01664 -0.01905
0.010000  0.01551  0.01097 -0.00280  0.00961 -0.03030
0.010000 -0.01654 -0.01760 -0.00822 -0.00203 -0.02284
0.010000 -0.02232 -0.00883 -0.01092 -0.00475  0.00558
0.010000 -0.00716  0.00724 -0.00890  0.00268  0.00312
0.010000  0.00070 -0.00426 -0.00504 -0.00728  0.00721
0.010000 -0.01269 -0.00307 -0.00989  0.00561 -0.00919
0.010000  0.01106 -0.01398  0.00109  0.01807  0.01074
0.010000  0.02023 -0.00251  0.00665  0.01283 -0.00733
0.010000 -0.00143 -0.00956 -0.00017 -0.00169 -0.01903
0.010000  0.01143  0.01438 -0.00242 -0.02223  0.00075
0.010000  0.00862  0.00427  0.02139 -0.01517 -0.02224
0.010000  0.01418  0.00941 -0.00272 -0.04589  0.03211
0.010000  0.00696 -0.01491  0.01922  0.00303 -0.03164
0.010000  0.01756 -0.00715  0.02811  0.01109 -0.01509
0.010000 -0.00035  0.00268 -0.00157 -0.00484 -0.00309
0.010000 -0.03248 -0.02017 -0.01023 -0.04690  0.01669
0.010000 -0.00494 -0.01707 -0.00751  0.01346  0.00333
0.010000  0.00138 -0.01502  0.00022  0.00367  0.01587
0.010000 -0.01141 -0.01965 -0.00930  0.01567 -0.01644
0.010000  0.00896 -0.00626  0.01502  0.00405 -0.01605
0.010000  0.00729  0.01261 -0.00145  0.00031 -0.00498
0.010000  0.00000  0.00344  0.00296 -0.00086  0.00677
0.010000 -0.01748 -0.01562 -0.00551  0.00533  0.00724
0.010000 -0.02602 -0.00117 -0.01042 -0.00297  0.01353
0.010000  0.00965 -0.00973 -0.00325  0.01470  0.01045
0.010000 -0.00863  0.00356 -0.00591 -0.00939  0.01571
0.010000  0.00435  0.00325  0.00065 -0.06526  0.02135
0.010000  0.00930  0.01182  0.02331 -0.00414 -0.00354
0.010000 -0.00070  0.01146  0.00859 -0.02628 -0.01193
0.010000 -0.00669 -0.00627  0.00377 -0.01607 -0.01100
0.010000  0.00467  0.00397  0.01410  0.00142  0.00361
0.010000  0.01035 -0.00077 -0.00235 -0.00122  0.00699
0.010000 -0.01410 -0.00484  0.00618 -0.02658 -0.02755
0.010000  0.01180  0.00460 -0.00360 -0.03699  0.01534
0.010000  0.00337  0.00894  0.00730  0.00265  0.02277
0.010000  0.00533 -0.01252  0.00414  0.01411  0.00125
0.010000 -0.00452 -0.00516 -0.00823  0.00411 -0.00768
0.010000 -0.00536 -0.01015 -0.00008  0.00266  0.00143
0.010000 -0.02399  0.00399 -0.00675 -0.03010 -0.01221
0.010000 -0.00217  0.00458  0.00380 -0.00781  0.00701
0.010000  0.00762 -0.00127  0.01805 -0.00917  0.00940
0.010000 -0.00968 -0.01218  0.00195 -0.03409  0.02524
0.010000 -0.00580  0.00611 -0.00855 -0.00603  0.01355
0.010000  0.01599  0.01455  0.01719 -0.03260 -0.02594
0.010000 -0.00764 -0.01332 -0.00608 -0.01931  0.01320
0.010000 -0.00624 -0.00354 -0.00872 -0.02119  0.00741
0.010000  0.01505 -0.00643 -0.00070 -0.00934 -0.00273
0.010000 -0.00915 -0.00990 -0.00792  0.00789  0.00300
0.010000 -0.00293 -0.01342 -0.00740  0.00512 -0.00470
0.010000 -0.00813  0.00822 -0.00177 -0.00544 -0.00236
0.010000  0.02109  0.00584  0.00314  0.01067  0.02581
0.010000  0.01070 -0.01276  0.02469 -0.00345 -0.01380
0.010000 -0.01963 -0.00839 -0.00483 -0.02381 -0.01008
0.010000  0.00238  0.00690  0.01495 -0.02082 -0.00558
0.010000  0.01217 -0.00091  0.02345  0.00264  0.00208
0.010000  0.00370  0.00514 -0.00064  0.00784  0.00588
0.010000  0.01256  0.00517  0.00658 -0.03475  0.01654
0.010000  0.02212  0.01037  0.00059  0.01321  0.00479
0.010000  0.00663  0.00560  0.01980 -0.00020  0.01287
0.010000  0.00500 -0.01450 -0.00323 -0.00056 -0.02819
0.010000  0.01000 -0.01195  0.01111  0.01273 -0.01077
0.010000  0.00598 -0.00622  0.00699 -0.00610 -0.02622
0.010000 -0.02865 -0.01891 -0.01099  0.00679  0.00080
0.010000  0.01295 -0.00264 -0.00117  0.00970  0.01092
0.010000 -0.01486 -0.00715 -0.00610  0.00469 -0.00538
0.010000 -0.02089 -0.00300  0.01387 -0.01962 -0.02352
0.010000 -0.01567  0.00737 -0.00899 -0.00235 -0.01495
0.010000  0.01376  0.01100  0.00748 -0.01950 -0.01304
0.010000  0.00565 -0.00722 -0.00184 -0.01148 -0.00972
0.010000 -0.00332 -0.00412  0.01376 -0.03685 -0.00448
0.010000  0.00271 -0.00518 -0.00577  0.00599  0.04243
0.010000  0.00304  0.00245 -0.00342 -0.00046  0.00044
0.010000  0.01649 -0.01117 -0.00245  0.01803  0.00468
