# Scenario generation method from a paper by Hoyland, Kaut & Wallace
# Code by Michal Kaut (michal.kaut@iot.ntnu.n) & Diego Mathieu

#   prob   var  1   var  2   var  3   var  4   var  5
0.010000  0.00069  0.00790  0.00152 -0.00732 -0.01013
0.010000 -0.01742  0.00114 -0.00288 -0.02134 -0.04513
0.010000 -0.04539 -0.01808 -0.02615 -0.03510 -0.01256
0.010000 -0.00212  0.01403 -0.00242 -0.01105  0.01715
0.010000 -0.03785 -0.03252 -0.00261  0.00881  0.03166
0.010000 -0.01982 -0.02504 -0.00033  0.01157 -0.01638
0.010000 -0.03358 -0.02213 -0.01816 -0.03016  0.00064
0.010000 -0.00888 -0.01024  0.00072 -0.00147 -0.03126
0.010000 -0.00291 -0.01473 -0.02879 -0.01707  0.02067
0.010000  0.01379  0.01811  0.01041 -0.00217 -0.01944
0.010000 -0.01632  0.00522 -0.01497 -0.02899  0.02405
0.010000  0.01091 -0.00280  0.01000  0.02463 -0.01093
0.010000  0.00236  0.00406 -0.01201 -0.02160 -0.01818
0.010000  0.00322  0.00861  0.00512 -0.00092  0.00543
0.010000  0.03145  0.00607  0.01200  0.03656 -0.01824
0.010000  0.00410  0.01795  0.00366  0.00197  0.00578
0.010000  0.00193  0.01802  0.00191 -0.00777  0.01508
0.010000 -0.00526 -0.01761 -0.00483 -0.00735 -0.02363
0.010000  0.00502 -0.00326 -0.05070 -0.02986  0.01084
0.010000 -0.02420  0.00071 -0.03097 -0.02907  0.01640
0.010000 -0.00251  0.00423  0.00297 -0.01119 -0.02167
0.010000 -0.01237 -0.03026 -0.00363  0.00243 -0.03146
0.010000  0.01227 -0.00960  0.01089  0.02822 -0.00839
0.010000 -0.01283  0.00471 -0.00506 -0.02545  0.00238
0.010000  0.00456  0.01518  0.00517  0.01893  0.00397
0.010000 -0.00330 -0.00530  0.01685  0.02940 -0.01215
0.010000 -0.00684  0.00654 -0.00591 -0.02170 -0.03925
0.010000 -0.02507 -0.01527 -0.00457 -0.01989 -0.04087
0.010000  0.00910  0.02016  0.00216 -0.01457 -0.00063
0.010000  0.01768  0.00652  0.00610  0.02444 -0.01194
0.010000 -0.00847  0.01309  0.00343 -0.01840  0.00209
0.010000  0.02247  0.02100  0.02205  0.00892  0.01094
0.010000 -0.00765  0.00264  0.00045 -0.01267 -0.00387
0.010000 -0.00565 -0.00407  0.00479  0.00809 -0.00016
0.010000 -0.00133 -0.01848 -0.00193  0.00020 -0.01386
0.010000  0.00854  0.01481 -0.00311 -0.00323  0.00190
0.010000 -0.02339 -0.00667  0.00083 -0.01014 -0.02723
0.010000  0.01463  0.01607  0.00809  0.00327 -0.01795
0.010000  0.00747  0.00359  0.00533  0.00082  0.00209
0.010000  0.02052  0.00303  0.00667  0.00936 -0.00573
0.010000 -0.00930 -0.01216  0.00194  0.03834  0.02944
0.010000  0.00596 -0.00593  0.00182  0.00995  0.00869
0.010000 -0.01191  0.00348 -0.00210 -0.01913 -0.01442
0.010000  0.00028 -0.00547 -0.00409 -0.00924 -0.02897
0.010000 -0.01146  0.01187 -0.00581 -0.02264  0.00388
0.010000 -0.02922 -0.03627 -0.01515 -0.01828 -0.02162
0.010000 -0.02806 -0.02167 -0.01755 -0.02016  0.00010
0.010000 -0.00645  0.00580  0.00753 -0.00251 -0.00748
0.010000 -0.02699 -0.01464  0.00828 -0.00626 -0.00662
0.010000 -0.01578 -0.02512  0.00535  0.00774  0.00155
0.010000  0.00151 -0.00541 -0.01023 -0.01269 -0.01391
0.010000 -0.00093  0.00077  0.00948  0.01043 -0.01790
0.010000 -0.00447 -0.00356 -0.00067 -0.01097 -0.04734
0.010000 -0.01858 -0.01472 -0.00015 -0.01143  0.01184
0.010000 -0.03194 -0.03349 -0.01643 -0.01750 -0.00641
0.010000  0.00968  0.01782  0.02293  0.01248  0.01173
0.010000 -0.02187 -0.01534 -0.00793 -0.02139 -0.02355
0.010000 -0.00725 -0.01372 -0.01556 -0.01725 -0.00959
0.010000  0.00645  0.01273  0.01095  0.01435  0.01042
0.010000  0.01655  0.01609  0.01547  0.01129  0.01309
0.010000  0.01554  0.01887  0.00683  0.00366 -0.02362
0.010000 -0.00013 -0.01604  0.00799  0.00855  0.01438
0.010000  0.02524  0.01862  0.02624  0.08966 -0.00806
0.010000 -0.00408 -0.01047 -0.00354 -0.01749 -0.01883
0.010000 -0.00172  0.00945 -0.00028 -0.01374 -0.03388
0.010000 -0.00605  0.00211 -0.00265  0.00353  0.01172
0.010000  0.00695  0.01274  0.00477 -0.00358  0.00510
0.010000 -0.01686  0.00037  0.00477 -0.01164  0.01625
0.010000 -0.02116  0.00144 -0.01364 -0.02834  0.00753
0.010000 -0.03051 -0.01233 -0.00851 -0.02338  0.02692
0.010000 -0.01919 -0.01625  0.02737  0.01468 -0.00106
0.010000 -0.01799 -0.00973 -0.00374  0.00241  0.01743
0.010000 -0.00972 -0.01506 -0.01173 -0.01558 -0.02520
0.010000  0.01028 -0.01334  0.03234  0.05910  0.00010
0.010000 -0.01058 -0.00285  0.00036 -0.01542 -0.03523
0.010000 -0.02600 -0.02739 -0.00645  0.00171 -0.01537
0.010000  0.01157  0.01886  0.00336  0.07089  0.01112
0.010000 -0.01527 -0.00840 -0.01634 -0.02310 -0.00465
0.010000  0.00549  0.00426  0.00661  0.00846  0.00355
0.010000 -0.02261 -0.01211 -0.00696 -0.01930  0.00340
0.010000  0.01300  0.02021  0.02128  0.00845  0.01029
0.010000 -0.03551 -0.02778 -0.00677 -0.02162  0.01505
0.010000 -0.01015 -0.00356 -0.00287 -0.01550 -0.02107
0.010000 -0.01476 -0.01156 -0.00162 -0.01065 -0.00268
0.010000  0.01898  0.01803  0.00222 -0.00533  0.00420
0.010000 -0.00369 -0.01589 -0.01021 -0.01159 -0.01965
0.010000  0.00110 -0.00167  0.00906 -0.00384 -0.02763
0.010000 -0.01426 -0.01497 -0.02942 -0.02682 -0.00015
0.010000 -0.00487  0.01334 -0.00046 -0.01412  0.00023
0.010000 -0.01378 -0.00833 -0.00676 -0.00814 -0.02418
0.010000 -0.04090 -0.02501 -0.01911 -0.02338 -0.00188
0.010000  0.00366 -0.00214  0.00745 -0.00243 -0.03304
0.010000 -0.01102  0.00744 -0.00664 -0.00159 -0.00392
0.010000 -0.00053  0.00682  0.00256 -0.00303 -0.02556
0.010000 -0.02048 -0.03271 -0.00382 -0.00209 -0.00737
0.010000 -0.05620 -0.03692 -0.04370 -0.03728 -0.02682
0.010000  0.00278 -0.01753 -0.00542  0.00004 -0.02872
0.010000  0.00799  0.00178  0.00509  0.00079 -0.01904
0.010000 -0.01330 -0.00868 -0.00129 -0.00524  0.01909
0.010000 -0.00806  0.00001  0.00810 -0.01025 -0.02554
