# Scenario generation method from a paper by Hoyland, Kaut & Wallace
# Code by Michal Kaut (michal.kaut@iot.ntnu.n) & Diego Mathieu

#   prob   var  1   var  2   var  3   var  4   var  5
0.010000  0.05128  0.05060  0.03484 -0.00825  0.05072
0.010000  0.03818  0.02503  0.02542  0.01251  0.04920
0.010000 -0.02767 -0.04735 -0.01804  0.00425 -0.01553
0.010000  0.04546  0.02549  0.02931  0.00083  0.01699
0.010000  0.03237 -0.00716  0.02459  0.02249  0.04259
0.010000  0.03938 -0.01432  0.02115  0.00954  0.05545
0.010000 -0.02312 -0.00659 -0.02093 -0.00866  0.02651
0.010000 -0.00993 -0.03382 -0.00121 -0.01892  0.04020
0.010000  0.02465  0.01507  0.02345  0.01869  0.02856
0.010000 -0.02575 -0.01406 -0.01749 -0.00323 -0.01905
0.010000  0.03583 -0.00936  0.03561  0.02279 -0.00023
0.010000  0.00655 -0.03332  0.02622  0.01633  0.05936
0.010000  0.00846  0.02109  0.02868 -0.00910  0.06332
0.010000 -0.01514  0.00610 -0.01462  0.00101 -0.02785
0.010000  0.01735 -0.02667  0.00490  0.00144  0.06524
0.010000  0.01040  0.02557  0.01556  0.00993  0.06054
0.010000 -0.01801 -0.04771  0.00108 -0.01028 -0.00231
0.010000  0.02043 -0.02889  0.01629 -0.00704  0.09016
0.010000  0.03351  0.03045  0.03096  0.02108  0.01525
0.010000  0.02681  0.00790  0.00344  0.00579  0.02325
0.010000 -0.00091  0.01371 -0.00027 -0.05484  0.05848
0.010000  0.02436  0.02005  0.00988  0.00056  0.03224
0.010000 -0.02680 -0.03998 -0.01145 -0.00442 -0.00623
0.010000  0.00943 -0.02121 -0.01158 -0.01205 -0.02342
0.010000 -0.01081 -0.00332 -0.02145 -0.00316 -0.01436
0.010000  0.02252 -0.00279  0.02669  0.02203  0.06758
0.010000  0.05022  0.04368  0.04163  0.02456  0.01255
0.010000 -0.02639 -0.06579 -0.02269 -0.03410  0.07032
0.010000  0.00001 -0.02155  0.00780  0.01728  0.01375
0.010000  0.04058  0.07043  0.03597  0.02290  0.07857
0.010000  0.02790  0.00121 -0.00051 -0.01812  0.02895
0.010000  0.03700  0.06435  0.04407  0.00381 -0.00819
0.010000 -0.02493 -0.01873 -0.02292 -0.01071  0.02121
0.010000 -0.01428 -0.01292 -0.00752 -0.01682  0.01678
0.010000 -0.01682  0.02687  0.00327  0.00651  0.00656
0.010000  0.01533  0.00962 -0.00593 -0.01818 -0.01109
0.010000  0.00560  0.00853  0.02452  0.01734  0.03718
0.010000  0.00279  0.00157  0.00884 -0.02872  0.04014
0.010000  0.03124  0.02991  0.02368  0.00923  0.05247
0.010000 -0.00547 -0.02000 -0.00276 -0.03811  0.05142
0.010000 -0.01928 -0.00898 -0.02103 -0.05328  0.02792
0.010000 -0.00365 -0.01405 -0.00473 -0.00319  0.05563
0.010000  0.04424  0.00976  0.01506  0.00855 -0.01182
0.010000  0.00093  0.00327 -0.00137  0.00574  0.02789
0.010000 -0.02008 -0.03001 -0.01528 -0.02618  0.00997
0.010000  0.01235  0.01701  0.01501  0.00242  0.02035
0.010000  0.03240  0.02414  0.02036  0.01457  0.00245
0.010000 -0.01598 -0.01005 -0.01532 -0.00350 -0.02976
0.010000 -0.02515 -0.03871 -0.02258  0.00201 -0.02270
0.010000  0.01433 -0.00980  0.00781  0.00941  0.01707
0.010000 -0.01169 -0.00630  0.00667  0.00566  0.03246
0.010000 -0.00183  0.00789  0.00157 -0.00173  0.04311
0.010000  0.05324  0.02460  0.05453  0.01858  0.02222
0.010000 -0.01765 -0.06549 -0.01243 -0.01025  0.02215
0.010000  0.00372  0.00425  0.02159  0.00788  0.00516
0.010000  0.05223  0.04610  0.01687  0.00702  0.04176
0.010000 -0.00816 -0.02230  0.00798  0.01087  0.00629
0.010000 -0.02724 -0.02406 -0.00973 -0.03336  0.01428
0.010000 -0.02164 -0.06516 -0.00767  0.00864  0.00335
0.010000 -0.00726 -0.04386 -0.00390 -0.00748  0.05432
0.010000 -0.02782 -0.00210 -0.00827 -0.00062  0.00338
0.010000  0.01634  0.00088  0.01737  0.01973  0.01031
0.010000  0.00750 -0.02420 -0.00373 -0.01165  0.04157
0.010000 -0.01847 -0.03486 -0.00195 -0.02601 -0.00049
0.010000 -0.00904  0.00478 -0.01831 -0.00035  0.02844
0.010000 -0.00456 -0.02718  0.00262 -0.00565  0.03731
0.010000  0.03011  0.01288  0.02984  0.00283  0.03417
0.010000  0.05265  0.06767  0.02091  0.01089  0.01061
0.010000 -0.02239 -0.05467 -0.01211 -0.02307  0.04570
0.010000  0.04179  0.04907  0.01002 -0.01070 -0.02328
0.010000  0.04789  0.01620  0.03995  0.01860  0.03807
0.010000  0.04974  0.02662  0.01523 -0.00490  0.03353
0.010000  0.03466  0.03101  0.01940  0.00331 -0.02482
0.010000 -0.02383 -0.04158 -0.01910 -0.02371  0.01253
0.010000 -0.00637  0.01752  0.00267  0.01316  0.06038
0.010000 -0.02087 -0.04417 -0.01418  0.00917  0.00702
0.010000  0.04668  0.02306  0.01594 -0.00164  0.05690
0.010000  0.04907  0.05083  0.01782  0.01918 -0.03069
0.010000  0.00186  0.03725  0.00398  0.00682 -0.01279
0.010000 -0.02631 -0.04127 -0.00218  0.00240 -0.01473
0.010000  0.04301  0.06797  0.01643  0.00305 -0.00356
0.010000  0.00466 -0.00214  0.00780  0.01459  0.03973
0.010000  0.01334  0.00443  0.01056  0.00610  0.02572
0.010000  0.02358 -0.01229  0.01270  0.01295 -0.01640
0.010000  0.05294  0.02356  0.02812  0.02185  0.02696
0.010000  0.01940  0.01909  0.02260  0.00138  0.02268
0.010000 -0.02777 -0.00527 -0.01562 -0.01134  0.00412
0.010000  0.01137 -0.01359  0.00226  0.00556 -0.00071
0.010000 -0.02451 -0.04633  0.00669  0.00408  0.03664
0.010000 -0.01342 -0.02624 -0.00739  0.00550 -0.03184
0.010000 -0.02723 -0.04750  0.00044  0.00278  0.06942
0.010000  0.02572  0.04426  0.01319  0.01138  0.01502
0.010000 -0.00906 -0.01290 -0.00561 -0.01412  0.03085
0.010000 -0.02243 -0.00369 -0.00632 -0.00121  0.02111
0.010000  0.02147  0.01406  0.00664  0.00297 -0.01254
0.010000  0.02900  0.03914  0.00411 -0.01947  0.05062
0.010000 -0.01256 -0.03203  0.00717  0.01328  0.00916
0.010000 -0.00274 -0.00917 -0.00372 -0.00756  0.01552
0.010000 -0.02756 -0.03099  0.00696 -0.01455  0.03441
0.010000  0.01837  0.02612 -0.00653  0.00978  0.01798
