# Scenario generation method from a paper by Hoyland, Kaut & Wallace
# Code by Michal Kaut (michal.kaut@iot.ntnu.n) & Diego Mathieu

#   prob   var  1   var  2   var  3   var  4   var  5
0.010000 -0.06454 -0.03817 -0.02145  0.01796 -0.02467
0.010000  0.00822  0.04015  0.01412  0.00063  0.00712
0.010000 -0.01687 -0.00514  0.00388  0.00473 -0.02193
0.010000 -0.00242 -0.03514 -0.01752 -0.00288 -0.00868
0.010000  0.01531 -0.02619 -0.00761  0.00183  0.02324
0.010000  0.01768  0.03996  0.01605 -0.00232  0.00408
0.010000 -0.06053  0.01025 -0.04478 -0.00626 -0.00999
0.010000 -0.05473 -0.03281 -0.03480 -0.00801 -0.03824
0.010000 -0.01198  0.01203  0.00960  0.01108  0.00378
0.010000  0.03653  0.01238  0.01205 -0.00495  0.01093
0.010000  0.03072  0.03998  0.01534  0.01902  0.02063
0.010000  0.00704  0.01723  0.01139  0.01698  0.00865
0.010000 -0.02694 -0.03139 -0.00906  0.00245  0.00369
0.010000 -0.02438  0.01790  0.00976 -0.00895 -0.02355
0.010000 -0.05325 -0.03562 -0.04306 -0.00265  0.00790
0.010000  0.01058  0.00948  0.01096  0.00004  0.01135
0.010000 -0.03891 -0.03390 -0.01507  0.00573 -0.00077
0.010000  0.03875  0.02502  0.01438 -0.00686  0.01986
0.010000  0.01176  0.05992  0.01648  0.00102  0.00022
0.010000 -0.04252 -0.02026 -0.01712 -0.00011  0.00319
0.010000  0.02123 -0.01709 -0.01014  0.01266  0.01107
0.010000  0.02598  0.01749 -0.01458 -0.00471 -0.01592
0.010000 -0.02311 -0.00925 -0.02632  0.00699  0.00396
0.010000 -0.04883 -0.00148 -0.00848 -0.00502 -0.00586
0.010000  0.02835  0.00047 -0.00875 -0.00090  0.02513
0.010000 -0.04594  0.01143  0.00598  0.00948 -0.00274
0.010000 -0.05029 -0.02948 -0.03542 -0.00584 -0.00596
0.010000 -0.03349  0.01143 -0.01795 -0.00382 -0.00998
0.010000  0.01649  0.03016  0.01306  0.00101  0.02411
0.010000  0.04112  0.01031  0.01309 -0.00725 -0.02264
0.010000  0.03423  0.03823  0.01492  0.00396 -0.00175
0.010000  0.03481  0.00503 -0.00178 -0.01477 -0.00737
0.010000  0.02480  0.01840  0.00492  0.01717  0.01260
0.010000 -0.00479  0.00505 -0.01245 -0.01522 -0.02213
0.010000 -0.00360  0.05744 -0.00153  0.00107  0.01819
0.010000 -0.05177  0.00708 -0.00906 -0.00609 -0.01356
0.010000 -0.06411 -0.05834 -0.05158  0.00872  0.00335
0.010000 -0.06402 -0.00246 -0.03487  0.02955  0.00471
0.010000 -0.02953  0.03551  0.01155 -0.00005  0.00182
0.010000  0.04472  0.07703  0.01772  0.00699  0.01552
0.010000 -0.03084 -0.04202 -0.02304  0.00717  0.00820
0.010000  0.04276  0.00067 -0.00466  0.00354 -0.00296
0.010000 -0.06186 -0.03320 -0.01824  0.00304 -0.00568
0.010000  0.02954  0.02253  0.01396 -0.00053  0.01665
0.010000  0.04477  0.00362  0.01092 -0.00829 -0.01020
0.010000  0.04086  0.06396  0.01700 -0.00423  0.02419
0.010000  0.02717 -0.00491  0.00847 -0.00961  0.01918
0.010000 -0.03754 -0.03656 -0.01331  0.01778  0.01125
0.010000  0.02242  0.03916 -0.00481 -0.00222  0.00591
0.010000 -0.02566  0.01074 -0.00918 -0.00987  0.00390
0.010000 -0.04309  0.03385 -0.00652  0.00282 -0.01458
0.010000 -0.00005  0.04421  0.01340 -0.00822 -0.02013
0.010000 -0.06115  0.00587 -0.01363 -0.00096 -0.02869
0.010000 -0.05913 -0.01166 -0.00781  0.01272 -0.05178
0.010000 -0.01810  0.03288  0.00618  0.01239  0.00421
0.010000 -0.01319 -0.00432  0.00484  0.01271 -0.00650
0.010000 -0.01935 -0.00840 -0.00052  0.01112 -0.03591
0.010000  0.00723  0.01876  0.00648 -0.01466 -0.00571
0.010000  0.00349  0.02796  0.01222 -0.00342  0.00634
0.010000  0.00467  0.02443  0.00246 -0.00176  0.01316
0.010000 -0.01441  0.03568 -0.00794 -0.00842  0.00120
0.010000 -0.00836 -0.00007  0.00561 -0.00477  0.00124
0.010000 -0.05768 -0.00673 -0.01486 -0.00073 -0.02532
0.010000  0.01294  0.00831  0.00994 -0.00607 -0.01609
0.010000  0.01412  0.04046  0.00191  0.00503  0.02735
0.010000 -0.05621 -0.01184 -0.00570  0.02010 -0.02150
0.010000  0.00586 -0.02199  0.00027 -0.01388 -0.00965
0.010000 -0.02060 -0.05370 -0.04029 -0.00033 -0.02534
0.010000  0.03983  0.03176  0.01606  0.00046 -0.02398
0.010000 -0.04029  0.00369  0.00435 -0.01267 -0.03208
0.010000 -0.03216  0.02579  0.00138  0.00257 -0.01253
0.010000  0.03190  0.04654  0.01693 -0.00690  0.01410
0.010000  0.03765  0.05269  0.01690 -0.00810  0.02072
0.010000 -0.03618 -0.01617 -0.00834 -0.00308 -0.04553
0.010000  0.03307  0.01245  0.01322  0.00223 -0.02382
0.010000 -0.00717 -0.05788 -0.03422  0.00939  0.00328
0.010000 -0.01564  0.00610 -0.00129  0.00176 -0.00504
0.010000 -0.02185 -0.02237 -0.02261 -0.00632 -0.01585
0.010000  0.03539  0.05903  0.01565 -0.01198  0.02714
0.010000 -0.04451 -0.02406 -0.01353  0.01533 -0.02943
0.010000  0.04185 -0.00568  0.01007  0.00099  0.02158
0.010000  0.04497  0.06890  0.01161 -0.01169  0.02519
0.010000 -0.04738  0.02333 -0.00538 -0.00613 -0.02201
0.010000 -0.04168  0.05697  0.01333 -0.01095 -0.01548
0.010000 -0.01077 -0.00038 -0.00795 -0.01205 -0.01226
0.010000  0.01886 -0.01956 -0.02128  0.00555  0.01841
0.010000  0.04359  0.01219  0.01392  0.00559  0.01123
0.010000 -0.00123  0.01589  0.01137  0.01304  0.00066
0.010000 -0.02823 -0.00142  0.00338 -0.00464 -0.01478
0.010000  0.04368  0.01386  0.01364 -0.00628  0.00323
0.010000 -0.00597  0.00667 -0.02040 -0.00668  0.02453
0.010000  0.02361 -0.00969  0.00150 -0.01052 -0.00317
0.010000 -0.00956  0.00727 -0.00126  0.00457  0.01742
0.010000  0.02005 -0.02068  0.00301 -0.00261  0.00847
0.010000  0.00231 -0.04158 -0.02936  0.00203  0.01326
0.010000 -0.03483  0.00374  0.00233 -0.01478 -0.03772
0.010000  0.04427  0.02454  0.01381  0.00192 -0.00865
0.010000 -0.06306 -0.06012 -0.05033  0.00026 -0.00789
0.010000  0.00113  0.02062  0.00551  0.00755  0.01120
0.010000  0.00940 -0.00001 -0.02198  0.00692  0.02795
