# Scenario generation method from a paper by Hoyland, Kaut & Wallace
# Code by Michal Kaut (michal.kaut@iot.ntnu.n) & Diego Mathieu

#   prob   var  1   var  2   var  3   var  4   var  5
0.010000 -0.01414 -0.01285 -0.01740 -0.02019  0.00318
0.010000  0.01608  0.01370  0.02711  0.06502 -0.00047
0.010000  0.00771  0.00192  0.01196  0.00678 -0.00591
0.010000 -0.01048 -0.02210 -0.00512  0.00437  0.01466
0.010000 -0.01988 -0.00725 -0.00670 -0.02028 -0.04120
0.010000 -0.02155  0.00181 -0.01277 -0.02448  0.01064
0.010000 -0.03115 -0.01392 -0.00871 -0.02758 -0.00159
0.010000  0.00128 -0.00851  0.01405  0.00832 -0.02087
0.010000 -0.00612 -0.01554 -0.01182 -0.00770 -0.00202
0.010000  0.00419 -0.00399  0.00292  0.00086 -0.02558
0.010000 -0.01287 -0.02574  0.01013  0.00166 -0.00880
0.010000  0.01400  0.00808  0.01300  0.01080 -0.03440
0.010000  0.00080  0.00023  0.01188  0.03009  0.02080
0.010000 -0.00309  0.00143 -0.01608 -0.01159  0.00660
0.010000 -0.00879 -0.02136  0.00095 -0.00862 -0.02543
0.010000 -0.00824 -0.00938  0.00219 -0.00443 -0.00270
0.010000 -0.06469 -0.05514  0.00614 -0.02076 -0.03969
0.010000  0.02263  0.02228  0.01404  0.02145 -0.01081
0.010000 -0.02860 -0.00665 -0.02429 -0.03372 -0.01554
0.010000 -0.00934 -0.00917  0.00413 -0.01025 -0.00231
0.010000  0.00668 -0.00162  0.00262 -0.00082 -0.04196
0.010000 -0.03961 -0.02418 -0.04934 -0.04657 -0.02781
0.010000  0.01096  0.00690  0.01419  0.00823  0.00579
0.010000 -0.01686 -0.01850 -0.00316  0.05560  0.01503
0.010000  0.03728  0.06173  0.00392  0.06184  0.01490
0.010000 -0.02070 -0.01359 -0.00978 -0.01733  0.00381
0.010000 -0.00017 -0.00045  0.00831  0.01207 -0.00078
0.010000  0.01273  0.01670  0.00492  0.00311  0.00074
0.010000  0.01336  0.01980 -0.02767 -0.01265  0.01622
0.010000 -0.03574 -0.02192 -0.00957 -0.03316 -0.01767
0.010000 -0.02429 -0.00021 -0.01369 -0.02760 -0.01291
0.010000 -0.01226  0.00091 -0.00407 -0.01665 -0.01420
0.010000  0.01847  0.01664  0.01155  0.08861 -0.00516
0.010000  0.00371 -0.00342 -0.00236 -0.00404 -0.03343
0.010000 -0.02529 -0.01721 -0.01552 -0.02420  0.00014
0.010000 -0.02743 -0.00915 -0.01273 -0.02331 -0.01278
0.010000  0.01763  0.01273  0.00536  0.00892 -0.00055
0.010000  0.01683  0.01517 -0.00103  0.00238  0.00430
0.010000 -0.01615 -0.02301  0.00758  0.00556 -0.00070
0.010000 -0.01547  0.00796 -0.00079 -0.02220 -0.03515
0.010000  0.00322  0.02387 -0.00332 -0.01325 -0.02060
0.010000 -0.00358 -0.00898  0.00379 -0.00295  0.01192
0.010000  0.00719  0.00493  0.00971 -0.00122 -0.00241
0.010000 -0.05164 -0.03458 -0.03361 -0.05221 -0.00211
0.010000  0.00929  0.00716  0.00650  0.01363 -0.01762
0.010000 -0.08454 -0.04065 -0.02826 -0.06473 -0.03903
0.010000 -0.02633 -0.03518 -0.00535 -0.01729 -0.01325
0.010000  0.02035  0.02348  0.00202  0.00090 -0.03601
0.010000 -0.02983 -0.01464 -0.01230 -0.02717 -0.02730
0.010000  0.00177  0.02011 -0.00503 -0.01215 -0.01747
0.010000 -0.04773 -0.03544 -0.01239 -0.02965  0.00428
0.010000  0.00518  0.00360 -0.00340 -0.00530 -0.01210
0.010000 -0.04457 -0.03179 -0.01553 -0.05158 -0.03193
0.010000 -0.00065 -0.00353 -0.00282 -0.00843  0.00637
0.010000  0.00225  0.00169  0.01034  0.00373 -0.00648
0.010000  0.00618 -0.00234  0.03985  0.02910 -0.01922
0.010000 -0.01832 -0.00046 -0.00584 -0.01855  0.01242
0.010000 -0.00113 -0.00248  0.00104 -0.00547 -0.00704
0.010000  0.02768  0.04708  0.00340  0.00455 -0.00860
0.010000 -0.01909 -0.02478 -0.01567 -0.02112 -0.03611
0.010000 -0.00260 -0.00620  0.01488 -0.00003 -0.00051
0.010000  0.00469 -0.00274  0.02111  0.00484 -0.02080
0.010000  0.00032  0.00478  0.00010  0.00508  0.00665
0.010000 -0.01758 -0.00685 -0.02764 -0.02523 -0.01228
0.010000 -0.05683 -0.03988 -0.01840 -0.03739 -0.03322
0.010000  0.02143  0.01855  0.00516  0.02928  0.01228
0.010000  0.00823  0.00568 -0.00051 -0.00291 -0.01527
0.010000  0.00568  0.00440  0.00619  0.00941 -0.00130
0.010000 -0.01350  0.01390  0.01408 -0.00889  0.02024
0.010000 -0.02242 -0.00757 -0.01753 -0.02837 -0.01381
0.010000 -0.00664 -0.01314  0.00183 -0.00602 -0.03337
0.010000 -0.01166  0.00884 -0.01762 -0.02620  0.02686
0.010000  0.01213  0.00548  0.01229  0.00241 -0.01649
0.010000  0.01154  0.00636  0.00669  0.00606 -0.02227
0.010000  0.01039  0.01076  0.00993  0.00995  0.01336
0.010000 -0.00770  0.00055 -0.02410 -0.02235 -0.00930
0.010000 -0.03408 -0.02765 -0.00735 -0.02500 -0.00970
0.010000 -0.00211 -0.00315  0.00548 -0.00107  0.00342
0.010000 -0.00162 -0.00242 -0.00336 -0.00824 -0.02395
0.010000 -0.00408  0.00269  0.00303 -0.00722 -0.02358
0.010000  0.01938  0.01764  0.00940  0.01402 -0.00958
0.010000  0.00273  0.00687  0.00860  0.00722 -0.01141
0.010000 -0.00458 -0.01600  0.00722 -0.00335 -0.02184
0.010000  0.01536  0.01035  0.01138  0.01700 -0.02730
0.010000 -0.03757 -0.01708 -0.01871 -0.03447 -0.00763
0.010000 -0.03256 -0.01579 -0.01341 -0.02944 -0.02394
0.010000 -0.00991 -0.00417  0.00101 -0.01246 -0.01956
0.010000 -0.02334 -0.03503 -0.02236 -0.02198 -0.01161
0.010000 -0.01480 -0.02760 -0.00192 -0.00980 -0.01689
0.010000  0.00876  0.00109 -0.04185 -0.01233 -0.00960
0.010000 -0.04191 -0.03154 -0.01035 -0.02910 -0.02236
0.010000  0.03060  0.04227 -0.00237  0.00997  0.02118
0.010000  0.01466  0.00888  0.00413  0.02330 -0.00386
0.010000  0.02563  0.06382 -0.02672 -0.02417  0.02359
0.010000 -0.00509 -0.00122  0.00703 -0.00622  0.01497
0.010000 -0.00717  0.00147 -0.00157 -0.01307 -0.00022
0.010000 -0.01106 -0.01787 -0.00709 -0.01239  0.00365
0.010000 -0.00560 -0.01141 -0.00557 -0.00976 -0.01885
0.010000  0.00984  0.00355  0.00436  0.00645 -0.03083
0.010000  0.02400  0.05210 -0.01034 -0.00643  0.03044
