# Scenario generation method from a paper by Hoyland, Kaut & Wallace
# Code by Michal Kaut (michal.kaut@iot.ntnu.n) & Diego Mathieu

#   prob   var  1   var  2   var  3   var  4   var  5
0.010000 -0.02866 -0.04050 -0.00826 -0.01061  0.00366
0.010000 -0.00028 -0.01725  0.00975 -0.00535  0.01902
0.010000  0.00603  0.02389 -0.00270 -0.00130  0.02907
0.010000 -0.04809 -0.04977 -0.02212  0.00419 -0.01820
0.010000 -0.00862 -0.02747 -0.00185 -0.00756 -0.00553
0.010000 -0.06001 -0.00250 -0.00489 -0.00085 -0.01442
0.010000 -0.01990 -0.00155 -0.02393 -0.01162 -0.00869
0.010000  0.00474  0.00540  0.00883  0.01328  0.00336
0.010000 -0.00510 -0.03761 -0.00191  0.01012  0.01076
0.010000 -0.05988 -0.04815 -0.02451  0.01362 -0.00941
0.010000  0.04528  0.02588  0.01400 -0.00983  0.01246
0.010000  0.06939 -0.00750  0.00824 -0.00065  0.02664
0.010000  0.05857  0.04626  0.02921 -0.00301  0.01177
0.010000  0.06548  0.04749  0.03568 -0.01527 -0.00947
0.010000 -0.01320 -0.02131 -0.06080 -0.00878  0.00727
0.010000 -0.03948 -0.01810 -0.01788 -0.01356 -0.00412
0.010000  0.02459  0.03213  0.01053 -0.00284  0.02210
0.010000 -0.01656 -0.02183 -0.00667 -0.00885 -0.02079
0.010000  0.00096 -0.00910  0.00637  0.00635 -0.02260
0.010000 -0.02429  0.01610 -0.00789 -0.01089 -0.00276
0.010000  0.02300 -0.03180 -0.00825 -0.00171 -0.00087
0.010000 -0.03300  0.00398 -0.01324 -0.00150 -0.00029
0.010000 -0.02648 -0.05189 -0.02382  0.00859 -0.01279
0.010000 -0.01207  0.00770 -0.01578 -0.01317  0.00744
0.010000  0.01135 -0.01756 -0.00635 -0.01116 -0.00559
0.010000  0.04763  0.04714  0.03466 -0.00983  0.00581
0.010000  0.01698 -0.00122  0.00489 -0.00866  0.00471
0.010000 -0.05534 -0.01599 -0.00859 -0.00174  0.00990
0.010000 -0.05805 -0.02631 -0.01822 -0.00062 -0.01033
0.010000  0.01844  0.04187  0.00794 -0.00656 -0.00068
0.010000 -0.01879 -0.03211 -0.03376  0.00600  0.01138
0.010000  0.00999  0.02437 -0.00240  0.00181  0.01933
0.010000  0.03885 -0.00066  0.00423 -0.00072  0.01242
0.010000  0.00866 -0.00694  0.01702  0.00680 -0.00316
0.010000  0.03311  0.01237  0.00798 -0.01748  0.01698
0.010000 -0.02100 -0.01061  0.00542 -0.00009  0.00192
0.010000 -0.04380 -0.00754 -0.00515 -0.00658 -0.00829
0.010000 -0.03624 -0.01559 -0.01434  0.00750 -0.00015
0.010000 -0.05629  0.01811 -0.02242 -0.00675 -0.03441
0.010000 -0.05334 -0.02127 -0.02494 -0.01190 -0.01002
0.010000 -0.03840 -0.03521 -0.01719  0.00254 -0.00811
0.010000  0.02787  0.01308  0.00002  0.01511  0.01297
0.010000 -0.05231 -0.00056 -0.00561  0.00089 -0.01327
0.010000  0.06187  0.02828  0.01601 -0.00725  0.02990
0.010000 -0.04702  0.03203  0.00305  0.00021 -0.02231
0.010000 -0.01545 -0.01250 -0.00808 -0.00278  0.00146
0.010000  0.01272  0.04566  0.00653  0.00171 -0.01328
0.010000 -0.05127  0.00973 -0.00172  0.00530 -0.02132
0.010000 -0.05435 -0.02099 -0.01054 -0.00695 -0.02044
0.010000 -0.00978 -0.00122 -0.01484  0.01097 -0.00080
0.010000 -0.00150 -0.02944 -0.01523  0.00643  0.01418
0.010000  0.01412 -0.00628  0.00412 -0.00474 -0.00496
0.010000  0.02145  0.00172 -0.00165 -0.00986 -0.00718
0.010000 -0.02210  0.00332  0.00993 -0.00803 -0.00337
0.010000 -0.04164 -0.01024 -0.00094  0.00641  0.00495
0.010000  0.07158  0.00690  0.03545  0.00150  0.00467
0.010000  0.04090  0.01070  0.00316 -0.00553  0.00304
0.010000  0.05273  0.06043  0.02959  0.00507 -0.00113
0.010000 -0.04487 -0.04449 -0.02831  0.00419 -0.01836
0.010000 -0.00746 -0.01088 -0.02260 -0.00709 -0.02513
0.010000 -0.00629  0.00548 -0.00072 -0.00538 -0.00582
0.010000 -0.03480  0.00757 -0.01773 -0.00414 -0.02273
0.010000 -0.02320  0.00218  0.00845 -0.00787 -0.00904
0.010000  0.00347 -0.04566 -0.01678 -0.01010 -0.01743
0.010000 -0.04272 -0.00642 -0.01499  0.00431 -0.00628
0.010000 -0.00391  0.03807 -0.00042  0.00162 -0.00806
0.010000 -0.03083 -0.03162 -0.01357 -0.01246  0.00391
0.010000  0.04304  0.01719  0.01866 -0.01339 -0.00616
0.010000 -0.02539  0.02014  0.01509  0.01254 -0.00404
0.010000 -0.04595 -0.04044 -0.02272 -0.00752 -0.01738
0.010000 -0.03516 -0.02590 -0.01271  0.00059  0.00116
0.010000 -0.05400 -0.05836 -0.04681  0.00228  0.00715
0.010000  0.03496 -0.00572  0.01676  0.00680  0.02094
0.010000  0.03131  0.04317  0.03670  0.00165  0.02008
0.010000  0.05011  0.05052  0.02406 -0.01426  0.03067
0.010000  0.02957 -0.02347 -0.01092  0.01238  0.02617
0.010000 -0.05881 -0.02066 -0.02484  0.00627 -0.01673
0.010000 -0.01093 -0.01761  0.00237 -0.01275 -0.02142
0.010000 -0.02974  0.00598  0.00820 -0.00025  0.00560
0.010000 -0.05811  0.03468 -0.01565 -0.01410 -0.02999
0.010000 -0.00271  0.02924 -0.00100  0.01149  0.02639
0.010000 -0.04915 -0.01840 -0.00771  0.00188 -0.02276
0.010000 -0.03732 -0.04077 -0.02224 -0.00050  0.00298
0.010000  0.05555  0.03362  0.01985  0.00672  0.02500
0.010000  0.02621  0.00410  0.00638 -0.00532  0.01609
0.010000 -0.05945 -0.04458 -0.03494  0.02142  0.00450
0.010000  0.01993 -0.01051  0.00241  0.00819  0.00742
0.010000 -0.05959 -0.01479 -0.00980  0.01962 -0.01500
0.010000  0.00734  0.01767 -0.00061 -0.00137  0.00065
0.010000  0.03687  0.03030  0.01252 -0.01237  0.00048
0.010000 -0.01433 -0.01957 -0.00741 -0.00545 -0.00214
0.010000 -0.03408 -0.02343 -0.04917  0.00244  0.00223
0.010000 -0.01768 -0.04364 -0.00663 -0.00582 -0.00593
0.010000  0.01554  0.01905  0.00439 -0.00385  0.01469
0.010000 -0.05021 -0.04946 -0.03712  0.00184 -0.03229
0.010000 -0.04056 -0.02381 -0.00617  0.00306 -0.00144
0.010000 -0.05720 -0.00804 -0.02341 -0.00459 -0.01172
0.010000 -0.03191 -0.05603 -0.01480 -0.01912 -0.01566
0.010000 -0.02757  0.01295  0.01086 -0.00153  0.01479
0.010000  0.00221 -0.01136  0.01280 -0.00096 -0.00134
