# Scenario generation method from a paper by Hoyland, Kaut & Wallace
# Code by Michal Kaut (michal.kaut@iot.ntnu.n) & Diego Mathieu

#   prob   var  1   var  2   var  3   var  4   var  5
0.010000 -0.02125 -0.03447 -0.01691 -0.02030 -0.02991
0.010000  0.00408 -0.00602  0.00672 -0.01565  0.02400
0.010000  0.00861  0.03335 -0.00166 -0.00048  0.02645
0.010000 -0.01512  0.00269  0.01468  0.00793  0.05484
0.010000 -0.00571 -0.01155 -0.01430 -0.01154  0.05219
0.010000  0.01980  0.00169  0.01906  0.02637 -0.03755
0.010000  0.07660  0.06690  0.04047  0.03452  0.01072
0.010000 -0.02449 -0.04114 -0.00971 -0.02174  0.04166
0.010000  0.03854  0.01939  0.03426  0.01619  0.03556
0.010000 -0.00956 -0.00066 -0.00879 -0.00339  0.03111
0.010000 -0.02694 -0.05143 -0.00548 -0.00959 -0.05154
0.010000  0.04980  0.02067  0.03265  0.02596  0.04870
0.010000  0.05764  0.02574  0.03600  0.01800  0.07758
0.010000 -0.02758 -0.06634 -0.01365 -0.00945 -0.04051
0.010000 -0.01928 -0.04392 -0.01175 -0.01666  0.02163
0.010000  0.05341  0.02565  0.01365  0.00089  0.06668
0.010000  0.06288  0.07072  0.01999  0.02406 -0.04384
0.010000  0.02885  0.01479  0.02356 -0.00188  0.01490
0.010000 -0.01112  0.02463  0.01564  0.00433 -0.01955
0.010000  0.01729  0.02336 -0.01551 -0.00791 -0.03070
0.010000 -0.02362 -0.07267 -0.03536 -0.03862  0.02535
0.010000  0.03735  0.02007  0.01178  0.00571  0.01317
0.010000 -0.00043 -0.01329  0.01523 -0.00316  0.02521
0.010000  0.05543  0.03291  0.03660  0.01884  0.07352
0.010000  0.01015 -0.03235  0.02240  0.02038  0.01419
0.010000 -0.00801 -0.01320 -0.02483 -0.02178  0.01252
0.010000 -0.01594 -0.04318 -0.01755 -0.02370  0.01629
0.010000  0.01895  0.01494  0.00593 -0.00095  0.03203
0.010000  0.02417 -0.01163  0.01812  0.00217  0.05934
0.010000  0.00032 -0.00214 -0.00832 -0.00365 -0.05154
0.010000  0.01169  0.02405 -0.00234 -0.00488 -0.00545
0.010000 -0.01431 -0.02537 -0.01788 -0.02902  0.02588
0.010000  0.01485 -0.01861  0.01657  0.01533  0.03768
0.010000  0.02693  0.02798  0.03368  0.00526  0.03009
0.010000  0.02327  0.01567  0.00598 -0.00857  0.01875
0.010000  0.03187  0.05887  0.00815 -0.01032 -0.00415
0.010000  0.00558  0.01904 -0.01745 -0.05338  0.08663
0.010000  0.04816  0.05354  0.02058  0.01813 -0.01739
0.010000 -0.02738 -0.03410  0.00618 -0.00985  0.04376
0.010000 -0.01844  0.00429 -0.00275 -0.00696  0.00255
0.010000  0.00107  0.00553  0.01686 -0.01441  0.02813
0.010000 -0.01270  0.00858 -0.02346 -0.04224 -0.05584
0.010000 -0.01760 -0.05421  0.00698  0.00744  0.05820
0.010000  0.01248  0.02653  0.00985  0.00667  0.01344
0.010000 -0.02187 -0.04234 -0.00461 -0.00368 -0.01984
0.010000  0.01647  0.00206  0.00671  0.00339 -0.00932
0.010000  0.02984  0.02259  0.00191  0.00275  0.00949
0.010000  0.05155  0.01621  0.02111  0.00503  0.06982
0.010000 -0.00268 -0.02261  0.02783  0.00539  0.05599
0.010000  0.00182 -0.02159  0.00459 -0.01338  0.06786
0.010000 -0.00724 -0.03804  0.00897  0.01268  0.01702
0.010000  0.02065  0.00497  0.00794  0.01889  0.05946
0.010000 -0.02790 -0.04678  0.01493 -0.01604  0.05796
0.010000  0.04660  0.04411  0.03994  0.01339  0.05512
0.010000 -0.02275 -0.05502 -0.00298 -0.02143  0.03668
0.010000  0.00257  0.01359  0.00445 -0.01222 -0.04831
0.010000  0.06617  0.03884  0.01368  0.01855  0.07500
0.010000  0.01406  0.00436  0.01175 -0.00806  0.02955
0.010000 -0.00344 -0.00462 -0.00179  0.00232 -0.00216
0.010000  0.07029  0.04729  0.03080  0.01757  0.01268
0.010000  0.04103  0.04571  0.00540  0.02164  0.03390
0.010000 -0.02100 -0.01733 -0.02061 -0.03876  0.01767
0.010000  0.00785 -0.00116 -0.01530 -0.01257 -0.05165
0.010000 -0.00419 -0.00892  0.00237  0.00596  0.06189
0.010000  0.02600  0.03025  0.02056  0.00321 -0.02257
0.010000 -0.00118  0.01074  0.01869 -0.00268  0.01993
0.010000  0.01092  0.00300  0.01066  0.01848  0.04950
0.010000  0.04234 -0.01058  0.00689 -0.00394  0.00420
0.010000 -0.00193 -0.01416 -0.00178  0.00114  0.05132
0.010000 -0.01676 -0.02045  0.00261  0.00133  0.02151
0.010000  0.03976  0.07176  0.03621  0.01323  0.00297
0.010000 -0.01191 -0.00142 -0.00408 -0.00114  0.00929
0.010000  0.03291 -0.01455  0.03054  0.00757  0.01447
0.010000  0.00332  0.02291 -0.01509 -0.02431  0.02259
0.010000  0.06009  0.04594  0.03851  0.01990  0.02792
0.010000 -0.02618 -0.00185 -0.00076 -0.02711 -0.01202
0.010000 -0.00495 -0.00364  0.00620  0.00921  0.01394
0.010000  0.01812  0.00066  0.01505  0.02477  0.05959
0.010000  0.00634 -0.01528 -0.00130  0.00568  0.03319
0.010000 -0.01350 -0.05367 -0.03711 -0.04445  0.01472
0.010000  0.00483 -0.03439 -0.00643 -0.00300  0.07176
0.010000  0.03398  0.02991  0.03513  0.02193  0.03902
0.010000  0.00938  0.03778 -0.01799 -0.02462  0.04311
0.010000 -0.00878  0.01865 -0.02018 -0.04576 -0.05830
0.010000 -0.02014 -0.00428 -0.01357 -0.02752 -0.04039
0.010000  0.01326  0.01117  0.01733 -0.00860  0.06115
0.010000 -0.00648 -0.03654 -0.00049 -0.00344  0.02115
0.010000 -0.02535 -0.03916 -0.00398 -0.00316 -0.04563
0.010000  0.03620  0.03836  0.02509 -0.00181  0.05378
0.010000  0.02239 -0.00238 -0.01699  0.00175 -0.02818
0.010000  0.04512  0.05678  0.02126  0.03150  0.00923
0.010000  0.03084 -0.02547  0.01598  0.03121  0.05511
0.010000 -0.01034 -0.00953 -0.02013 -0.01694  0.03870
0.010000  0.01566 -0.02088  0.00025 -0.00550  0.04655
0.010000  0.00710  0.00947  0.01668  0.01679  0.06280
0.010000  0.02788  0.03266  0.01413  0.00048  0.04379
0.010000  0.03508  0.00863  0.00393  0.01668 -0.02712
0.010000  0.02508 -0.01419  0.00736  0.00918  0.05006
0.010000  0.02151  0.01052  0.02367  0.00020  0.02170
0.010000  0.04370  0.04861  0.02264  0.00048  0.05854
