# Scenario generation method from a paper by Hoyland, Kaut & Wallace
# Code by Michal Kaut (michal.kaut@iot.ntnu.n) & Diego Mathieu

#   prob   var  1   var  2   var  3   var  4   var  5
0.010000 -0.02808 -0.02600 -0.01815 -0.02703  0.00389
0.010000  0.02552 -0.01332  0.01732  0.00362 -0.00690
0.010000 -0.06740 -0.01772  0.00319 -0.05546 -0.05491
0.010000 -0.02528 -0.02783 -0.02072 -0.00933 -0.03289
0.010000 -0.02897 -0.01592  0.00302 -0.00687  0.00956
0.010000 -0.03687  0.00177  0.02513 -0.00817  0.00040
0.010000 -0.02032 -0.01053  0.01027  0.03686 -0.00254
0.010000  0.02829  0.00738  0.01382  0.03474 -0.00154
0.010000 -0.01722 -0.00500  0.00251  0.01622 -0.00611
0.010000 -0.02234  0.00212  0.00560 -0.02477 -0.05571
0.010000  0.03232 -0.00727  0.01891  0.04104 -0.01479
0.010000  0.01818  0.02438  0.02797  0.01998 -0.01490
0.010000 -0.01930  0.00139 -0.00962  0.00554 -0.03792
0.010000 -0.01826 -0.01755 -0.01914 -0.03134 -0.03109
0.010000 -0.00536 -0.00213 -0.00463 -0.00280 -0.01397
0.010000 -0.01245 -0.04626  0.00843 -0.01052 -0.00292
0.010000 -0.00974 -0.01628 -0.00825 -0.01645 -0.02046
0.010000  0.01036  0.01073  0.00482  0.01889  0.00587
0.010000 -0.03497 -0.02524 -0.01368 -0.00950 -0.03003
0.010000 -0.02333  0.00016  0.00645 -0.01910 -0.01607
0.010000 -0.03653 -0.01996 -0.00098 -0.03098 -0.01313
0.010000  0.02453  0.00204  0.00408 -0.00184 -0.00391
0.010000 -0.03505 -0.04465 -0.02145 -0.05127 -0.03490
0.010000 -0.00525 -0.02123 -0.01331 -0.00927 -0.01325
0.010000  0.02035  0.02646  0.03688  0.02964 -0.01938
0.010000 -0.01082 -0.01007 -0.01244 -0.01967 -0.00458
0.010000  0.02741  0.00181 -0.00895  0.03425 -0.00992
0.010000  0.02991  0.06520  0.04547  0.05710  0.00351
0.010000 -0.03304 -0.03435 -0.01327 -0.03385  0.01188
0.010000  0.02251 -0.01116 -0.01573  0.01216 -0.01065
0.010000 -0.02431 -0.01531 -0.01082 -0.00644 -0.01128
0.010000  0.02648  0.04126  0.03628  0.06267 -0.01262
0.010000  0.01149  0.00252  0.01999  0.01173 -0.00848
0.010000 -0.01190 -0.02568 -0.02002 -0.01390 -0.03354
0.010000  0.00358 -0.01034 -0.00230  0.00006 -0.00628
0.010000 -0.03719 -0.03532  0.01988 -0.00311 -0.00981
0.010000 -0.03710 -0.01589 -0.01675 -0.02855 -0.03802
0.010000  0.00697  0.03954  0.00588  0.01264 -0.01089
0.010000  0.01374  0.02916  0.00130  0.00685 -0.02230
0.010000 -0.03069 -0.02518 -0.02052 -0.02103 -0.02558
0.010000  0.00923  0.01074  0.03608  0.01396 -0.03364
0.010000 -0.02623 -0.03764 -0.02130 -0.03323 -0.02893
0.010000  0.00584  0.00749 -0.00783  0.02790 -0.02355
0.010000 -0.03443 -0.01414 -0.01817 -0.01868 -0.01926
0.010000 -0.02984 -0.01837 -0.01214 -0.02274 -0.02687
0.010000  0.00132  0.02614  0.00633  0.01282  0.00319
0.010000  0.02142  0.02804  0.03958  0.01580  0.01191
0.010000 -0.01405 -0.02439 -0.01962 -0.01147 -0.03052
0.010000  0.03061  0.01848 -0.00105  0.02361  0.00017
0.010000  0.01486 -0.00897 -0.01175  0.00615  0.03007
0.010000 -0.03700 -0.01808 -0.01896 -0.03347 -0.02160
0.010000 -0.03611 -0.03845  0.00717 -0.02356 -0.03449
0.010000 -0.03359 -0.02177 -0.01301 -0.02169 -0.02286
0.010000 -0.03595 -0.04163 -0.00984 -0.01912 -0.02352
0.010000 -0.02014 -0.03849 -0.01299 -0.01629 -0.04294
0.010000 -0.00315 -0.00876  0.02597  0.01371  0.00177
0.010000 -0.01617 -0.00027 -0.00823 -0.01700 -0.00399
0.010000  0.03017  0.01726  0.02819  0.00626  0.01604
0.010000 -0.02716 -0.02224 -0.01773 -0.02311 -0.00115
0.010000  0.02248  0.00420 -0.00976  0.02849  0.00132
0.010000  0.02913  0.03570  0.01240  0.00740 -0.01989
0.010000  0.03136  0.00160 -0.00477  0.03649 -0.00427
0.010000  0.00471  0.00643 -0.00100  0.00481 -0.00438
0.010000  0.01708 -0.00651  0.03277  0.01590 -0.01489
0.010000  0.00020 -0.01279  0.00563 -0.00377 -0.01284
0.010000  0.02015  0.02358  0.03911  0.02984  0.02228
0.010000 -0.02903 -0.00391  0.02146  0.00265  0.00171
0.010000 -0.00646 -0.00838 -0.01458 -0.00538 -0.03850
0.010000  0.01597 -0.00045  0.00414  0.02297  0.01869
0.010000  0.01163  0.01427 -0.00530  0.00119  0.01719
0.010000 -0.02535 -0.01661 -0.01917 -0.03129 -0.01458
0.010000  0.03123  0.00066  0.00919  0.00667  0.01262
0.010000 -0.03167 -0.01844  0.00980 -0.01474 -0.04758
0.010000  0.00245 -0.03185 -0.01795 -0.02023 -0.01366
0.010000 -0.00756  0.00566  0.03430 -0.00907  0.00524
0.010000 -0.01298 -0.02757  0.00041 -0.01186 -0.02948
0.010000 -0.00426  0.02163  0.00802 -0.00615 -0.02382
0.010000  0.02351  0.08274  0.04766  0.05246  0.02310
0.010000  0.10025  0.04284  0.04608  0.08714  0.04233
0.010000 -0.01511  0.02205 -0.00418  0.00606 -0.02959
0.010000 -0.03229 -0.03518 -0.02104 -0.01632 -0.01899
0.010000 -0.03561 -0.03247 -0.00949 -0.03974 -0.00768
0.010000 -0.00204 -0.00010 -0.01341  0.01017 -0.01552
0.010000 -0.00865 -0.00280 -0.01446 -0.01404  0.00069
0.010000  0.01927 -0.00085 -0.00891  0.00870 -0.00881
0.010000  0.03174  0.00135  0.04359  0.03631 -0.00099
0.010000 -0.03722  0.01378 -0.00720 -0.02284 -0.03736
0.010000 -0.00092  0.00760  0.01675 -0.00470 -0.02021
0.010000 -0.03660 -0.04914 -0.01979 -0.03157 -0.00401
0.010000  0.02514  0.02444  0.01240  0.03622  0.01445
0.010000  0.00810  0.00384 -0.00260  0.03845 -0.01099
0.010000 -0.00021  0.00676  0.03946  0.01261 -0.00948
0.010000  0.03212  0.02081 -0.00170  0.01000  0.02054
0.010000  0.02823  0.03267  0.02682  0.01613  0.00449
0.010000 -0.03376 -0.02709  0.00885 -0.01765 -0.01301
0.010000  0.01262 -0.00166 -0.00107 -0.00201 -0.00576
0.010000  0.03233  0.05869  0.02384  0.02758  0.01567
0.010000 -0.03150 -0.01672  0.02889 -0.00995 -0.01870
0.010000 -0.02134 -0.01144 -0.00969 -0.03071 -0.00594
0.010000  0.03203 -0.00130 -0.00107  0.02530 -0.01270
