# Scenario generation method from a paper by Hoyland, Kaut & Wallace
# Code by Michal Kaut (michal.kaut@iot.ntnu.n) & Diego Mathieu

#   prob   var  1   var  2   var  3   var  4   var  5
0.010000 -0.00036 -0.02603 -0.02139 -0.02559 -0.02194
0.010000 -0.00659 -0.01406 -0.01428 -0.00592 -0.01931
0.010000  0.01157  0.00491 -0.02087 -0.00879  0.04593
0.010000  0.02674  0.00469 -0.00164  0.00991  0.04338
0.010000  0.00993 -0.01596  0.01382  0.01470  0.04266
0.010000  0.06635  0.03237  0.03623  0.03268  0.07045
0.010000 -0.00503 -0.01656  0.00722  0.00822  0.05495
0.010000  0.02979 -0.01646  0.00295  0.01161  0.03887
0.010000 -0.02007 -0.02182 -0.00804 -0.02201  0.03266
0.010000  0.02106 -0.01302  0.00125  0.01233  0.02695
0.010000  0.00435 -0.01409 -0.00086  0.00418  0.00483
0.010000  0.03885  0.04192  0.02262  0.00913  0.01170
0.010000 -0.02551  0.00432 -0.02392 -0.01641  0.00318
0.010000 -0.01927 -0.01186 -0.02433 -0.02550 -0.04707
0.010000  0.01491  0.04892 -0.00639 -0.01124  0.01531
0.010000  0.04417  0.03549  0.00445 -0.00146  0.05206
0.010000  0.05823  0.04626  0.03295  0.00354 -0.03096
0.010000  0.00514 -0.01153 -0.00346  0.00759 -0.00679
0.010000  0.01075  0.01320  0.00857 -0.01857 -0.04756
0.010000 -0.01129 -0.07307 -0.00452 -0.00197 -0.00045
0.010000 -0.02696 -0.03883 -0.00491 -0.01901  0.00594
0.010000  0.04715  0.03206  0.04066  0.03717  0.00330
0.010000  0.00042 -0.01516 -0.00343  0.00750 -0.01447
0.010000 -0.02248 -0.00639 -0.01703 -0.03031 -0.03024
0.010000 -0.00425 -0.00595 -0.01762 -0.05881  0.05458
0.010000 -0.00347  0.00831 -0.01739 -0.03032  0.02840
0.010000 -0.01846 -0.05894 -0.01356 -0.02722  0.06117
0.010000 -0.01766 -0.07016 -0.01294 -0.04779  0.04118
0.010000  0.05216  0.04118  0.03881  0.00687  0.05514
0.010000  0.05404  0.06655  0.03161  0.00982  0.06462
0.010000 -0.00893 -0.03728  0.01263  0.00281  0.06068
0.010000 -0.01287 -0.00550  0.00948  0.00818  0.04471
0.010000  0.05605  0.01936  0.01248  0.01641  0.06019
0.010000 -0.01507 -0.04822 -0.01393 -0.02271 -0.01129
0.010000  0.03762  0.03230  0.03276  0.00682  0.04122
0.010000  0.03300  0.02980 -0.00346 -0.00834  0.05261
0.010000  0.06329  0.03571  0.00641  0.01930 -0.00149
0.010000  0.02384  0.02382  0.01932  0.02465 -0.04085
0.010000  0.04873  0.03913  0.01442  0.02310 -0.02453
0.010000 -0.02088 -0.02751 -0.00927 -0.00791  0.03239
0.010000 -0.00269  0.01213 -0.00833  0.00226  0.01492
0.010000  0.04012  0.04376  0.02717  0.00174  0.04446
0.010000  0.03642  0.05786  0.02120  0.01530  0.01231
0.010000  0.04278  0.04981  0.01097 -0.00077 -0.04219
0.010000  0.07430  0.03694  0.03952  0.00666  0.06823
0.010000 -0.02617 -0.03632 -0.01671 -0.02223  0.00852
0.010000 -0.00192 -0.00049 -0.00644 -0.01689 -0.01789
0.010000 -0.02168 -0.01464 -0.03104 -0.02577 -0.04594
0.010000  0.00672 -0.00546  0.01420 -0.00668 -0.02344
0.010000  0.00356  0.01614 -0.00812  0.00908  0.01426
0.010000  0.00593 -0.02116  0.02263  0.02038  0.02722
0.010000  0.01323  0.03230  0.01219  0.01583 -0.00006
0.010000  0.06062  0.04564  0.03130  0.01992  0.05425
0.010000  0.02875  0.04161  0.01636  0.00211  0.06523
0.010000  0.02290 -0.00143  0.00384  0.01174  0.06588
0.010000  0.01662  0.02290  0.01754  0.00772 -0.00388
0.010000 -0.00815  0.00131  0.02211  0.02132  0.03201
0.010000  0.03083  0.00770  0.01869  0.01866  0.02289
0.010000  0.02576 -0.01487  0.01638  0.01871  0.03018
0.010000  0.04142  0.00899  0.02249  0.01626  0.04215
0.010000 -0.01686 -0.03878  0.00459  0.00184  0.06732
0.010000  0.01239 -0.00209 -0.00527 -0.00671  0.05149
0.010000 -0.00581  0.01398 -0.01049 -0.02654  0.05073
0.010000 -0.02404 -0.00013  0.00373 -0.00043 -0.01370
0.010000 -0.01050 -0.01648 -0.00876 -0.01836 -0.05169
0.010000 -0.01605 -0.01257 -0.00814 -0.01967 -0.01771
0.010000 -0.02734 -0.07532  0.00436  0.00487 -0.01878
0.010000 -0.00114  0.00315  0.02853 -0.00343  0.04329
0.010000  0.02480  0.04843  0.02898  0.00548  0.03458
0.010000 -0.02718 -0.02374  0.00550 -0.01093  0.03107
0.010000  0.01406 -0.01150  0.02483 -0.00862  0.07250
0.010000 -0.00972 -0.00973 -0.01292 -0.01590  0.02508
0.010000  0.05040  0.05861  0.00416  0.00186  0.05904
0.010000  0.01837 -0.01650  0.01922  0.01961  0.08727
0.010000  0.02774  0.01392  0.01589  0.01986  0.03386
0.010000  0.00752 -0.03904  0.00144  0.00675  0.01662
0.010000 -0.02479 -0.03928  0.00397 -0.00750  0.02409
0.010000  0.01926  0.03470  0.02255  0.02385 -0.02530
0.010000 -0.01446 -0.02059 -0.01252 -0.02671  0.03475
0.010000  0.06998  0.04045  0.02472  0.00702  0.01968
0.010000  0.02015  0.00310  0.03362  0.00015  0.04689
0.010000 -0.02519 -0.03255 -0.01798 -0.02419  0.04613
0.010000 -0.02326 -0.03483  0.00167 -0.01350  0.07024
0.010000  0.01576  0.02418  0.01509 -0.00552 -0.00700
0.010000  0.00912 -0.01044 -0.00203  0.00422  0.00441
0.010000 -0.02675  0.00518 -0.02384 -0.02085 -0.01581
0.010000  0.00277 -0.00077  0.01255  0.00638  0.01278
0.010000 -0.01208  0.01182 -0.02640 -0.03310  0.02120
0.010000 -0.01526 -0.01068 -0.03757 -0.04170 -0.05435
0.010000  0.04563  0.02358  0.04051  0.00177  0.02951
0.010000  0.00832 -0.02792  0.00159 -0.01044  0.03029
0.010000  0.03190  0.02823  0.01451  0.00759 -0.02841
0.010000  0.03411 -0.00599 -0.00121  0.01239  0.02499
0.010000  0.03525  0.06487  0.02719  0.00729  0.00576
0.010000 -0.01366 -0.00294 -0.00131 -0.00952 -0.07770
0.010000 -0.00737 -0.02727  0.01051 -0.00718  0.04761
0.010000  0.00121  0.01927  0.00137 -0.01684  0.04716
0.010000  0.02198  0.01700  0.00734  0.00767  0.00950
0.010000  0.00199 -0.03800  0.01059  0.01202  0.07762
0.010000  0.01749  0.05816  0.03024  0.03406  0.05501
