# Scenario generation method from a paper by Hoyland, Kaut & Wallace
# Code by Michal Kaut (michal.kaut@iot.ntnu.n) & Diego Mathieu

#   prob   var  1   var  2   var  3   var  4   var  5
0.010000  0.00477 -0.01468 -0.01443  0.00399 -0.00072
0.010000 -0.05822 -0.02890 -0.01508  0.00230 -0.00154
0.010000  0.04699  0.05189  0.01834 -0.01084  0.01303
0.010000  0.02292 -0.00894  0.00276  0.00160 -0.01362
0.010000 -0.05655  0.00654 -0.02054 -0.00965  0.01264
0.010000  0.05949  0.00729  0.00869  0.00050  0.03666
0.010000 -0.00536  0.02390  0.00575 -0.00352  0.01589
0.010000  0.00708  0.03192  0.01193  0.01359  0.00022
0.010000 -0.01093  0.02916  0.01258 -0.02231 -0.02953
0.010000 -0.06456 -0.03092 -0.01327 -0.01478 -0.03754
0.010000 -0.04604 -0.00511 -0.01793  0.00025 -0.01470
0.010000  0.03545  0.03725  0.01087 -0.00799 -0.00278
0.010000  0.04013  0.04121 -0.00730  0.01480  0.02269
0.010000  0.01058 -0.00547 -0.01320  0.02786  0.01203
0.010000  0.02555 -0.00738 -0.00869 -0.00153 -0.00205
0.010000 -0.01996  0.00575 -0.01371 -0.01091 -0.00165
0.010000 -0.03419  0.01869  0.00117 -0.00647  0.00781
0.010000  0.06465  0.01287  0.01561  0.02350  0.02678
0.010000 -0.02574 -0.02720 -0.01576 -0.00170  0.01034
0.010000  0.02163  0.02583  0.01125  0.00699 -0.03097
0.010000 -0.03172  0.01448 -0.01055 -0.00790  0.02507
0.010000 -0.04059 -0.01299 -0.01974  0.00336 -0.00736
0.010000 -0.00982  0.00602  0.00049  0.00530 -0.00488
0.010000  0.01660  0.02403 -0.00373  0.01408  0.02649
0.010000  0.02965  0.00148  0.00258  0.01522  0.00587
0.010000 -0.01317 -0.02052 -0.01991  0.01000 -0.00228
0.010000 -0.02110 -0.02804 -0.02131  0.01779  0.00594
0.010000  0.07050  0.01429 -0.00012  0.00585  0.02813
0.010000  0.02035 -0.00347  0.00762  0.00287 -0.00906
0.010000  0.00824  0.03783  0.01226  0.00867  0.00781
0.010000 -0.04327  0.05202 -0.02295 -0.02689 -0.03799
0.010000  0.01417 -0.00775 -0.01989  0.00404  0.02859
0.010000 -0.04192  0.00009  0.00204  0.00695 -0.02738
0.010000  0.00136 -0.00713  0.00195  0.01650  0.00810
0.010000 -0.01542  0.00950  0.00636  0.00628  0.00215
0.010000  0.05079  0.05561  0.01631  0.00201  0.03465
0.010000  0.04346  0.01875  0.01126 -0.00549  0.01035
0.010000 -0.00201  0.00345 -0.00811  0.02063 -0.01252
0.010000 -0.03670  0.01756 -0.02417  0.00511 -0.01693
0.010000  0.04885  0.05869  0.00798 -0.00740  0.02109
0.010000  0.01784  0.03392  0.00557  0.00754  0.00048
0.010000  0.03395  0.03567  0.01593  0.01614  0.02024
0.010000 -0.02930 -0.03257 -0.00068 -0.00267 -0.03938
0.010000 -0.02341 -0.02082 -0.01669  0.01392  0.01104
0.010000  0.00023 -0.00424  0.00448  0.00177 -0.01545
0.010000 -0.00313 -0.01798  0.00853 -0.00626 -0.01320
0.010000 -0.00759  0.00962 -0.00672 -0.00855 -0.03364
0.010000  0.01177 -0.01259  0.00067 -0.00549 -0.00835
0.010000 -0.03928 -0.02115 -0.01523 -0.01982 -0.00986
0.010000 -0.03544  0.00133  0.00077 -0.01283 -0.02174
0.010000 -0.00647  0.01933  0.00838  0.00557  0.01047
0.010000 -0.01882 -0.01365 -0.01879  0.02226  0.01444
0.010000  0.03853  0.02630  0.01120 -0.01416  0.01600
0.010000  0.02826 -0.00068  0.00420  0.00825  0.00958
0.010000  0.05492  0.05865  0.01732 -0.02607 -0.00732
0.010000 -0.00425  0.02592  0.00608  0.00576  0.02830
0.010000 -0.02225  0.00810  0.00196  0.00856 -0.02229
0.010000  0.00592  0.03756  0.00921 -0.00479  0.01058
0.010000 -0.03051  0.02058  0.00132  0.01319 -0.01481
0.010000 -0.06292 -0.03458 -0.02569 -0.00659 -0.00554
0.010000  0.04177  0.01188  0.01355  0.00968 -0.00090
0.010000 -0.05340 -0.03279 -0.02852  0.00272 -0.04149
0.010000 -0.02692 -0.08803 -0.02053  0.00267 -0.03694
0.010000  0.00249  0.02516  0.01020  0.00001  0.01031
0.010000 -0.01768  0.00421 -0.00603  0.00294 -0.03731
0.010000 -0.05496 -0.01761 -0.02152  0.00814 -0.00083
0.010000  0.07030  0.03298  0.01848 -0.00234 -0.01512
0.010000 -0.01429 -0.00381 -0.02145  0.00572 -0.00138
0.010000 -0.01655 -0.00743 -0.03110  0.00299  0.00282
0.010000  0.02423 -0.00069  0.00487 -0.01129 -0.01850
0.010000  0.06747  0.04269  0.01622  0.00539  0.01294
0.010000 -0.06139 -0.00159 -0.01855 -0.01482 -0.02268
0.010000 -0.02457  0.01585 -0.02233 -0.00264 -0.00704
0.010000 -0.04745  0.01166  0.00160  0.00742 -0.00069
0.010000 -0.05978  0.00400 -0.04431 -0.01786 -0.02755
0.010000 -0.02811  0.00124 -0.02316  0.01066 -0.00919
0.010000  0.05281  0.03206  0.01053  0.00685  0.00994
0.010000  0.01296  0.03680  0.00991 -0.00386  0.01728
0.010000  0.06199  0.06393  0.01370 -0.01309  0.03803
0.010000 -0.00870 -0.00306  0.00368 -0.00671 -0.01220
0.010000 -0.00089  0.02961  0.00452 -0.00229  0.00905
0.010000  0.00941 -0.01061 -0.01762 -0.01504  0.00947
0.010000 -0.03798 -0.03531 -0.02243  0.00908  0.00014
0.010000 -0.03295  0.01778 -0.00135  0.00547 -0.02002
0.010000  0.01538  0.04145  0.00282  0.00415 -0.01241
0.010000 -0.05037 -0.00124 -0.01059 -0.00621 -0.04334
0.010000  0.03249  0.01818 -0.02057 -0.00335  0.01034
0.010000 -0.06418 -0.02719 -0.02372  0.00056 -0.01955
0.010000  0.00363  0.03421  0.00572 -0.01237 -0.01318
0.010000 -0.04464 -0.03999 -0.03129 -0.00196 -0.01830
0.010000 -0.04890 -0.01238 -0.01808 -0.01550 -0.00602
0.010000  0.04520  0.00156 -0.00386  0.00682  0.04267
0.010000  0.01909  0.01561 -0.00344  0.01253 -0.00002
0.010000 -0.05816 -0.00157 -0.00361 -0.00822  0.00745
0.010000  0.02690  0.03575  0.00893  0.00051  0.01108
0.010000 -0.01205  0.00069  0.00106  0.00158 -0.01066
0.010000 -0.05187 -0.03293 -0.06079  0.00258  0.00715
0.010000  0.05714  0.01468  0.01670 -0.00150  0.01589
0.010000  0.03697  0.00971  0.00950  0.02063  0.02332
0.010000  0.03106 -0.00558 -0.00190  0.01182 -0.00510
