# Scenario generation method from a paper by Hoyland, Kaut & Wallace
# Code by Michal Kaut (michal.kaut@iot.ntnu.n) & Diego Mathieu

#   prob   var  1   var  2   var  3   var  4   var  5
0.010000  0.02015  0.02583  0.00681 -0.00288  0.02287
0.010000 -0.01799  0.08710  0.01037 -0.01570  0.01188
0.010000 -0.00047  0.00675 -0.01247 -0.00050 -0.01216
0.010000  0.02445  0.06002  0.03131 -0.00065  0.01436
0.010000  0.02899 -0.00169 -0.00290  0.00132  0.01651
0.010000  0.02556  0.01287  0.00935  0.00308  0.01801
0.010000  0.03909  0.02422  0.01099  0.00262  0.03309
0.010000 -0.01101 -0.00030  0.00855  0.00009 -0.02020
0.010000 -0.04471  0.00497 -0.01217 -0.01711 -0.00879
0.010000  0.01400  0.00393 -0.01121 -0.00202  0.03167
0.010000 -0.01902  0.00673 -0.01073  0.00411  0.02255
0.010000  0.04819  0.05497  0.01187 -0.00371  0.01432
0.010000  0.00618  0.02321  0.01623 -0.00297 -0.00584
0.010000 -0.00907 -0.00334 -0.00572  0.00133  0.02003
0.010000  0.04341  0.02214  0.00307  0.00479 -0.01134
0.010000  0.05364  0.02097  0.01452  0.02143  0.02164
0.010000 -0.03885 -0.00782  0.00967 -0.00418 -0.01767
0.010000  0.01910  0.02176  0.00932  0.00134 -0.01575
0.010000  0.03640  0.00968  0.00408  0.00555  0.00886
0.010000 -0.02765 -0.00646 -0.02398 -0.01641 -0.04028
0.010000  0.01601  0.00419 -0.01649  0.00491  0.02131
0.010000 -0.02880  0.00548 -0.02679 -0.02430 -0.02368
0.010000  0.03773  0.00592  0.02107  0.03328 -0.00722
0.010000  0.03383  0.03573  0.00228 -0.00448 -0.03364
0.010000 -0.03748  0.01996 -0.00984  0.00338 -0.02403
0.010000  0.00333  0.02148 -0.00442 -0.00846  0.00779
0.010000  0.06273  0.01737  0.01546  0.02325  0.00979
0.010000  0.00523  0.01978  0.00551 -0.00035 -0.00068
0.010000  0.04992  0.02870  0.02385  0.01742  0.02157
0.010000  0.04049  0.03144  0.01212  0.00853 -0.00224
0.010000 -0.00618  0.02266 -0.00567 -0.00057  0.01327
0.010000  0.06880  0.02418  0.01257  0.01522  0.03250
0.010000  0.06557  0.01117  0.01995  0.04000  0.02167
0.010000 -0.02996 -0.01369  0.00346 -0.00461 -0.00979
0.010000  0.00907 -0.00014 -0.00354 -0.00109 -0.01176
0.010000 -0.00714  0.00031 -0.01870  0.00280 -0.01710
0.010000 -0.00237 -0.00490 -0.00634 -0.00120 -0.01473
0.010000 -0.04169  0.01314 -0.00488 -0.00745 -0.03626
0.010000 -0.04318  0.03360 -0.00072 -0.01438 -0.04537
0.010000  0.00048  0.02974 -0.00722 -0.00268 -0.00903
0.010000  0.01806 -0.00158  0.01269  0.01452  0.01213
0.010000  0.00238  0.01034 -0.00809 -0.00097  0.02011
0.010000 -0.02541  0.00730 -0.01468 -0.00472 -0.01269
0.010000  0.03259  0.01025 -0.00382 -0.00255  0.02447
0.010000 -0.04628  0.00617 -0.00682 -0.00022 -0.01756
0.010000 -0.02652 -0.00142 -0.02192  0.01435 -0.01216
0.010000  0.01300  0.00783 -0.00497 -0.00204  0.00227
0.010000  0.01005  0.00821 -0.00713  0.00585  0.00649
0.010000 -0.04761  0.00100 -0.01695 -0.00738  0.01467
0.010000 -0.01496  0.01781 -0.01104 -0.03611 -0.01813
0.010000 -0.01596  0.05593 -0.01798  0.01982 -0.00734
0.010000  0.01201  0.00985 -0.00786 -0.00186  0.01712
0.010000  0.02120  0.01685  0.00180  0.00356 -0.00476
0.010000 -0.01396  0.00797 -0.00341 -0.00469  0.02020
0.010000  0.03017 -0.00629  0.01730  0.05317  0.00645
0.010000 -0.02110 -0.00809 -0.02280 -0.00396 -0.00076
0.010000  0.00714  0.00223  0.00030 -0.00480  0.02848
0.010000  0.01103  0.03142  0.01220 -0.00231  0.00665
0.010000 -0.01697 -0.00274 -0.00464 -0.00414 -0.00300
0.010000  0.04654  0.01907  0.03251  0.07181  0.02586
0.010000 -0.00142  0.02542 -0.01293 -0.00329  0.00776
0.010000  0.01703  0.03065  0.02171  0.00263  0.00995
0.010000 -0.01297  0.03395  0.00257 -0.00718 -0.01114
0.010000 -0.01004  0.00989  0.01536  0.02143  0.00258
0.010000 -0.00427 -0.00486  0.00639  0.00414 -0.00482
0.010000  0.00143  0.00200 -0.01780 -0.00604  0.00686
0.010000 -0.04937 -0.01644 -0.02189  0.03214  0.02003
0.010000 -0.02323 -0.00234 -0.00138 -0.00711  0.00157
0.010000  0.04193  0.02943  0.01368  0.00307  0.00633
0.010000 -0.02431  0.00448 -0.00711 -0.00278  0.01087
0.010000 -0.05046 -0.00601 -0.01304 -0.00661 -0.04950
0.010000 -0.04025 -0.00341 -0.01988 -0.00583 -0.00580
0.010000 -0.00332  0.00563 -0.00753 -0.00222  0.00859
0.010000 -0.03486 -0.00285 -0.00091 -0.00235 -0.00174
0.010000 -0.01199 -0.00238  0.00264  0.00015  0.00006
0.010000 -0.00522  0.00382  0.00293 -0.00224 -0.01493
0.010000  0.02783  0.01850 -0.00322  0.00627  0.00199
0.010000  0.07701  0.03266  0.02527  0.03800  0.03978
0.010000  0.05567  0.03401  0.01162  0.00282  0.03967
0.010000  0.02669  0.02320  0.03296  0.04030 -0.01764
0.010000  0.00428  0.01155  0.00771  0.00387  0.01144
0.010000  0.04495  0.02718  0.02110  0.03266 -0.00142
0.010000  0.03137  0.02106 -0.00119  0.01709 -0.00485
0.010000 -0.03236 -0.00652 -0.01013 -0.00427  0.00574
0.010000 -0.00810 -0.00156 -0.00881 -0.00524  0.02109
0.010000 -0.02216  0.00229 -0.00345 -0.00551 -0.02394
0.010000  0.01500  0.04359 -0.00023 -0.00294  0.01937
0.010000 -0.03360  0.02852 -0.01721 -0.01932 -0.00881
0.010000 -0.02005  0.01224 -0.00253 -0.00497 -0.01581
0.010000  0.07261  0.03057  0.03032  0.05086  0.00983
0.010000  0.02227  0.01510  0.00756 -0.00134  0.02072
0.010000  0.02336  0.01054  0.00275 -0.00109 -0.01854
0.010000 -0.03115  0.00677 -0.00917  0.00220 -0.02731
0.010000  0.05784  0.03996  0.00381  0.00398  0.01665
0.010000  0.00811  0.03437  0.01054 -0.00219  0.00680
0.010000 -0.04786 -0.00669 -0.01985 -0.00656 -0.00734
0.010000  0.05173  0.01417 -0.00059  0.00633  0.01372
0.010000  0.03510  0.01574  0.00542 -0.00013  0.02696
0.010000  0.06017  0.03361  0.01415  0.01066  0.03138
0.010000 -0.03616 -0.00250 -0.01383 -0.00476 -0.03972
