# Scenario generation method from a paper by Hoyland, Kaut & Wallace
# Code by Michal Kaut (michal.kaut@iot.ntnu.n) & Diego Mathieu

#   prob   var  1   var  2   var  3   var  4   var  5
0.010000 -0.00833  0.00285  0.00262 -0.01367 -0.01613
0.010000 -0.03102 -0.00388 -0.02617 -0.03091  0.00593
0.010000 -0.00568  0.00946 -0.00029  0.01014  0.00477
0.010000  0.01865  0.01389  0.00359 -0.00004 -0.03193
0.010000 -0.00131  0.00596 -0.00872 -0.01159 -0.00134
0.010000 -0.01895  0.00536 -0.00642 -0.02427 -0.02577
0.010000 -0.02690 -0.03218 -0.01724 -0.01233 -0.02268
0.010000  0.00832 -0.00993  0.00490  0.03564 -0.02337
0.010000  0.01661  0.01652  0.02576  0.03289 -0.03660
0.010000  0.00618  0.01924  0.01046 -0.00443 -0.03938
0.010000 -0.01204 -0.00948 -0.00671 -0.00918 -0.00722
0.010000 -0.02149 -0.02069 -0.00875 -0.00852  0.00586
0.010000  0.00138  0.01369  0.00192 -0.01173  0.00754
0.010000 -0.02988 -0.00516 -0.00673 -0.02306 -0.01975
0.010000 -0.05412 -0.02716 -0.02322 -0.04368 -0.02379
0.010000 -0.02362 -0.01975 -0.01813 -0.00306 -0.01568
0.010000  0.00323  0.00581 -0.00163  0.00903  0.00858
0.010000  0.02287  0.00376  0.00841  0.02092  0.00848
0.010000 -0.02218 -0.01801 -0.01425 -0.01483 -0.04468
0.010000 -0.00307 -0.00822 -0.05550 -0.05277 -0.03671
0.010000  0.01067  0.00317  0.00079  0.00233 -0.00395
0.010000 -0.03227 -0.02302 -0.01298 -0.02228  0.01334
0.010000  0.01334  0.00771  0.03676  0.07584 -0.02388
0.010000 -0.03700 -0.02090 -0.01293 -0.01505  0.01777
0.010000 -0.04184 -0.02760 -0.01928 -0.02407 -0.00254
0.010000 -0.00969 -0.02330  0.00053 -0.00080 -0.00206
0.010000 -0.00612 -0.00119  0.00254 -0.00979 -0.01803
0.010000  0.01130  0.01941  0.00901 -0.00438 -0.01187
0.010000 -0.01015 -0.02632  0.00032  0.00301  0.00031
0.010000  0.00092  0.00230 -0.00441 -0.00665 -0.03154
0.010000  0.02911  0.00550 -0.01690  0.00419 -0.02058
0.010000 -0.01504 -0.02281  0.00457 -0.00397 -0.01676
0.010000  0.00419 -0.00610  0.00883  0.00459 -0.01902
0.010000 -0.00263 -0.02096 -0.02434 -0.00737 -0.00230
0.010000  0.00888  0.01364  0.00611 -0.00171  0.00101
0.010000 -0.04567 -0.03025  0.00016 -0.01904 -0.01798
0.010000 -0.00744 -0.01609 -0.00942  0.00380 -0.01278
0.010000 -0.01109  0.00029  0.00073 -0.01219 -0.03322
0.010000  0.01005  0.02719  0.01651  0.00202 -0.00068
0.010000 -0.01452 -0.00362  0.00130 -0.00367 -0.00776
0.010000 -0.01062 -0.00682 -0.01701 -0.01815  0.00481
0.010000 -0.00524  0.00462  0.00618 -0.00844  0.00142
0.010000  0.00946  0.00629 -0.00421 -0.00216  0.00146
0.010000  0.00183 -0.00723  0.00717  0.00277 -0.02952
0.010000 -0.02518 -0.02187 -0.01520 -0.01891 -0.02401
0.010000 -0.00043 -0.00078  0.00868  0.00432  0.01259
0.010000  0.00468 -0.01571 -0.00101  0.00398 -0.00890
0.010000  0.00047  0.01258 -0.00583 -0.01238  0.00113
0.010000  0.01571  0.00974 -0.00281  0.00780  0.01298
0.010000 -0.01956  0.00119 -0.00092 -0.01408  0.01143
0.010000  0.00230  0.01578  0.01101  0.01015  0.02453
0.010000  0.00002 -0.00558  0.01075 -0.00300 -0.01084
0.010000  0.00567  0.00818  0.00371  0.00726 -0.00032
0.010000 -0.02439 -0.02204  0.00446 -0.01195 -0.00772
0.010000 -0.00175 -0.01023 -0.01638 -0.01292  0.01364
0.010000 -0.01836 -0.01821 -0.02169 -0.02048 -0.03668
0.010000 -0.02602 -0.00166 -0.00376 -0.02010 -0.01634
0.010000 -0.00219  0.00604 -0.02089 -0.01618  0.01082
0.010000 -0.01252  0.00934 -0.00991 -0.01903 -0.02322
0.010000  0.01195  0.00969  0.00835  0.00608 -0.00582
0.010000 -0.00350  0.00928  0.00108 -0.00839 -0.00192
0.010000 -0.01557 -0.02529  0.01340  0.00292 -0.01896
0.010000  0.00723  0.00281  0.00530  0.00672 -0.02342
0.010000  0.00276  0.01179  0.00646 -0.00308  0.00609
0.010000 -0.00394  0.00120 -0.00352 -0.01116  0.00292
0.010000 -0.01611 -0.01591  0.00595 -0.00346 -0.00714
0.010000 -0.03521 -0.04108 -0.01704 -0.01304 -0.00278
0.010000  0.00777  0.01509  0.00211 -0.00604  0.00682
0.010000 -0.01156  0.00209  0.00582 -0.00788  0.01588
0.010000 -0.01778 -0.02343 -0.00292 -0.00480 -0.02077
0.010000 -0.00878  0.00515  0.01461 -0.00407  0.00219
0.010000 -0.01401  0.00709 -0.01136 -0.02274  0.02266
0.010000  0.01984  0.00347  0.01927  0.03544  0.01166
0.010000  0.01263  0.02001  0.01748  0.00828  0.00890
0.010000  0.01488  0.01629  0.00878  0.00011 -0.02826
0.010000 -0.00437  0.01291 -0.00594 -0.00897  0.01390
0.010000 -0.03913 -0.02371 -0.00228 -0.01703 -0.00470
0.010000  0.00517  0.02386 -0.01067 -0.00780  0.00275
0.010000  0.01758  0.00150  0.01152  0.03530  0.01044
0.010000 -0.01351 -0.00690  0.00068 -0.00961 -0.00624
0.010000 -0.01665 -0.00976 -0.02395 -0.02084 -0.02998
0.010000 -0.00923 -0.01803 -0.00812 -0.00829 -0.03456
0.010000 -0.03365 -0.02163 -0.01418 -0.01510  0.02482
0.010000 -0.01721 -0.00568 -0.01148  0.07212  0.04036
0.010000 -0.02783 -0.02824 -0.02242 -0.02008 -0.01371
0.010000 -0.02289 -0.01872 -0.00176  0.03735  0.01776
0.010000 -0.02083 -0.00142 -0.03505 -0.03348  0.00095
0.010000  0.01409  0.01947  0.01341  0.01929  0.01565
0.010000 -0.00481 -0.00800  0.00773 -0.00118 -0.00154
0.010000  0.00670 -0.00608 -0.00023  0.01215 -0.00489
0.010000 -0.01301 -0.01098  0.00537 -0.00678 -0.04167
0.010000  0.02121 -0.00104  0.02152  0.07633 -0.02249
0.010000 -0.00655  0.00039  0.00746 -0.00528 -0.02084
0.010000 -0.00700  0.00041  0.00982 -0.00670 -0.02629
0.010000  0.00371  0.00517  0.00489  0.01034  0.00452
0.010000 -0.02882 -0.02131 -0.00610 -0.00513  0.01928
0.010000 -0.00087 -0.00857  0.00856  0.00166 -0.00350
0.010000 -0.02019 -0.02729 -0.00586 -0.00025 -0.02204
0.010000 -0.00788 -0.01554 -0.00554 -0.00379 -0.00328
0.010000  0.02506  0.02156  0.01536  0.03201 -0.02210
