# Scenario generation method from a paper by Hoyland, Kaut & Wallace
# Code by Michal Kaut (michal.kaut@iot.ntnu.n) & Diego Mathieu

#   prob   var  1   var  2   var  3   var  4   var  5
0.010000  0.01236  0.00535  0.00417  0.01774  0.00577
0.010000 -0.04218 -0.03067 -0.01242 -0.02110 -0.01058
0.010000 -0.01383 -0.00607 -0.00886  0.00369  0.00457
0.010000 -0.03106 -0.02216 -0.00519 -0.01069 -0.02396
0.010000  0.00370 -0.00914  0.00335  0.00279 -0.01495
0.010000  0.01326  0.00440  0.01006  0.00516  0.00754
0.010000 -0.00428  0.00066  0.01638 -0.01701  0.00176
0.010000 -0.03701 -0.01813 -0.00130 -0.01933 -0.02096
0.010000 -0.01885 -0.01022 -0.00481 -0.01126 -0.00070
0.010000  0.00315 -0.02148 -0.01131  0.01660 -0.02469
0.010000 -0.03287 -0.01502 -0.00869 -0.00477  0.00780
0.010000 -0.04935 -0.04826 -0.01255 -0.00365 -0.03316
0.010000  0.00681 -0.00273  0.01421  0.00310 -0.04178
0.010000 -0.02492 -0.01072 -0.00904 -0.00273 -0.04362
0.010000  0.01050  0.00520  0.00933  0.00844  0.01482
0.010000  0.01007 -0.01839 -0.00604 -0.00496 -0.00141
0.010000  0.01677  0.00236 -0.00311  0.00490  0.02633
0.010000 -0.00498 -0.00353 -0.00373  0.01541 -0.00390
0.010000  0.01396  0.00566 -0.00071 -0.01298  0.01196
0.010000 -0.02360 -0.01051 -0.00800 -0.00102 -0.01612
0.010000 -0.00310 -0.01040 -0.00938 -0.00275  0.01724
0.010000 -0.00871 -0.00226 -0.00689  0.00209  0.04244
0.010000  0.01363 -0.00047  0.02228  0.01642 -0.00332
0.010000  0.01174 -0.00565 -0.00755  0.00745  0.03129
0.010000  0.00424  0.00374  0.00154 -0.00252  0.00100
0.010000 -0.02233 -0.01094 -0.00289 -0.02193  0.00181
0.010000  0.01633 -0.00745 -0.00223  0.00407 -0.00086
0.010000  0.00918 -0.00189 -0.00214 -0.02875 -0.02230
0.010000  0.01662 -0.01603  0.01065 -0.00020 -0.01652
0.010000 -0.00227 -0.00273  0.00572  0.01040 -0.02145
0.010000  0.00085 -0.00181  0.00781  0.00959 -0.01542
0.010000 -0.01292 -0.00622 -0.00872 -0.01681 -0.04540
0.010000 -0.00098  0.00090  0.02265 -0.00222 -0.00504
0.010000 -0.00360 -0.00638  0.00293 -0.00177 -0.01989
0.010000  0.01460  0.00587 -0.00061  0.00556  0.02267
0.010000 -0.02112 -0.02831 -0.01242  0.00057  0.01901
0.010000  0.01673  0.00513  0.00158  0.00848  0.03216
0.010000  0.01290  0.00563  0.00025  0.00968  0.03234
0.010000 -0.01574 -0.00735  0.01447 -0.01927 -0.00609
0.010000  0.00730 -0.01484  0.00537  0.01043 -0.01547
0.010000 -0.00036  0.00234 -0.00277 -0.00916 -0.00863
0.010000  0.00025 -0.02178 -0.00907  0.00161 -0.01394
0.010000 -0.00951 -0.01041 -0.00969 -0.00055  0.00386
0.010000  0.00406  0.00059  0.00432 -0.00365 -0.00019
0.010000 -0.01674 -0.00761  0.00464 -0.01180 -0.00197
0.010000  0.01457  0.00597  0.00260 -0.01551  0.01913
0.010000 -0.00793 -0.01106 -0.00905 -0.00353 -0.01501
0.010000 -0.01777 -0.00561 -0.00885 -0.01068 -0.00574
0.010000  0.00144  0.00263 -0.00254 -0.00156 -0.00376
0.010000  0.00259  0.00290  0.02400 -0.00593 -0.01797
0.010000  0.01644  0.00581 -0.00062  0.00211  0.02626
0.010000  0.01134  0.00445  0.02185 -0.00844 -0.01856
0.010000 -0.03943 -0.06778 -0.01545 -0.01482 -0.01855
0.010000 -0.00162 -0.00406 -0.00818  0.00055 -0.05131
0.010000 -0.04540 -0.02484 -0.01185 -0.01180 -0.03114
0.010000 -0.02632 -0.02629 -0.01216 -0.01461  0.03710
0.010000  0.00963  0.00439  0.01257  0.00515  0.00825
0.010000 -0.00717 -0.00693 -0.00207 -0.00042  0.01594
0.010000 -0.02780 -0.01345 -0.01041 -0.01541  0.01137
0.010000  0.00631 -0.00685  0.01995 -0.01592 -0.01850
0.010000 -0.01996 -0.00670 -0.00143  0.00052 -0.01594
0.010000 -0.01203 -0.00408 -0.00828  0.00379  0.01758
0.010000  0.01490  0.00605  0.01159  0.00084 -0.01764
0.010000 -0.02650 -0.01690 -0.01051 -0.00923 -0.02267
0.010000  0.01594  0.00502  0.00007 -0.00612  0.01564
0.010000  0.01253  0.00572  0.02166 -0.00931  0.00128
0.010000  0.00580  0.00424  0.00990 -0.00587 -0.01490
0.010000  0.01519  0.00603  0.00440  0.01538  0.02010
0.010000  0.00529  0.00395  0.01402 -0.00226 -0.02139
0.010000  0.01662  0.00014  0.01621  0.00136 -0.00828
0.010000  0.01546  0.00311  0.01843  0.00807  0.00308
0.010000 -0.01033 -0.00163 -0.00708 -0.00205  0.03496
0.010000  0.01527 -0.00137 -0.00642 -0.00717  0.01018
0.010000 -0.01477 -0.01141 -0.00955 -0.00151  0.00309
0.010000 -0.03484 -0.02234 -0.01145 -0.00814 -0.00911
0.010000  0.01671  0.00595  0.01106  0.01009  0.03940
0.010000 -0.00642 -0.00774  0.00171 -0.03103  0.04587
0.010000  0.00202 -0.01366 -0.01060 -0.00232  0.00118
0.010000 -0.00292 -0.01834  0.00282 -0.00887 -0.01441
0.010000  0.00803 -0.00084 -0.00170  0.01243 -0.00062
0.010000  0.00778  0.00481  0.00577  0.00265 -0.00280
0.010000 -0.06454 -0.08239 -0.01301  0.00101 -0.01120
0.010000  0.00477  0.00348  0.01886 -0.00667 -0.01765
0.010000 -0.05466 -0.05803 -0.01419 -0.02427 -0.03037
0.010000  0.01617  0.00522  0.02326 -0.00348 -0.04760
0.010000  0.01429 -0.03062 -0.01288 -0.00264  0.00499
0.010000  0.01676  0.00625  0.00024  0.00477  0.00728
0.010000 -0.00569 -0.03715 -0.01324  0.01158  0.00618
0.010000  0.01571  0.00453 -0.00224  0.00864  0.00924
0.010000 -0.02938 -0.02157 -0.01082  0.00915  0.02421
0.010000  0.00825  0.00451  0.01119  0.00011  0.02694
0.010000  0.01214  0.00459  0.01922 -0.00810 -0.02627
0.010000  0.01059 -0.04280 -0.01395 -0.00237 -0.00015
0.010000  0.01092  0.00162  0.00037  0.03287 -0.00141
0.010000  0.01579  0.00578  0.02427 -0.01646  0.00913
0.010000  0.01615  0.00236  0.00994  0.01476 -0.01387
0.010000  0.01649  0.00547 -0.00133  0.01263  0.01503
0.010000 -0.01117 -0.00211 -0.00552  0.00118 -0.01847
0.010000  0.00872  0.00324  0.02331 -0.01335 -0.00894
0.010000  0.01362 -0.00803  0.00194  0.00541  0.00650
