# Scenario generation method from a paper by Hoyland, Kaut & Wallace
# Code by Michal Kaut (michal.kaut@iot.ntnu.n) & Diego Mathieu

#   prob   var  1   var  2   var  3   var  4   var  5
0.010000 -0.00533 -0.00368 -0.00782 -0.00931 -0.00891
0.010000  0.03073  0.02003  0.00835 -0.01319  0.00672
0.010000 -0.01254 -0.00134  0.00199 -0.00488  0.07275
0.010000  0.05615 -0.00233  0.01704  0.00927  0.01032
0.010000  0.03548  0.01616  0.01310 -0.00991  0.01096
0.010000  0.00225  0.01070  0.00343 -0.01187  0.01863
0.010000 -0.00287 -0.01358  0.01316  0.05919 -0.01503
0.010000 -0.00857  0.00494 -0.00949 -0.01735 -0.03946
0.010000 -0.02592 -0.03936 -0.01111  0.02734  0.02860
0.010000 -0.04021 -0.00351 -0.01091  0.02138  0.03653
0.010000  0.06950  0.03160  0.03425  0.01109  0.02240
0.010000  0.09251  0.02353  0.04643  0.01655  0.07816
0.010000 -0.03242 -0.00832 -0.00762  0.05125  0.05138
0.010000 -0.02995 -0.02351 -0.01630 -0.01143 -0.00506
0.010000 -0.04005 -0.02151 -0.01680  0.05602 -0.05544
0.010000  0.01260  0.00537 -0.00176  0.01091 -0.01422
0.010000 -0.03077 -0.01936 -0.01245  0.01873 -0.03721
0.010000 -0.02354 -0.01210 -0.01463  0.02045  0.03653
0.010000  0.00584  0.02729  0.00055 -0.01200 -0.03176
0.010000  0.01794  0.01716  0.00538 -0.00766  0.05174
0.010000 -0.01096  0.00229 -0.00654  0.05402  0.03568
0.010000  0.03721  0.02123  0.01106  0.07048  0.06550
0.010000 -0.01960 -0.02240 -0.01463 -0.01351  0.04048
0.010000 -0.00203  0.00345 -0.00603  0.03858  0.07094
0.010000 -0.02833 -0.01707 -0.01031  0.06375 -0.03591
0.010000  0.02264 -0.00493 -0.00106  0.01821 -0.00120
0.010000 -0.03300 -0.01891 -0.01218 -0.00954 -0.04349
0.010000 -0.03815 -0.02333 -0.01587  0.04803 -0.04740
0.010000 -0.03889 -0.01858 -0.01656  0.02861 -0.05652
0.010000  0.00677 -0.00132 -0.00596 -0.01321 -0.00977
0.010000 -0.01568 -0.00125 -0.01101 -0.01601 -0.01226
0.010000  0.01468  0.00861 -0.00097  0.05875 -0.03601
0.010000 -0.00696 -0.01578 -0.00811 -0.01220 -0.01976
0.010000 -0.03159 -0.01004 -0.00226 -0.00018  0.00849
0.010000  0.05979  0.00243  0.07507  0.03879  0.03822
0.010000  0.01060 -0.01794 -0.00737  0.06534  0.01131
0.010000  0.00138 -0.00517 -0.00475  0.01059  0.05250
0.010000  0.03383  0.00314  0.03218  0.08039  0.02970
0.010000 -0.00119 -0.00307 -0.00563 -0.00196  0.00723
0.010000 -0.01175 -0.02115 -0.01330 -0.01327 -0.00678
0.010000  0.04096  0.00742  0.00943  0.07377 -0.03436
0.010000 -0.01647 -0.01976 -0.00875  0.01770 -0.02326
0.010000 -0.03490 -0.00147 -0.01100 -0.00311 -0.03750
0.010000  0.05297  0.01854  0.06436  0.04654  0.05290
0.010000  0.02786  0.01685  0.01176  0.00278  0.04683
0.010000  0.03225  0.01564  0.00760  0.01314 -0.02568
0.010000 -0.02512  0.00236 -0.01013 -0.01536 -0.02346
0.010000 -0.00369 -0.01213 -0.01051 -0.01342  0.04336
0.010000  0.02517  0.00773  0.00286  0.00653  0.01087
0.010000  0.00051  0.01515  0.02481  0.05783  0.01412
0.010000 -0.03736 -0.00594 -0.01485  0.02603 -0.01655
0.010000 -0.01803 -0.03397  0.01189  0.01226 -0.02134
0.010000  0.01907  0.02451  0.01346 -0.01118  0.04774
0.010000 -0.01333 -0.00190 -0.00641 -0.01441  0.03774
0.010000 -0.02433 -0.00418 -0.01154 -0.01592  0.03400
0.010000 -0.03573 -0.01065 -0.00284 -0.00831  0.06988
0.010000 -0.02196 -0.02001 -0.01490  0.02221 -0.04643
0.010000  0.01683  0.00596  0.06674  0.07709  0.03039
0.010000 -0.03407  0.00634 -0.01194 -0.00971  0.02877
0.010000  0.04301  0.01306  0.03185  0.01312  0.10208
0.010000  0.02927 -0.00061  0.01606  0.00492  0.01351
0.010000 -0.00452 -0.00218 -0.00171  0.06832  0.01268
0.010000 -0.01411 -0.00147  0.00290  0.00441  0.03102
0.010000 -0.03946 -0.03300 -0.01158  0.07564 -0.05700
0.010000  0.02142 -0.01553  0.00168  0.01836  0.04743
0.010000  0.02389 -0.01070  0.01404  0.06968 -0.05032
0.010000 -0.00615  0.00883 -0.00825  0.06184 -0.04105
0.010000 -0.00776 -0.00663 -0.00745  0.01330  0.01677
0.010000 -0.01882  0.01170 -0.00949 -0.01153  0.01970
0.010000  0.00403 -0.00470 -0.00669  0.01845  0.02300
0.010000  0.00866  0.00079 -0.00232  0.00895 -0.02265
0.010000  0.00771 -0.00823 -0.00646  0.05504 -0.04549
0.010000  0.01363  0.01086  0.00817  0.01044  0.02308
0.010000  0.00962  0.00138 -0.00127  0.02897  0.07760
0.010000 -0.00937 -0.01977  0.00407  0.00046  0.05698
0.010000  0.07699  0.02578  0.04480  0.00317  0.03062
0.010000  0.06411  0.03731  0.03354  0.04099  0.02266
0.010000  0.03904  0.00778  0.02293  0.06961 -0.01490
0.010000 -0.02914 -0.03559 -0.01710  0.01010 -0.02299
0.010000 -0.01490 -0.02943 -0.01506  0.06587 -0.00638
0.010000  0.05013 -0.00777  0.01015 -0.00474 -0.01268
0.010000 -0.01725 -0.00632 -0.01266 -0.01655 -0.02563
0.010000  0.00313 -0.00303 -0.00562 -0.01345 -0.05437
0.010000 -0.02117 -0.01272 -0.01441 -0.01527 -0.00403
0.010000 -0.03955 -0.01741 -0.01624  0.02574  0.02227
0.010000  0.01574  0.01851  0.01600 -0.00091  0.03659
0.010000 -0.03655 -0.01856 -0.01458 -0.01538  0.04610
0.010000 -0.02752 -0.00847 -0.00474 -0.00622  0.04997
0.010000 -0.01016 -0.01072 -0.01203 -0.00547 -0.03817
0.010000  0.04520  0.00333  0.01417  0.03644  0.01468
0.010000 -0.02039 -0.02527 -0.01418  0.06368  0.02028
0.010000 -0.02672  0.01070 -0.01239 -0.01901  0.00768
0.010000 -0.02275 -0.04467  0.00079  0.07157 -0.04279
0.010000  0.02023  0.01350  0.00994 -0.01002 -0.01031
0.010000  0.01159  0.01604 -0.00113 -0.00181 -0.03966
0.010000  0.02649  0.00478  0.00784  0.07011  0.04073
0.010000  0.04756  0.00207  0.02137  0.02599  0.04868
0.010000 -0.03325 -0.02561 -0.01664 -0.01682 -0.04614
0.010000  0.00493  0.00726  0.01636  0.05883  0.01603
0.010000 -0.00034 -0.00807 -0.00838 -0.01350 -0.05788
