# Scenario generation method from a paper by Hoyland, Kaut & Wallace
# Code by Michal Kaut (michal.kaut@iot.ntnu.n) & Diego Mathieu

#   prob   var  1   var  2   var  3   var  4   var  5
0.010000  0.00599 -0.00696  0.02264 -0.00877 -0.02866
0.010000 -0.00983 -0.00244 -0.00824 -0.01377 -0.02538
0.010000  0.01778 -0.00425  0.00541  0.00881  0.01893
0.010000 -0.01318 -0.00122 -0.00861  0.00611 -0.00866
0.010000 -0.00802 -0.01042 -0.00170  0.00867  0.02434
0.010000 -0.02989 -0.00225 -0.00487 -0.00948  0.00080
0.010000  0.01069 -0.00083  0.00059  0.00281 -0.01326
0.010000 -0.02349 -0.01813 -0.01083 -0.00374  0.04324
0.010000 -0.01902 -0.01294  0.01241 -0.01436 -0.02980
0.010000 -0.00633 -0.00354 -0.00385 -0.00813  0.00948
0.010000  0.00312 -0.01133 -0.00309 -0.03834  0.00544
0.010000 -0.00579 -0.01671 -0.00350  0.00223  0.02715
0.010000  0.01812 -0.01034  0.01955  0.00241  0.01510
0.010000 -0.02225 -0.01096 -0.00506  0.01732 -0.00392
0.010000  0.01486 -0.00661  0.01528 -0.01229 -0.00721
0.010000  0.01411  0.00921  0.02502  0.00388 -0.04727
0.010000  0.00436  0.01345  0.01535  0.00276 -0.01120
0.010000  0.01930 -0.00303  0.01180  0.00255  0.02448
0.010000  0.01905 -0.00501 -0.00341  0.01784  0.01027
0.010000  0.01671 -0.00437 -0.00376  0.00325  0.01025
0.010000  0.01335  0.00790  0.01107  0.00032 -0.03155
0.010000 -0.00921 -0.00312 -0.00041 -0.03909 -0.01201
0.010000 -0.02632 -0.00842  0.00099 -0.02064 -0.01016
0.010000  0.00053  0.01047  0.02620 -0.04243 -0.00853
0.010000 -0.01630 -0.01549 -0.01052 -0.01736 -0.01880
0.010000 -0.00745 -0.01164  0.00119  0.00345 -0.00090
0.010000 -0.00037  0.00598 -0.00134 -0.06456 -0.01044
0.010000  0.00718  0.00425  0.00963  0.00246 -0.03710
0.010000  0.01259  0.01437  0.01183 -0.00095  0.01043
0.010000  0.01597 -0.00022  0.01264  0.01158 -0.00613
0.010000  0.00953  0.00439  0.00432 -0.00032  0.01402
0.010000 -0.03214 -0.01550  0.00206 -0.01282 -0.03314
0.010000 -0.02483 -0.01947 -0.01154  0.00769  0.00948
0.010000  0.01821  0.00077  0.00476 -0.02220 -0.00371
0.010000  0.01926  0.00304  0.02079  0.00440 -0.01689
0.010000 -0.00273 -0.01416 -0.00958  0.00647  0.01204
0.010000 -0.01046 -0.01014 -0.00800  0.00391 -0.01057
0.010000 -0.00422 -0.01132  0.01405 -0.01266 -0.01863
0.010000 -0.00322 -0.00404 -0.00678  0.01211 -0.01296
0.010000  0.00184 -0.00848 -0.00763  0.00514  0.00185
0.010000  0.01183  0.01278  0.00724  0.00824  0.00246
0.010000  0.00518 -0.00293  0.00214  0.00436  0.00909
0.010000 -0.01807 -0.01508 -0.00444 -0.01716 -0.02093
0.010000 -0.01468 -0.00730  0.01597 -0.02214 -0.02297
0.010000  0.01876 -0.01111 -0.00596 -0.00196  0.05175
0.010000 -0.00083 -0.01263 -0.00650  0.00834  0.02884
0.010000 -0.00688  0.00435 -0.00339 -0.00538 -0.02964
0.010000 -0.03495 -0.00332 -0.00435 -0.00242 -0.02633
0.010000 -0.00371 -0.00345  0.00217 -0.01835 -0.00419
0.010000 -0.00224 -0.01218 -0.00953 -0.01384  0.00382
0.010000  0.00395 -0.01087 -0.00219  0.01691  0.00868
0.010000 -0.00130 -0.00365  0.00060  0.00286 -0.01345
0.010000 -0.01111 -0.00846  0.01543 -0.01423 -0.01195
0.010000  0.00008  0.00887  0.01560 -0.00722  0.00245
0.010000 -0.02798 -0.01606 -0.00571 -0.01797  0.03101
0.010000  0.00558 -0.00183 -0.00408  0.01160  0.02257
0.010000  0.00678  0.00144  0.02142 -0.00084 -0.03695
0.010000  0.01560  0.00494  0.01047 -0.01014 -0.00669
0.010000  0.00914 -0.01052 -0.00506  0.00134 -0.00429
0.010000  0.00227 -0.01006 -0.00467 -0.00464  0.02898
0.010000  0.01634  0.00915  0.02082 -0.01618 -0.02117
0.010000 -0.03884 -0.00854 -0.01227 -0.02603  0.03256
0.010000  0.01145  0.01646  0.00580 -0.02842 -0.03182
0.010000  0.00875 -0.01137  0.00868 -0.00165 -0.00243
0.010000  0.00141  0.00609  0.01826  0.00043 -0.00819
0.010000  0.01107  0.00868  0.00007 -0.00301 -0.01001
0.010000  0.01301  0.00272  0.00260  0.00151  0.00364
0.010000  0.01962  0.00544  0.00428  0.01677  0.00124
0.010000  0.00353 -0.00708 -0.00540  0.01090 -0.00046
0.010000  0.01523  0.00096  0.00455 -0.00381  0.00863
0.010000  0.00097 -0.01461  0.00970 -0.00564  0.02122
0.010000 -0.00861 -0.00483 -0.00734 -0.00177 -0.01188
0.010000  0.00477 -0.00602 -0.00077  0.00314 -0.02810
0.010000 -0.01178 -0.00952  0.00319  0.00452 -0.00038
0.010000  0.00269  0.00793 -0.00195 -0.00174  0.01733
0.010000  0.01845 -0.01150  0.00363  0.01530 -0.02257
0.010000  0.01743 -0.00507 -0.00174 -0.00494  0.00568
0.010000  0.00758 -0.01271 -0.00776  0.01245  0.00893
0.010000  0.01958  0.00054  0.00018 -0.00936 -0.00445
0.010000 -0.01548 -0.00306  0.01217 -0.03277 -0.01051
0.010000  0.01297  0.00677  0.02271 -0.00428  0.03101
0.010000 -0.04682 -0.01821 -0.01223  0.01147  0.00282
0.010000  0.01221 -0.00379  0.00629  0.00695  0.03648
0.010000  0.01950 -0.00204  0.02099  0.00015  0.00362
0.010000 -0.02110 -0.01749 -0.00600  0.01288 -0.00819
0.010000 -0.01717 -0.01662 -0.01151 -0.00741  0.01625
0.010000  0.01030  0.00077 -0.00311  0.00296 -0.00905
0.010000  0.00992 -0.00887 -0.00101  0.00251  0.01474
0.010000  0.01707  0.00837  0.01941 -0.00640 -0.01597
0.010000  0.01373 -0.00051  0.00180 -0.00093  0.00960
0.010000 -0.00526 -0.00835 -0.00695 -0.01166 -0.01287
0.010000 -0.01392 -0.01793 -0.01047  0.01964  0.02972
0.010000 -0.02003 -0.01917 -0.00763 -0.00064  0.01176
0.010000  0.01448 -0.00235  0.01189  0.00578 -0.00046
0.010000  0.00836 -0.01224 -0.00677  0.01676  0.02615
0.010000  0.00797 -0.01209 -0.00206  0.00973 -0.01677
0.010000 -0.00473 -0.00102  0.01076 -0.01269 -0.01559
0.010000 -0.01247 -0.00270 -0.00831 -0.00261  0.01647
0.010000  0.00639 -0.01227 -0.00738  0.01451 -0.00520
0.010000 -0.00177 -0.00118  0.01420 -0.01520 -0.01602
