# Scenario generation method from a paper by Hoyland, Kaut & Wallace
# Code by Michal Kaut (michal.kaut@iot.ntnu.n) & Diego Mathieu

#   prob   var  1   var  2   var  3   var  4   var  5
0.010000  0.00062  0.01285 -0.00132  0.00415 -0.01564
0.010000  0.01614  0.01132 -0.00261  0.00649 -0.02601
0.010000 -0.02416 -0.00511 -0.00085  0.01057 -0.00279
0.010000  0.02036  0.00295  0.00200  0.00493 -0.01753
0.010000 -0.02301 -0.01148 -0.00884 -0.01115  0.01117
0.010000  0.00027 -0.01599  0.01266 -0.00635 -0.01504
0.010000  0.00098  0.00174 -0.00632 -0.00331 -0.01458
0.010000  0.00514 -0.01006  0.01241  0.00406  0.00856
0.010000  0.01315  0.00103  0.03005  0.01004 -0.04584
0.010000  0.00170 -0.01084 -0.00560 -0.00876 -0.00986
0.010000 -0.00043 -0.02027 -0.00091 -0.01284 -0.00682
0.010000 -0.01177 -0.00551 -0.00073  0.00739 -0.02702
0.010000 -0.01679  0.00309 -0.00113 -0.00864  0.02259
0.010000 -0.00353  0.01023 -0.01056 -0.00354 -0.00871
0.010000 -0.02107 -0.00635  0.00121  0.00139  0.00746
0.010000  0.02355  0.00477  0.00713  0.01597 -0.03480
0.010000  0.00356  0.01247 -0.00497  0.01581 -0.00198
0.010000 -0.01266 -0.01735  0.00975 -0.00119  0.02118
0.010000  0.01189  0.01042 -0.00560  0.00646 -0.02613
0.010000 -0.00285 -0.02151 -0.01677  0.00636 -0.01450
0.010000  0.00682 -0.00502  0.00502 -0.00156 -0.00908
0.010000  0.01130  0.00146  0.00607  0.00541  0.00084
0.010000 -0.01221 -0.01338 -0.00343  0.00286  0.01748
0.010000  0.00134  0.01594 -0.00395  0.01335  0.01160
0.010000  0.01704  0.01654  0.02044  0.00684  0.00431
0.010000 -0.00250 -0.00252  0.01190 -0.00222 -0.00410
0.010000 -0.01312 -0.02962 -0.00514 -0.00503 -0.00961
0.010000  0.00596 -0.00494 -0.00764 -0.00931 -0.01516
0.010000 -0.02023 -0.02348 -0.00652  0.00030 -0.00645
0.010000  0.00395 -0.01860  0.00386  0.00982 -0.01599
0.010000 -0.01873 -0.01997  0.00950 -0.00663  0.01300
0.010000 -0.00633 -0.02590 -0.00430  0.00068  0.01238
0.010000 -0.00669 -0.02734 -0.00680 -0.01327 -0.01712
0.010000 -0.00147 -0.00710 -0.00967  0.01672 -0.02143
0.010000  0.00916  0.00117  0.01002 -0.00414  0.04011
0.010000  0.00727  0.01037  0.00483  0.01250 -0.00052
0.010000  0.03674  0.02230  0.01509  0.02305 -0.01316
0.010000  0.00772  0.00301  0.00770 -0.00963 -0.02166
0.010000 -0.00854  0.00180 -0.00723 -0.01158  0.00283
0.010000  0.00206 -0.01095  0.00850 -0.00593 -0.00700
0.010000 -0.00562 -0.01267  0.00754  0.00452  0.03275
0.010000 -0.00182 -0.00622 -0.00623 -0.00691  0.00427
0.010000 -0.00388 -0.00014 -0.00271 -0.00065  0.00102
0.010000 -0.00216 -0.01705 -0.00662  0.00160 -0.01833
0.010000 -0.01945 -0.03131 -0.00767 -0.00700  0.00341
0.010000 -0.01051 -0.00221 -0.00973 -0.00244 -0.00552
0.010000  0.00280  0.00797 -0.02157 -0.00503 -0.00500
0.010000  0.00555 -0.00834  0.00154 -0.00489 -0.02672
0.010000 -0.03214 -0.03039 -0.02679 -0.01689 -0.00161
0.010000 -0.00457  0.00432 -0.00216 -0.00237  0.00688
0.010000  0.01383  0.01974  0.01898  0.01133 -0.00343
0.010000 -0.02550 -0.00640 -0.01708 -0.00432  0.00493
0.010000 -0.00931  0.00160  0.00623  0.00277  0.00650
0.010000 -0.00598 -0.02816 -0.02377 -0.00286 -0.06071
0.010000 -0.01740 -0.02461 -0.00987 -0.01430  0.00817
0.010000 -0.00319 -0.00432 -0.01071 -0.00678 -0.03024
0.010000 -0.00008  0.01324  0.00638  0.00130  0.02757
0.010000 -0.01360 -0.00959 -0.03108  0.01957 -0.00962
0.010000  0.01532  0.00374  0.01379 -0.00141 -0.00584
0.010000  0.00639  0.00711  0.02319  0.03022  0.00270
0.010000  0.01455  0.01615 -0.00121  0.00116 -0.00987
0.010000  0.02580  0.02346  0.01915  0.00704 -0.02292
0.010000  0.00967 -0.00039  0.01159  0.00667 -0.01980
0.010000  0.01912  0.01471  0.00635 -0.00647 -0.00514
0.010000 -0.03902 -0.02487 -0.01089 -0.00509  0.01632
0.010000 -0.01092 -0.00302 -0.00156  0.01735  0.01216
0.010000 -0.02199 -0.02976 -0.00688 -0.00423 -0.00523
0.010000  0.01802  0.01303  0.00361  0.00209 -0.00306
0.010000 -0.01805 -0.02108 -0.00258 -0.01364  0.00363
0.010000  0.00318 -0.00536 -0.03411 -0.01343 -0.00712
0.010000 -0.00892 -0.00380 -0.00814  0.00185 -0.01049
0.010000 -0.01010 -0.02143 -0.00865 -0.00532 -0.00912
0.010000  0.01250  0.01055  0.00770  0.00017  0.00045
0.010000 -0.01459 -0.02797 -0.00863 -0.00388 -0.00414
0.010000 -0.00527  0.01039  0.00577 -0.00402  0.02578
0.010000 -0.00078 -0.00178 -0.01928  0.01069 -0.00818
0.010000 -0.01510  0.00404  0.00327 -0.00929  0.01303
0.010000  0.00243 -0.01661 -0.01495 -0.01446 -0.01251
0.010000 -0.00742 -0.02255 -0.01870 -0.00964 -0.01937
0.010000 -0.00971 -0.00060 -0.02103  0.00682 -0.02005
0.010000 -0.00816 -0.00599  0.00220 -0.00832  0.01083
0.010000 -0.00779 -0.02318 -0.00010 -0.00686  0.00325
0.010000 -0.01134  0.00078 -0.02673 -0.00461  0.00125
0.010000  0.02180 -0.00484  0.02533 -0.00709 -0.01361
0.010000 -0.02711 -0.03150 -0.02387 -0.00848 -0.01783
0.010000 -0.01620  0.00077 -0.02577  0.00499 -0.00746
0.010000  0.00867 -0.01815  0.01646  0.01191 -0.01454
0.010000  0.00473  0.00687 -0.01110  0.01694 -0.01518
0.010000  0.00819  0.02037  0.00661 -0.00019  0.00665
0.010000  0.01073  0.00447 -0.02048 -0.00746 -0.00011
0.010000 -0.00492  0.00817 -0.00362 -0.00374 -0.00065
0.010000 -0.01564 -0.02946 -0.00739 -0.01230 -0.01151
0.010000  0.02907  0.01770  0.00392  0.00722 -0.00272
0.010000 -0.01408 -0.02279  0.00788  0.00424 -0.00693
0.010000 -0.02917 -0.02600 -0.01692 -0.01226  0.00496
0.010000 -0.00113 -0.01890  0.00976  0.00921 -0.02934
0.010000 -0.00423 -0.00166 -0.01391  0.00396 -0.00823
0.010000 -0.00706 -0.01959 -0.01309  0.00000 -0.00449
0.010000  0.00434 -0.02187 -0.00104 -0.00881 -0.01559
0.010000  0.01019  0.01390  0.01380  0.00598 -0.00763
