# Scenario generation method from a paper by Hoyland, Kaut & Wallace
# Code by Michal Kaut (michal.kaut@iot.ntnu.n) & Diego Mathieu

#   prob   var  1   var  2   var  3   var  4   var  5
0.010000  0.03719  0.01183  0.02263  0.01529 -0.00562
0.010000 -0.00692 -0.00909 -0.01718 -0.01000 -0.04281
0.010000 -0.00757  0.01912  0.01318  0.00041 -0.01198
0.010000 -0.00563  0.05262  0.00904  0.00863 -0.00614
0.010000  0.01155  0.02035  0.00223 -0.00230 -0.04358
0.010000  0.00465 -0.00184  0.01232 -0.01850  0.02276
0.010000 -0.01505  0.00511  0.01333 -0.01205 -0.00246
0.010000  0.01303 -0.00750  0.00150  0.00970 -0.00366
0.010000  0.00733  0.00088 -0.00351  0.00749 -0.02569
0.010000  0.01614  0.02593  0.01777  0.00135  0.00197
0.010000 -0.02035  0.01660  0.00494 -0.04021 -0.07009
0.010000  0.00269 -0.01672 -0.00121  0.01115  0.04543
0.010000  0.01378 -0.03699  0.00388  0.00229  0.00549
0.010000  0.00075 -0.01994  0.00452 -0.00075  0.03110
0.010000 -0.00627 -0.01791  0.00573  0.01278 -0.03420
0.010000  0.02136  0.00776  0.01295 -0.01331  0.02757
0.010000 -0.00499  0.01864 -0.00480  0.00593  0.02118
0.010000 -0.04035 -0.04376 -0.01544 -0.00448 -0.04465
0.010000  0.01695  0.00333  0.00350 -0.00589 -0.03465
0.010000  0.00011 -0.02862 -0.02170 -0.01914 -0.05640
0.010000  0.02658  0.01486  0.02264 -0.01133  0.02059
0.010000  0.04614  0.07755  0.03479  0.01908  0.04358
0.010000 -0.03424 -0.00655  0.00755 -0.01975 -0.03261
0.010000  0.03186  0.00664  0.01502 -0.02198 -0.01226
0.010000 -0.00888 -0.02100 -0.00251  0.06144  0.06324
0.010000 -0.01434 -0.01711 -0.01032 -0.01206 -0.04666
0.010000  0.00801 -0.00768 -0.00501 -0.00420  0.00884
0.010000 -0.00955 -0.01343 -0.01054 -0.01760 -0.01956
0.010000 -0.00116  0.00227 -0.00275 -0.00053 -0.05016
0.010000  0.02778 -0.04932 -0.01180  0.01242  0.00280
0.010000 -0.02846 -0.02908  0.00198 -0.00615 -0.01061
0.010000 -0.02951 -0.00305 -0.02039 -0.00530 -0.04541
0.010000 -0.03297 -0.02787 -0.01978 -0.00595 -0.01779
0.010000 -0.03705 -0.01282 -0.00417 -0.01028 -0.04173
0.010000  0.00399  0.00171  0.01853 -0.01766 -0.03511
0.010000 -0.02647 -0.01145 -0.01567 -0.01194 -0.05561
0.010000 -0.01156 -0.01418 -0.01890 -0.00631 -0.03502
0.010000 -0.01578 -0.01176 -0.01851 -0.01150  0.02738
0.010000  0.03520  0.03059  0.02918 -0.00300 -0.01346
0.010000 -0.00053 -0.01382  0.00390 -0.01011  0.02711
0.010000 -0.02745 -0.02287 -0.01123 -0.01784 -0.06462
0.010000  0.01534  0.00802  0.00998 -0.00533  0.02782
0.010000 -0.04445 -0.03155 -0.02008  0.01092  0.03020
0.010000 -0.03560 -0.02040 -0.01200  0.02432 -0.00816
0.010000 -0.02552 -0.04327 -0.00330  0.00748 -0.00947
0.010000 -0.02371 -0.01783 -0.02161 -0.01468  0.02474
0.010000 -0.02284 -0.01247 -0.01395  0.02488  0.03152
0.010000 -0.01294 -0.00394 -0.01313 -0.00540  0.03421
0.010000 -0.01878 -0.05037 -0.00944  0.00434 -0.02261
0.010000  0.00140 -0.00945 -0.01096 -0.01193  0.02803
0.010000  0.00870  0.00065  0.01127  0.00446  0.03231
0.010000  0.00531  0.00201 -0.01281 -0.01341  0.01170
0.010000 -0.01021 -0.02450  0.01272 -0.01081  0.02884
0.010000 -0.03061 -0.04066 -0.03491 -0.00923 -0.03477
0.010000  0.00598  0.01099 -0.00247  0.02795  0.04468
0.010000 -0.05018 -0.01743 -0.02037 -0.01286 -0.05110
0.010000  0.01011 -0.00705  0.00766 -0.00765  0.04083
0.010000 -0.03176 -0.01049 -0.00909 -0.00543 -0.02549
0.010000 -0.04227  0.00776 -0.00748 -0.00610 -0.03905
0.010000  0.02904  0.00431  0.02194  0.00460  0.04885
0.010000  0.02544  0.03480 -0.00187 -0.00230 -0.02396
0.010000  0.02436  0.03054  0.00753 -0.00290  0.02471
0.010000  0.01952  0.00974  0.00448  0.02362  0.04831
0.010000 -0.02199 -0.03174 -0.00634 -0.00841 -0.01558
0.010000  0.02043  0.02399  0.01599  0.03790  0.05809
0.010000 -0.00371  0.04034  0.00749 -0.00805  0.00764
0.010000  0.02232  0.00011  0.01426  0.04456  0.05815
0.010000 -0.00823 -0.02926 -0.01557 -0.00428  0.01263
0.010000 -0.01801 -0.01481 -0.03413  0.00585  0.02907
0.010000  0.00940  0.00155 -0.00840 -0.01620 -0.02607
0.010000 -0.04701 -0.02886 -0.02063 -0.01166 -0.04610
0.010000 -0.00244  0.00917  0.00738  0.00506  0.04191
0.010000  0.03345 -0.00565  0.00123  0.00800  0.05298
0.010000  0.00334 -0.00490 -0.00683  0.01275  0.01768
0.010000  0.04233  0.05394  0.02297 -0.00355 -0.02279
0.010000 -0.01725  0.09028  0.01128 -0.00135 -0.05912
0.010000 -0.06338 -0.05671 -0.03576 -0.01124 -0.02876
0.010000  0.01779 -0.00242  0.00140 -0.00035 -0.03783
0.010000  0.02332  0.00199  0.00933 -0.00180  0.00436
0.010000 -0.02116 -0.00603 -0.01339  0.01906  0.02207
0.010000  0.00204  0.02122 -0.00672 -0.01110 -0.05055
0.010000 -0.01363  0.00052 -0.00549  0.02122 -0.00000
0.010000  0.00665  0.00926 -0.01530  0.01417  0.02916
0.010000 -0.03863 -0.05403 -0.00812 -0.01120  0.00439
0.010000 -0.01956 -0.06501  0.00862  0.00432 -0.01301
0.010000  0.01455  0.00941  0.01748  0.01239  0.04764
0.010000  0.03950  0.02615  0.01637  0.00006  0.00304
0.010000  0.01228  0.00905 -0.01047  0.00377  0.02446
0.010000 -0.01225 -0.00565 -0.00734 -0.00198 -0.03588
0.010000  0.03040 -0.00601 -0.00583 -0.00328  0.00813
0.010000  0.01865  0.00265  0.00632 -0.01623 -0.00729
0.010000 -0.00307  0.00211  0.00652  0.00508  0.00099
0.010000 -0.01651 -0.01147 -0.00758 -0.01318 -0.05191
0.010000  0.05356  0.03935  0.02946  0.01607 -0.00397
0.010000 -0.01089 -0.00724  0.00590 -0.00477 -0.00447
0.010000 -0.05452 -0.02978 -0.02006 -0.00944  0.01078
0.010000 -0.00435  0.00642  0.00501  0.00455 -0.04071
0.010000  0.01082  0.00428  0.02272 -0.00430 -0.02109
0.010000 -0.02461 -0.06350 -0.01823 -0.01026 -0.01554
0.010000 -0.00180  0.00561 -0.00021 -0.00264  0.02496
