# Scenario generation method from a paper by Hoyland, Kaut & Wallace
# Code by Michal Kaut (michal.kaut@iot.ntnu.n) & Diego Mathieu

#   prob   var  1   var  2   var  3   var  4   var  5
0.010000 -0.03310 -0.02690 -0.00754 -0.05939 -0.02773
0.010000  0.01857  0.02238 -0.00492  0.00067 -0.00870
0.010000 -0.02121 -0.00425 -0.01786 -0.03839  0.00627
0.010000 -0.01506 -0.00800  0.00605 -0.01712 -0.01885
0.010000 -0.03939 -0.01239 -0.01446 -0.01667 -0.02145
0.010000  0.01664  0.04954  0.01549  0.01487 -0.02598
0.010000  0.02113  0.02988 -0.00283  0.00467  0.01122
0.010000 -0.03059 -0.01491 -0.01390 -0.02811 -0.00289
0.010000  0.00155 -0.00710  0.00607 -0.01163 -0.01716
0.010000  0.01109  0.01765  0.00072  0.00976  0.00653
0.010000 -0.04620 -0.03253 -0.00097 -0.01186  0.00430
0.010000  0.02297  0.03513  0.00854  0.00701  0.01784
0.010000 -0.00791 -0.00661 -0.01209 -0.01326 -0.02117
0.010000  0.02651  0.03861 -0.00924 -0.00110  0.01933
0.010000 -0.02836 -0.01292  0.00342 -0.00491 -0.03033
0.010000  0.00248  0.02195 -0.00665  0.00289  0.01152
0.010000 -0.03598 -0.03517  0.00073 -0.02238 -0.03662
0.010000 -0.04362 -0.02710 -0.00633 -0.04351 -0.03968
0.010000 -0.01972 -0.01171  0.00385 -0.01606 -0.02612
0.010000 -0.01632 -0.00723 -0.01664 -0.02821 -0.00185
0.010000 -0.00642 -0.00614  0.01037  0.00430  0.01297
0.010000  0.00437 -0.00223 -0.00180 -0.02119  0.00057
0.010000  0.00202  0.00158  0.01395 -0.00057 -0.00360
0.010000  0.01230  0.01146  0.00980  0.01239  0.01738
0.010000 -0.02199 -0.02278 -0.00280 -0.00756 -0.02376
0.010000  0.00782  0.00435  0.00293  0.00258  0.01274
0.010000  0.01360  0.01047 -0.01452 -0.00063 -0.01086
0.010000  0.00940  0.00314  0.00453  0.00046  0.01914
0.010000 -0.01158  0.00198 -0.01228 -0.00329 -0.00245
0.010000  0.01293 -0.00071 -0.01083 -0.01463  0.01384
0.010000 -0.00450 -0.00110  0.01118  0.00162 -0.02729
0.010000  0.00109  0.00348  0.00323  0.00626 -0.02616
0.010000 -0.00215 -0.02383  0.00837 -0.00888  0.00048
0.010000 -0.03180 -0.05184 -0.01392 -0.01384  0.00649
0.010000 -0.00169 -0.01077 -0.00159 -0.00375 -0.01431
0.010000  0.00533  0.00409  0.00676  0.00986 -0.03810
0.010000 -0.02450 -0.02717  0.00746 -0.02556  0.01107
0.010000  0.00063  0.00531  0.00958  0.00969 -0.04324
0.010000 -0.03448 -0.02851 -0.00651 -0.04018 -0.00722
0.010000 -0.02541 -0.03133 -0.00284 -0.03744 -0.03449
0.010000 -0.02364 -0.01988 -0.00141 -0.06171 -0.00444
0.010000  0.00016  0.00809  0.01243 -0.00431 -0.01094
0.010000 -0.01696  0.00733  0.00182 -0.00425 -0.01866
0.010000 -0.00944  0.02796 -0.00331 -0.00278 -0.01262
0.010000 -0.00594 -0.00130 -0.01300 -0.00889 -0.01583
0.010000  0.00833  0.00424  0.00836  0.00693 -0.02064
0.010000 -0.00545 -0.00688 -0.00350 -0.00633  0.01357
0.010000 -0.00996 -0.00763 -0.00865 -0.03902 -0.03717
0.010000 -0.01900 -0.01169 -0.01286 -0.02284 -0.02746
0.010000 -0.02733 -0.02088 -0.02499 -0.02026  0.00101
0.010000 -0.01104 -0.04610  0.00256 -0.00343 -0.00477
0.010000 -0.00741 -0.00054 -0.01390 -0.00256 -0.00473
0.010000 -0.00355 -0.01306 -0.01036 -0.02719 -0.01094
0.010000 -0.06547 -0.05059 -0.01014 -0.03838 -0.03074
0.010000 -0.08404 -0.05760 -0.00910 -0.03627 -0.00262
0.010000 -0.00122  0.01692 -0.00966 -0.04020 -0.00088
0.010000 -0.00262 -0.00542 -0.00078 -0.00497  0.00755
0.010000 -0.01568 -0.01714  0.00400 -0.01063 -0.02736
0.010000 -0.01386 -0.02576  0.00774  0.00042 -0.01649
0.010000 -0.02635 -0.02819 -0.01427 -0.01549 -0.03377
0.010000 -0.00841 -0.01097 -0.00628  0.00004 -0.01304
0.010000 -0.00076  0.06799 -0.02146 -0.00161  0.00099
0.010000  0.00581 -0.00296  0.00693 -0.00138 -0.01252
0.010000 -0.00403  0.00260  0.00029  0.00347 -0.00990
0.010000 -0.02045 -0.01881 -0.02242 -0.01218  0.00575
0.010000 -0.02280 -0.00592 -0.02064 -0.01893 -0.02136
0.010000  0.01973  0.02246  0.01492  0.00709 -0.00723
0.010000  0.00342  0.00266  0.00036  0.00676 -0.02945
0.010000  0.00295 -0.00102 -0.00460 -0.01448 -0.01277
0.010000 -0.00497  0.00229  0.00893  0.00813 -0.04040
0.010000 -0.00309 -0.01495 -0.00069  0.00129  0.01410
0.010000 -0.04925 -0.02968 -0.00832 -0.03832 -0.01438
0.010000 -0.00691 -0.02171  0.01205  0.00385 -0.03099
0.010000  0.01502  0.02923 -0.00234 -0.01635 -0.00385
0.010000 -0.05303 -0.01362 -0.01479 -0.04594 -0.00519
0.010000 -0.01830  0.00087 -0.00175 -0.01215 -0.01933
0.010000 -0.04138 -0.02997 -0.01438 -0.03763 -0.02596
0.010000  0.01051  0.02701  0.01578  0.01462  0.01503
0.010000  0.00886  0.00480  0.00625  0.00904  0.02637
0.010000 -0.01763 -0.00934 -0.02089 -0.02115 -0.01612
0.010000  0.01168 -0.00316 -0.01140 -0.00804 -0.01592
0.010000 -0.01328 -0.00247 -0.00674 -0.00157 -0.00413
0.010000  0.00995  0.01002 -0.00043  0.00081 -0.00907
0.010000 -0.01270 -0.01286 -0.00352 -0.01954 -0.00644
0.010000 -0.00030  0.00662 -0.01320 -0.00540  0.01922
0.010000  0.00389 -0.00301 -0.00491 -0.02096 -0.00915
0.010000  0.00484 -0.00325 -0.00259  0.00301 -0.00976
0.010000 -0.01446 -0.00289 -0.00334 -0.01064 -0.00267
0.010000  0.01756  0.05823 -0.00645  0.01096  0.01460
0.010000  0.00730 -0.00911 -0.00692 -0.00480 -0.00740
0.010000 -0.03761 -0.03572 -0.00130 -0.01758 -0.00746
0.010000 -0.01214 -0.00831 -0.01202 -0.01971 -0.03313
0.010000 -0.01050  0.00074  0.00083 -0.02950 -0.02931
0.010000  0.01429 -0.00333  0.00046  0.00374 -0.02101
0.010000 -0.05800 -0.05052 -0.01977 -0.04666  0.00411
0.010000 -0.00892 -0.00095 -0.01637 -0.00973  0.02755
0.010000  0.00680  0.02179 -0.00266  0.00174  0.02769
0.010000  0.01580  0.00681  0.00007  0.00490 -0.00310
0.010000  0.00630  0.00231  0.00150  0.00774 -0.01141
0.010000 -0.02945 -0.02284 -0.02113 -0.04183 -0.00263
