# Scenario generation method from a paper by Hoyland, Kaut & Wallace
# Code by Michal Kaut (michal.kaut@iot.ntnu.n) & Diego Mathieu

#   prob   var  1   var  2   var  3   var  4   var  5
0.010000 -0.02625 -0.01662 -0.02212 -0.00664  0.00385
0.010000 -0.04800 -0.00827 -0.03391  0.00763  0.00519
0.010000  0.03049  0.04195  0.01486  0.00621  0.00475
0.010000 -0.03417 -0.04681 -0.05263 -0.00790  0.00689
0.010000 -0.06460 -0.05808 -0.02812 -0.00259 -0.04022
0.010000 -0.00639  0.04140  0.01390  0.00420  0.01937
0.010000 -0.02375 -0.00094 -0.02116  0.00847 -0.03521
0.010000 -0.06930 -0.01414 -0.00999  0.01225 -0.02958
0.010000  0.03813  0.02729  0.01159  0.00359  0.01356
0.010000  0.05282  0.03364  0.01687  0.00393  0.01430
0.010000 -0.05351  0.04164  0.00399 -0.00686 -0.01320
0.010000  0.04656  0.04892  0.01734 -0.01372 -0.00325
0.010000  0.05120  0.02043  0.01598  0.00701  0.00776
0.010000 -0.05980 -0.00701 -0.02725 -0.00063 -0.04874
0.010000 -0.00529  0.02034  0.01041 -0.00260  0.01410
0.010000 -0.06213 -0.00229 -0.00391  0.00782 -0.03271
0.010000  0.00774  0.02103  0.00989  0.00912  0.00543
0.010000 -0.04147  0.00063 -0.00630  0.00253 -0.03684
0.010000  0.03172  0.03670  0.01175 -0.00520 -0.03134
0.010000 -0.00419 -0.02483  0.00193  0.01547 -0.01046
0.010000  0.02806 -0.02754 -0.00493  0.01610  0.01161
0.010000  0.01542  0.01832  0.00941 -0.01647 -0.01328
0.010000  0.01878 -0.00301  0.00281 -0.01434 -0.00519
0.010000 -0.00750  0.02593  0.00613 -0.01266  0.00729
0.010000  0.00882  0.00724 -0.00608  0.01286  0.02029
0.010000  0.02687  0.06811  0.01725 -0.00039  0.02434
0.010000 -0.02131  0.02725 -0.00487  0.00800 -0.01035
0.010000  0.02927  0.00475  0.01229 -0.00421 -0.01652
0.010000 -0.03994 -0.01761 -0.01273 -0.00663  0.00058
0.010000  0.00448 -0.00308  0.00502  0.01511  0.00365
0.010000 -0.05760 -0.00318 -0.05314  0.01197 -0.00529
0.010000  0.04508  0.03727  0.00713 -0.00863  0.01003
0.010000 -0.04464 -0.01085 -0.00759 -0.01089 -0.01821
0.010000 -0.01774 -0.06125 -0.03152  0.00253 -0.00613
0.010000  0.05448  0.05007  0.01684  0.00167 -0.00457
0.010000  0.01101  0.04209  0.01496 -0.00869 -0.00893
0.010000 -0.04303  0.00947 -0.00237  0.01199 -0.03873
0.010000  0.01653 -0.01242 -0.00118 -0.00259 -0.00141
0.010000 -0.02499 -0.02555 -0.00752  0.01319 -0.01246
0.010000 -0.04977  0.00389  0.00074 -0.00025 -0.03408
0.010000  0.03297  0.04476  0.01640  0.01865  0.02752
0.010000  0.02105  0.01907  0.00947 -0.00476  0.00621
0.010000  0.01210  0.00179 -0.01207 -0.01260  0.00792
0.010000  0.06101  0.07276  0.01692 -0.00570  0.02752
0.010000  0.03423  0.01771  0.01013  0.00119 -0.01364
0.010000  0.00232 -0.00979 -0.02795  0.00402  0.00176
0.010000  0.00557  0.02677  0.00328  0.00485  0.01241
0.010000  0.03947  0.01387  0.01437  0.01125 -0.00591
0.010000  0.00991 -0.00439  0.00329 -0.00489  0.00178
0.010000 -0.00972  0.03342  0.01085 -0.01030  0.02025
0.010000 -0.00310  0.00678 -0.01044 -0.00272  0.00951
0.010000  0.03681  0.06003  0.01761  0.01019  0.03460
0.010000  0.00016  0.05012  0.01457 -0.00248 -0.00169
0.010000 -0.05160 -0.00712 -0.00616 -0.00735 -0.03138
0.010000 -0.00201  0.00098  0.00154 -0.00176  0.01583
0.010000 -0.01892  0.02278  0.00809 -0.00350 -0.01213
0.010000  0.01991 -0.00649  0.00185 -0.00156  0.00476
0.010000  0.05675 -0.00085  0.01430  0.01744  0.00512
0.010000  0.01765  0.03395  0.01460  0.00135 -0.02225
0.010000 -0.02881  0.01043 -0.00546  0.00058 -0.02180
0.010000 -0.01657 -0.03167 -0.00296  0.02454  0.01414
0.010000  0.02451  0.00234  0.00293 -0.00166  0.00668
0.010000  0.03551  0.02344  0.01394  0.00256  0.00102
0.010000  0.04807  0.01266 -0.02136 -0.00423  0.01710
0.010000  0.00665 -0.01237 -0.01138  0.00286 -0.01375
0.010000  0.05787  0.02520  0.01649 -0.01618 -0.01394
0.010000 -0.03846  0.01036  0.00401  0.00466 -0.03170
0.010000 -0.01085 -0.03144 -0.01186  0.00453 -0.00395
0.010000  0.01320  0.02736  0.01240  0.00433 -0.01388
0.010000 -0.06718 -0.03916 -0.03207  0.02763 -0.00562
0.010000 -0.03145 -0.00182 -0.00804 -0.00344 -0.00407
0.010000 -0.01197 -0.00055  0.00655  0.00416  0.01279
0.010000  0.02569 -0.02480 -0.00302 -0.00568  0.00088
0.010000  0.05953  0.06569  0.01852 -0.01072  0.01390
0.010000  0.02335  0.03445  0.00800 -0.00419 -0.01060
0.010000 -0.05550  0.05309  0.00304 -0.00015 -0.01855
0.010000 -0.02752 -0.01006 -0.00875 -0.00681 -0.00236
0.010000 -0.03557 -0.01371 -0.02268 -0.01283 -0.00266
0.010000 -0.02011  0.01094  0.00318 -0.00992 -0.01619
0.010000 -0.00092  0.01218 -0.01469 -0.01234  0.01304
0.010000 -0.01425 -0.02267 -0.00455 -0.00459 -0.02044
0.010000 -0.04629  0.00137 -0.00142 -0.00474 -0.01017
0.010000  0.01431 -0.06637 -0.00616 -0.00647 -0.03407
0.010000 -0.02252  0.03258  0.01038  0.00747  0.00737
0.010000 -0.06969  0.01170 -0.00881 -0.00079 -0.02375
0.010000 -0.03700  0.00701 -0.00662  0.00562  0.00795
0.010000 -0.01311  0.00511 -0.00396  0.00590  0.00767
0.010000  0.05617  0.06103  0.01749 -0.00316  0.00503
0.010000 -0.01541  0.04706  0.01097 -0.00934  0.01392
0.010000  0.04222  0.00598  0.00598 -0.00705  0.01719
0.010000  0.00340 -0.04296 -0.01911 -0.00149 -0.00083
0.010000  0.00124  0.00145 -0.02649  0.00305  0.02086
0.010000 -0.00861 -0.01477 -0.01850  0.01081  0.02080
0.010000  0.02219  0.02357  0.01427  0.01875  0.02478
0.010000 -0.03012 -0.00378 -0.02166 -0.00031 -0.01444
0.010000  0.04364  0.01328  0.01388  0.01297  0.03119
0.010000 -0.03280  0.02232  0.00215 -0.01109 -0.00683
0.010000  0.04084  0.04154  0.01635 -0.00773  0.02318
0.010000  0.06178  0.02342  0.01592 -0.00228 -0.01398
0.010000  0.04961 -0.00195  0.01244 -0.00328  0.01309
