# Scenario generation method from a paper by Hoyland, Kaut & Wallace
# Code by Michal Kaut (michal.kaut@iot.ntnu.n) & Diego Mathieu

#   prob   var  1   var  2   var  3   var  4   var  5
0.010000 -0.02783 -0.02310 -0.00324 -0.01318 -0.04419
0.010000  0.01177 -0.01427 -0.01279  0.00199  0.01981
0.010000  0.01806 -0.02160  0.02249  0.00844  0.00494
0.010000 -0.01606  0.00254 -0.00358 -0.00286  0.00720
0.010000  0.02231  0.00066 -0.00805  0.00415  0.04366
0.010000  0.00529  0.00953  0.00075 -0.01622  0.00893
0.010000 -0.00308 -0.00396  0.00163 -0.01308  0.03169
0.010000  0.02307  0.00303  0.01283  0.00642 -0.00117
0.010000 -0.00372 -0.01745 -0.01512 -0.00343  0.00983
0.010000 -0.04892 -0.03082 -0.01664 -0.00750 -0.04400
0.010000  0.02012  0.01088  0.01428  0.00839  0.02288
0.010000 -0.01277 -0.01303 -0.01101 -0.00434  0.00364
0.010000 -0.01520 -0.00586 -0.01091 -0.00050 -0.01761
0.010000  0.01942 -0.00361  0.01790  0.00366  0.01458
0.010000  0.01117 -0.01272 -0.00921  0.00170 -0.04399
0.010000 -0.00246  0.02048  0.02208  0.00506  0.00791
0.010000 -0.03640 -0.01359 -0.00955 -0.01973 -0.07100
0.010000 -0.00122 -0.00846 -0.00221  0.00331  0.02913
0.010000  0.02727  0.00707  0.01779  0.00609 -0.02264
0.010000  0.00588  0.00933  0.00038  0.00290 -0.00751
0.010000  0.04106  0.08253  0.03000  0.00304 -0.01065
0.010000 -0.01974 -0.03673 -0.02608 -0.01353  0.00253
0.010000  0.03136 -0.01142 -0.00142  0.00618  0.00462
0.010000  0.00237  0.02126 -0.00290  0.00392 -0.00391
0.010000  0.00413  0.08996  0.00557 -0.00385 -0.00396
0.010000 -0.01693  0.00681 -0.00478 -0.00497  0.01075
0.010000 -0.01050 -0.00811 -0.00039 -0.02372 -0.03137
0.010000  0.03025  0.01601  0.01548  0.00908 -0.01220
0.010000  0.01421  0.01901  0.00625 -0.00026  0.03366
0.010000  0.02385 -0.03987 -0.00783  0.00592  0.03526
0.010000  0.01359  0.00011  0.00710  0.00364  0.04121
0.010000  0.02083 -0.00598  0.01329 -0.00055  0.01844
0.010000 -0.02179 -0.02551 -0.01697 -0.01998 -0.02043
0.010000 -0.03250 -0.00404 -0.00993 -0.02676 -0.07335
0.010000 -0.06917 -0.06515 -0.01589 -0.01569 -0.02987
0.010000 -0.00565 -0.00792  0.00593  0.00458 -0.00546
0.010000  0.01237  0.00642  0.01743  0.00592 -0.00410
0.010000  0.01057 -0.04042 -0.01242  0.00417  0.01824
0.010000  0.00296  0.02646  0.00201 -0.00507  0.00507
0.010000 -0.02074 -0.01121 -0.00682 -0.00232  0.03359
0.010000  0.00119 -0.01044 -0.00729  0.00222  0.01517
0.010000 -0.01356 -0.00084 -0.00216 -0.00516  0.00535
0.010000  0.02637  0.03135  0.02386  0.00114 -0.00858
0.010000  0.01610  0.01472  0.01630  0.00723 -0.01067
0.010000 -0.01124 -0.00104 -0.01466 -0.00440 -0.03944
0.010000  0.02920  0.00654  0.00206 -0.01183 -0.00004
0.010000 -0.00767 -0.01780 -0.00744 -0.00670 -0.04597
0.010000 -0.02522 -0.02527 -0.00353 -0.00469 -0.05164
0.010000 -0.00978 -0.00354 -0.01559 -0.01242 -0.01758
0.010000 -0.02648 -0.01005 -0.01214 -0.00296 -0.01756
0.010000 -0.03082 -0.02851 -0.01769 -0.01084 -0.00292
0.010000  0.02466  0.01585 -0.00059 -0.01937 -0.04031
0.010000 -0.04471 -0.06340 -0.01886 -0.01799 -0.05537
0.010000  0.00704 -0.01603  0.02480  0.00392 -0.02426
0.010000  0.00059  0.01811  0.01031 -0.01363 -0.00912
0.010000 -0.04144 -0.00549 -0.02254 -0.01022  0.00598
0.010000  0.00998  0.00126 -0.00342 -0.01300 -0.03103
0.010000 -0.00632 -0.00335 -0.01084  0.00089 -0.03477
0.010000 -0.00061 -0.03832 -0.00968 -0.00616  0.04101
0.010000  0.00178 -0.00017 -0.01042 -0.00471 -0.03405
0.010000 -0.00001 -0.00317  0.00958  0.00608  0.01314
0.010000  0.01484  0.02349  0.02024  0.00793  0.04345
0.010000  0.04414  0.01203  0.01674 -0.00241 -0.04032
0.010000  0.05020  0.00846  0.00189  0.00702  0.05245
0.010000 -0.05503 -0.03829 -0.02447 -0.02675 -0.02536
0.010000  0.03878  0.03313  0.01404  0.00634 -0.00194
0.010000  0.00880  0.00242  0.01907 -0.00920 -0.04456
0.010000  0.01740  0.01113  0.01377  0.00290  0.02134
0.010000  0.00939  0.02005  0.00887  0.00593 -0.01999
0.010000  0.03690  0.05668  0.01856 -0.00180 -0.01118
0.010000 -0.03873 -0.03875 -0.01541 -0.02330 -0.03174
0.010000 -0.01437  0.01674  0.00322  0.00282 -0.02649
0.010000  0.01298 -0.01583  0.01166  0.00210  0.02978
0.010000  0.00471  0.00838 -0.00361  0.00412 -0.04768
0.010000 -0.02402 -0.04839 -0.00910 -0.01232  0.02984
0.010000 -0.00836 -0.00169 -0.00746 -0.02311 -0.04392
0.010000  0.03256  0.01494  0.02183  0.00124  0.04805
0.010000 -0.00699  0.00504 -0.01278 -0.01572 -0.03300
0.010000 -0.00906  0.00462 -0.00295 -0.00413  0.01926
0.010000  0.00646  0.03344  0.01829  0.00569 -0.04226
0.010000  0.03529 -0.06164  0.00509 -0.00081  0.02707
0.010000  0.02156  0.03848  0.03450  0.00248  0.00533
0.010000 -0.02927 -0.02683 -0.00989 -0.00766 -0.00391
0.010000  0.00763  0.00359  0.01334 -0.00888  0.02550
0.010000 -0.00435  0.03699  0.00429 -0.02131 -0.01800
0.010000 -0.03434 -0.03979 -0.00296 -0.02996 -0.05734
0.010000 -0.01877  0.00313  0.00762 -0.01840 -0.04157
0.010000  0.01874 -0.01521 -0.01221 -0.00410 -0.03504
0.010000 -0.00184 -0.04418  0.00705  0.00330  0.03062
0.010000 -0.00500  0.00149  0.00166 -0.00998 -0.01490
0.010000  0.02550  0.00662  0.00132 -0.00313  0.00301
0.010000  0.03386  0.02534  0.01296  0.00858  0.04017
0.010000 -0.01784 -0.01045  0.00917  0.00246 -0.05576
0.010000 -0.02287 -0.01667  0.01018 -0.00821  0.02165
0.010000  0.01547  0.01266  0.00618 -0.00238  0.03660
0.010000 -0.01200  0.00383 -0.01065 -0.00041  0.02796
0.010000  0.00354 -0.00288 -0.00297 -0.00532  0.00248
0.010000  0.00821  0.01569 -0.00368  0.00455  0.00543
0.010000  0.01675 -0.00551  0.02441  0.00556 -0.00361
0.010000  0.02821 -0.00299  0.00697  0.00843  0.05307
