# Scenario generation method from a paper by Hoyland, Kaut & Wallace
# Code by Michal Kaut (michal.kaut@iot.ntnu.n) & Diego Mathieu

#   prob   var  1   var  2   var  3   var  4   var  5
0.010000 -0.01518 -0.01131  0.00921  0.00419 -0.04104
0.010000  0.00109  0.00279  0.00221 -0.01191 -0.00158
0.010000 -0.00998 -0.00379 -0.00944 -0.01714  0.00310
0.010000  0.01628  0.00583 -0.00003 -0.00420  0.01883
0.010000  0.00005  0.00078  0.00048 -0.05301 -0.01708
0.010000 -0.03197 -0.01448 -0.00663 -0.01999  0.00589
0.010000  0.01028 -0.00754  0.01505 -0.00079 -0.00068
0.010000 -0.00501  0.00438 -0.00405  0.00722 -0.01144
0.010000  0.00211 -0.01299 -0.00681  0.00931 -0.01709
0.010000  0.01147  0.01239 -0.00020  0.02463 -0.01524
0.010000  0.00389 -0.00978 -0.00337  0.02751  0.01830
0.010000 -0.01361 -0.01419 -0.00229 -0.01185  0.01193
0.010000 -0.00188  0.00909 -0.00590 -0.01497 -0.00046
0.010000 -0.01291 -0.00959 -0.00943  0.00758 -0.01773
0.010000 -0.01225 -0.01765 -0.00165 -0.00088 -0.02211
0.010000  0.00415  0.00004  0.00064  0.01473 -0.02947
0.010000 -0.02256 -0.01797 -0.00941 -0.00180  0.01699
0.010000 -0.00466  0.00308 -0.00787 -0.01976  0.00135
0.010000 -0.00685 -0.00596 -0.00199  0.00933 -0.01321
0.010000  0.01106 -0.00102  0.01096  0.00284 -0.04640
0.010000  0.00466 -0.01130 -0.00519  0.00800  0.00375
0.010000 -0.01436 -0.00587  0.00781 -0.02652 -0.03458
0.010000 -0.01050 -0.00654  0.00186 -0.02794 -0.00036
0.010000 -0.00131 -0.01064  0.01354  0.00981 -0.01906
0.010000 -0.00646 -0.00663 -0.00744 -0.02508 -0.00127
0.010000 -0.00306 -0.00352 -0.00751  0.00216 -0.01556
0.010000  0.00797 -0.00539  0.00198 -0.03622  0.01012
0.010000  0.00957 -0.01343  0.00260  0.01267 -0.00723
0.010000  0.00653  0.00142  0.01580 -0.03442 -0.00628
0.010000  0.00890 -0.00650  0.01298 -0.01394  0.02188
0.010000 -0.00022  0.00375 -0.00701  0.02256 -0.00193
0.010000 -0.01939  0.00609 -0.01033 -0.00499  0.02937
0.010000  0.01872  0.01158  0.00280  0.02300 -0.02418
0.010000  0.01238 -0.01024  0.01632  0.00827 -0.02097
0.010000  0.00709  0.01272  0.01100 -0.03285 -0.01962
0.010000  0.01288 -0.00268 -0.00193  0.00193  0.02903
0.010000  0.01191 -0.00369  0.00626 -0.01327 -0.00147
0.010000 -0.00608 -0.01431 -0.00849  0.01665  0.04235
0.010000 -0.01705 -0.01582 -0.00617 -0.00087  0.00987
0.010000 -0.01607 -0.00237 -0.00978 -0.03806 -0.00629
0.010000  0.00858  0.00629  0.00956 -0.01188  0.00604
0.010000  0.00440  0.00264  0.00924 -0.00203 -0.00120
0.010000  0.01467  0.01565  0.00916 -0.03114  0.00046
0.010000 -0.00400 -0.00073 -0.00889 -0.01728  0.01145
0.010000  0.00681 -0.01234  0.01150  0.01151 -0.04305
0.010000  0.02075 -0.00459  0.00550  0.01005 -0.01492
0.010000  0.00237 -0.00009 -0.00274  0.00313 -0.01277
0.010000 -0.00536 -0.01716 -0.00892  0.02627 -0.00784
0.010000 -0.01814 -0.01024 -0.01002  0.02206  0.01060
0.010000  0.00262  0.00024  0.01165  0.00241 -0.02895
0.010000  0.00338  0.00126  0.00314 -0.03362 -0.00145
0.010000 -0.00368 -0.00259  0.01388  0.00831 -0.01143
0.010000 -0.00948 -0.01034  0.00594 -0.00455 -0.01406
0.010000  0.00031 -0.01691 -0.00553 -0.05762  0.02195
0.010000  0.00186  0.00693 -0.00151 -0.04063  0.02888
0.010000  0.00598  0.00814 -0.00078  0.00305  0.00028
0.010000 -0.00725 -0.00288  0.00861 -0.02569 -0.01428
0.010000 -0.00159 -0.00238 -0.00525  0.00837  0.02715
0.010000  0.00571  0.00964 -0.00312 -0.01222  0.01882
0.010000  0.00492 -0.01666 -0.00523  0.02997  0.02863
0.010000 -0.00076 -0.01214 -0.00539 -0.00303  0.01798
0.010000 -0.00217 -0.00591 -0.00768  0.00958 -0.01979
0.010000 -0.01164 -0.01643 -0.00970  0.00360  0.01608
0.010000  0.00287  0.00259  0.00106 -0.00402  0.00639
0.010000  0.01342  0.00609 -0.00124 -0.01206  0.00526
0.010000 -0.00246 -0.01222 -0.00104 -0.02595  0.00916
0.010000 -0.00809  0.00407 -0.00678 -0.04309 -0.00352
0.010000  0.00625 -0.00552  0.00556 -0.00317 -0.01163
0.010000 -0.01106 -0.01776  0.00641 -0.00076 -0.02011
0.010000 -0.04329 -0.00186 -0.01078 -0.03560  0.01600
0.010000 -0.00337  0.00404  0.00679 -0.00186 -0.01049
0.010000  0.00083 -0.01099 -0.00658  0.00069 -0.00694
0.010000  0.01541  0.00051  0.01737  0.00310 -0.04137
0.010000 -0.00571 -0.01754 -0.00241  0.01968 -0.00194
0.010000  0.00518 -0.00369  0.00306 -0.03098 -0.00982
0.010000 -0.00104 -0.00771  0.00040  0.01108  0.00110
0.010000 -0.02471 -0.01900 -0.00799 -0.00662  0.00998
0.010000  0.00767  0.00455  0.00188  0.00717 -0.01649
0.010000  0.00923 -0.00750  0.00526 -0.01208 -0.00017
0.010000  0.01734 -0.00483  0.01403  0.01295 -0.00784
0.010000 -0.02758 -0.00110 -0.00342 -0.00922 -0.02755
0.010000 -0.00900 -0.01200 -0.00620  0.01597 -0.01595
0.010000  0.00738 -0.00738  0.01066 -0.00360 -0.00328
0.010000 -0.00766 -0.00071 -0.00238 -0.00920 -0.02013
0.010000  0.01066  0.01446  0.00099 -0.00558 -0.01509
0.010000  0.01401 -0.01184  0.00338  0.00721  0.00643
0.010000 -0.00276 -0.01806  0.00261 -0.01152  0.00192
0.010000  0.00545 -0.00972  0.00999 -0.01763 -0.01438
0.010000  0.00057  0.01232 -0.00738 -0.02523 -0.00250
0.010000  0.00992 -0.01563  0.01733  0.00480 -0.00492
0.010000  0.00160 -0.00190 -0.00715 -0.00342  0.03909
0.010000 -0.00049 -0.00345 -0.00788  0.00242  0.00135
0.010000  0.00135 -0.00561 -0.00058  0.01460  0.00285
0.010000  0.00313 -0.00313 -0.00631 -0.00413 -0.02114
0.010000  0.00364  0.00694 -0.00141 -0.04136  0.00975
0.010000 -0.02083  0.00702 -0.00367 -0.00912 -0.04018
0.010000  0.02578  0.01340  0.01823 -0.05625 -0.01867
0.010000 -0.00433  0.00642 -0.00902  0.01594  0.00042
0.010000 -0.00853 -0.00660 -0.00181 -0.00553 -0.01040
0.010000  0.00827  0.00529  0.00121 -0.01176  0.04621
