# Scenario generation method from a paper by Hoyland, Kaut & Wallace
# Code by Michal Kaut (michal.kaut@iot.ntnu.n) & Diego Mathieu

#   prob   var  1   var  2   var  3   var  4   var  5
0.010000  0.01794  0.01267  0.04888  0.02716  0.07249
0.010000 -0.03549  0.01359 -0.01617  0.05070  0.00110
0.010000 -0.02330 -0.02358 -0.01487 -0.00817  0.05454
0.010000  0.05065 -0.00374  0.01048  0.03676 -0.05080
0.010000 -0.04624 -0.02989 -0.02624 -0.00646 -0.05390
0.010000 -0.01033 -0.00387 -0.01369 -0.00144  0.06433
0.010000  0.07101  0.03199  0.05557  0.05886  0.07875
0.010000  0.01081  0.00378 -0.00492  0.00452 -0.02387
0.010000  0.04772  0.03129  0.02906 -0.00708  0.03214
0.010000 -0.03732 -0.04157 -0.02763 -0.00310 -0.02368
0.010000 -0.01445  0.00331  0.00296  0.00264 -0.03339
0.010000  0.07753  0.09730  0.07473  0.04267  0.01405
0.010000  0.01357 -0.01218 -0.00606 -0.01713  0.05340
0.010000  0.08644  0.04262  0.05574  0.03400  0.08032
0.010000  0.01947  0.00539 -0.00145  0.05845  0.02656
0.010000  0.02431  0.02206  0.00749 -0.00454 -0.00545
0.010000 -0.04363 -0.01743 -0.01225  0.00077  0.05780
0.010000 -0.00928 -0.03020 -0.02184 -0.01903 -0.05584
0.010000 -0.05252 -0.01227 -0.02643 -0.01472 -0.04660
0.010000 -0.01844 -0.01628 -0.02073 -0.01809 -0.04962
0.010000 -0.00385  0.01574  0.03302  0.02992  0.07445
0.010000  0.05385  0.02262  0.02629  0.06538  0.00016
0.010000  0.04003  0.00657  0.00927 -0.01659  0.00782
0.010000  0.05735  0.03192  0.04539 -0.00173  0.07074
0.010000 -0.02711 -0.01379 -0.02193  0.05503 -0.00853
0.010000 -0.02040  0.00426 -0.00639 -0.00561 -0.02183
0.010000 -0.05266 -0.00549 -0.01781  0.01497 -0.04312
0.010000 -0.04826 -0.03466 -0.02716 -0.00858 -0.05141
0.010000  0.03775  0.02914  0.01807 -0.01313  0.00559
0.010000 -0.01942 -0.03000 -0.02326  0.02162 -0.05554
0.010000  0.01218 -0.00964 -0.00607 -0.01378 -0.04357
0.010000 -0.03406 -0.03436 -0.02408  0.00571 -0.03329
0.010000 -0.04710 -0.03868 -0.02785 -0.01609 -0.05607
0.010000 -0.05161 -0.05107 -0.02850 -0.01543  0.00262
0.010000  0.00688 -0.00792  0.00554  0.00891 -0.02179
0.010000 -0.04185 -0.03984 -0.02262 -0.01294 -0.05695
0.010000  0.00817 -0.01437 -0.01022  0.05097 -0.05327
0.010000  0.03153 -0.00720  0.00263 -0.01867 -0.00249
0.010000  0.04499  0.01108  0.03605  0.00815  0.07013
0.010000 -0.00496  0.01382 -0.00746 -0.01142  0.01669
0.010000 -0.02137 -0.00287 -0.00119  0.00844 -0.02327
0.010000 -0.03180 -0.01486 -0.01767 -0.00584 -0.04900
0.010000 -0.05098 -0.01601 -0.01023  0.02505 -0.01353
0.010000 -0.00272 -0.00972  0.00756  0.05320 -0.05012
0.010000 -0.02234 -0.03887 -0.01560  0.01913 -0.05860
0.010000  0.10416  0.06525  0.09498  0.03536  0.07124
0.010000  0.00075 -0.01714 -0.01592 -0.00422 -0.03300
0.010000  0.04243  0.01994  0.03195 -0.00657  0.02082
0.010000  0.03352  0.03889  0.02840  0.07583  0.01464
0.010000  0.00314  0.02244 -0.00177  0.05865 -0.00950
0.010000  0.02780 -0.01730  0.00272 -0.01539 -0.05105
0.010000 -0.01241 -0.01124 -0.01457  0.02896 -0.05054
0.010000 -0.02900 -0.01893 -0.02424 -0.01092 -0.04978
0.010000 -0.04274 -0.03231 -0.02531  0.01607 -0.03217
0.010000 -0.03087 -0.02201 -0.01375  0.00915 -0.02246
0.010000  0.02602  0.00064 -0.00054  0.05607 -0.04838
0.010000 -0.04005 -0.03989 -0.02782 -0.01537 -0.00238
0.010000  0.01645  0.04388  0.03384  0.05878  0.06793
0.010000  0.00194 -0.00391  0.00197 -0.01044  0.07141
0.010000 -0.02426 -0.01021 -0.02193 -0.01544 -0.04188
0.010000 -0.04953 -0.06717 -0.00282  0.02403 -0.06439
0.010000 -0.05238 -0.02079 -0.02714 -0.01137 -0.05015
0.010000 -0.02993 -0.01681 -0.01724  0.00515 -0.05064
0.010000 -0.00822 -0.00197 -0.00267  0.02174  0.05437
0.010000 -0.00714 -0.01029 -0.00929 -0.01382  0.06781
0.010000 -0.01545 -0.01675 -0.01748 -0.01579 -0.00931
0.010000 -0.03457 -0.02072 -0.02366  0.04438  0.03555
0.010000 -0.03273 -0.02790 -0.02619 -0.01754  0.04912
0.010000 -0.01745 -0.02437 -0.02287 -0.00830 -0.02675
0.010000  0.03558  0.00641  0.01551 -0.00768  0.07213
0.010000  0.06575  0.02486  0.06903  0.04308  0.00556
0.010000  0.00561  0.00860  0.00220 -0.01067  0.07600
0.010000  0.02104  0.01264  0.04041  0.06999 -0.02770
0.010000  0.02963  0.01217  0.01866 -0.01059  0.01691
0.010000 -0.03823 -0.02226 -0.02503  0.02913  0.04071
0.010000 -0.04538 -0.02869 -0.01027  0.00463 -0.05139
0.010000  0.01499 -0.00238  0.04959  0.06518  0.04553
0.010000 -0.03365 -0.03232 -0.02515  0.00686 -0.05570
0.010000 -0.02522 -0.02534 -0.01640  0.05849 -0.00513
0.010000 -0.00158 -0.00851 -0.01161  0.04010 -0.04992
0.010000 -0.04874 -0.05675 -0.02842 -0.01462 -0.05994
0.010000 -0.01138  0.02085  0.02207  0.07892  0.06859
0.010000  0.02265  0.00341 -0.00011 -0.01689  0.06522
0.010000 -0.04095 -0.02915 -0.02671 -0.01666 -0.05362
0.010000 -0.03914 -0.04431 -0.01964 -0.00177 -0.05819
0.010000 -0.00042 -0.00891 -0.00873  0.01955 -0.04830
0.010000 -0.00606 -0.05039 -0.00489  0.00574 -0.05384
0.010000 -0.05131 -0.02195 -0.02475 -0.01196 -0.05026
0.010000 -0.02617 -0.00450 -0.01210 -0.00595  0.00310
0.010000 -0.01343 -0.00662  0.00987  0.08563 -0.00534
0.010000 -0.05028 -0.04097 -0.02810  0.02685 -0.05201
0.010000 -0.01645 -0.01223 -0.00317 -0.00542  0.06823
0.010000 -0.02806 -0.00674 -0.02216  0.01416  0.06106
0.010000 -0.04451 -0.04963 -0.02826 -0.01633 -0.05771
0.010000  0.00948  0.00172 -0.00535  0.00363  0.03820
0.010000  0.06127  0.01284  0.02849  0.03768  0.05044
0.010000 -0.05214 -0.04342 -0.02805 -0.01435 -0.05531
0.010000 -0.04793 -0.03874 -0.00750  0.04675 -0.05677
0.010000  0.00437 -0.01195 -0.01300 -0.01903 -0.04700
0.010000 -0.03641 -0.04030 -0.02580 -0.01680 -0.03768
