# Scenario generation method from a paper by Hoyland, Kaut & Wallace
# Code by Michal Kaut (michal.kaut@iot.ntnu.n) & Diego Mathieu

#   prob   var  1   var  2   var  3   var  4   var  5
0.010000 -0.00295  0.01640  0.01691  0.01477 -0.01207
0.010000 -0.03879 -0.02193  0.03273  0.00655 -0.00771
0.010000  0.00121  0.01273  0.00886  0.00486  0.00548
0.010000  0.02775  0.02384  0.00501  0.02179  0.00227
0.010000  0.01917  0.03658 -0.01062 -0.02230  0.01882
0.010000 -0.03112 -0.03044 -0.02378 -0.02528 -0.04832
0.010000 -0.04092 -0.04193 -0.01904 -0.07087 -0.01871
0.010000  0.02044  0.03406  0.00804  0.02186  0.00316
0.010000  0.01452  0.01908  0.01098  0.02152  0.00855
0.010000 -0.06283 -0.05042 -0.00317 -0.03427 -0.02315
0.010000 -0.02511 -0.01679  0.00859 -0.01465  0.00011
0.010000 -0.02848 -0.01330 -0.01624 -0.00730 -0.02056
0.010000 -0.04203 -0.03887 -0.00528 -0.01670 -0.01431
0.010000 -0.06030 -0.03071  0.02457 -0.04672 -0.03283
0.010000 -0.01788 -0.02729 -0.02093 -0.00096 -0.01542
0.010000  0.02176  0.00245 -0.00618  0.01756  0.00157
0.010000 -0.05431 -0.02763 -0.01292 -0.05902 -0.01852
0.010000 -0.01554 -0.02532 -0.01832 -0.00650  0.00213
0.010000 -0.03293 -0.04926  0.00314 -0.03253 -0.01469
0.010000 -0.02185 -0.00695  0.01115 -0.01454 -0.00532
0.010000 -0.01476 -0.02045 -0.01094 -0.00591 -0.02081
0.010000  0.00294  0.00554 -0.01485  0.00461  0.00526
0.010000 -0.02678 -0.04289 -0.01386 -0.01012 -0.02146
0.010000 -0.00617 -0.02605 -0.02521 -0.03533 -0.00909
0.010000 -0.02105  0.00903  0.00811 -0.01239 -0.01821
0.010000 -0.05810 -0.01387 -0.03829 -0.05683 -0.00122
0.010000  0.01136  0.00253  0.01264  0.01727 -0.00908
0.010000 -0.04960 -0.05113 -0.00160 -0.03376 -0.01885
0.010000 -0.00377 -0.01840  0.00561  0.01238 -0.02768
0.010000  0.00207  0.00086 -0.01985 -0.00298 -0.00675
0.010000 -0.00213  0.03499 -0.01080  0.01078 -0.00124
0.010000 -0.01946 -0.03858  0.02238 -0.01875 -0.01385
0.010000 -0.04318 -0.04136  0.00171 -0.01588 -0.03360
0.010000  0.04175  0.07328  0.00413  0.02166  0.01363
0.010000 -0.02763 -0.01397 -0.01321 -0.01960 -0.00476
0.010000 -0.01089 -0.01259 -0.02653 -0.01358 -0.01869
0.010000 -0.01867 -0.03098 -0.02535 -0.00971 -0.00445
0.010000 -0.03481  0.00295  0.01552  0.00881 -0.00841
0.010000 -0.04820 -0.02339  0.02022 -0.00496 -0.01121
0.010000  0.01239 -0.01619 -0.02977  0.00273 -0.00926
0.010000  0.00746  0.01888 -0.04594 -0.00407  0.00016
0.010000 -0.02428  0.01164 -0.00284 -0.04157 -0.01438
0.010000 -0.00538  0.00046  0.02226 -0.02727  0.00095
0.010000  0.00382 -0.00940 -0.02869 -0.00244 -0.01572
0.010000 -0.01321  0.00328 -0.00617 -0.00348 -0.00186
0.010000  0.02459  0.00857  0.00327  0.02133 -0.01170
0.010000 -0.05612 -0.03750 -0.01085 -0.03603 -0.00840
0.010000  0.00841  0.00722  0.01988  0.01910 -0.01049
0.010000 -0.00776 -0.02518 -0.00493 -0.02900 -0.00544
0.010000 -0.02935 -0.03266 -0.02525 -0.06945  0.00036
0.010000  0.00036  0.04563  0.02217  0.01104  0.00011
0.010000  0.01563  0.04771 -0.02968  0.01747 -0.01487
0.010000 -0.04559 -0.03179 -0.01177 -0.01429 -0.02566
0.010000 -0.01011  0.00192 -0.00428 -0.02438  0.00616
0.010000  0.00937  0.01315  0.00819  0.00040  0.01636
0.010000  0.00561 -0.00460  0.00220  0.01527 -0.02018
0.010000 -0.01710 -0.03417 -0.00185 -0.00565 -0.01882
0.010000 -0.05107 -0.03095 -0.02557 -0.03497 -0.01767
0.010000  0.02612 -0.00173  0.00246  0.01960 -0.00128
0.010000 -0.00933  0.00791  0.03188  0.00820 -0.00239
0.010000  0.03583  0.02144  0.01681  0.02267 -0.00569
0.010000  0.01677  0.01501 -0.00323 -0.00638 -0.00947
0.010000 -0.01399 -0.01554 -0.03253 -0.02961 -0.02256
0.010000 -0.01166 -0.00903 -0.04117 -0.00985 -0.02603
0.010000  0.04597  0.03838 -0.00252  0.02216  0.00345
0.010000  0.00471 -0.01622 -0.01114 -0.01284 -0.01607
0.010000  0.05350 -0.00230  0.00626  0.02058 -0.01682
0.010000  0.01344 -0.02006 -0.01384 -0.00686 -0.00848
0.010000 -0.02265  0.02100  0.02097  0.01563  0.00169
0.010000 -0.03202 -0.03207 -0.00836 -0.04175 -0.02211
0.010000 -0.06583 -0.00691 -0.00443 -0.03346 -0.02485
0.010000 -0.04686 -0.03194 -0.04101 -0.05934 -0.01566
0.010000 -0.02594 -0.01815  0.00239 -0.01140 -0.01247
0.010000 -0.03577 -0.03039 -0.01163 -0.00973 -0.02281
0.010000 -0.03023 -0.04502  0.02305 -0.01492 -0.02703
0.010000  0.02950 -0.01009 -0.01466 -0.00493  0.02303
0.010000 -0.00131 -0.00259 -0.00445  0.01448 -0.03344
0.010000 -0.03676 -0.02839  0.01150 -0.02208 -0.01149
0.010000 -0.02347 -0.03109 -0.03014 -0.03387 -0.00529
0.010000  0.03349  0.02337 -0.01476  0.01874 -0.00566
0.010000  0.00653 -0.00849  0.01001  0.01057 -0.00471
0.010000  0.03140  0.01120 -0.00953  0.02106 -0.01553
0.010000  0.01036  0.01521  0.00139  0.00674  0.01633
0.010000 -0.03776 -0.04237 -0.03065 -0.04062 -0.01942
0.010000 -0.04436  0.00667 -0.00499 -0.05475  0.00931
0.010000 -0.03984 -0.03368 -0.01635 -0.05027 -0.01006
0.010000 -0.03386 -0.00237 -0.01998 -0.04715 -0.00774
0.010000 -0.06970 -0.05226  0.00442 -0.06265 -0.03716
0.010000 -0.01632 -0.00208  0.01720  0.00087 -0.00846
0.010000  0.02314 -0.00280  0.04579  0.02257  0.01685
0.010000  0.03851  0.00277  0.00719  0.00684  0.01421
0.010000 -0.00697  0.01540 -0.02422 -0.03285  0.00312
0.010000 -0.00457 -0.01644  0.01458 -0.00201 -0.00993
0.010000 -0.00048 -0.00824 -0.01972 -0.03174  0.00198
0.010000 -0.01244 -0.01241  0.01210  0.00759 -0.00844
0.010000 -0.05263 -0.04526 -0.01215 -0.02806 -0.01092
0.010000  0.01795 -0.02405 -0.01706  0.00361 -0.01053
0.010000 -0.00854 -0.01700 -0.01092  0.00779 -0.02471
0.010000 -0.02025 -0.01950 -0.00441 -0.01536 -0.01241
0.010000 -0.07626 -0.04897 -0.00698 -0.07550 -0.00792
