# Scenario generation method from a paper by Hoyland, Kaut & Wallace
# Code by Michal Kaut (michal.kaut@iot.ntnu.n) & Diego Mathieu

#   prob   var  1   var  2   var  3   var  4   var  5
0.010000 -0.05407 -0.03696 -0.01998  0.00738 -0.05592
0.010000 -0.03843 -0.03724 -0.02897 -0.01973 -0.01720
0.010000  0.03666 -0.00255  0.00084 -0.00208 -0.04001
0.010000 -0.02021 -0.02718 -0.02101 -0.00305  0.02470
0.010000 -0.00912 -0.03142 -0.02131  0.04187 -0.05867
0.010000  0.01867  0.00030 -0.00374 -0.00617  0.05877
0.010000 -0.03631 -0.03880 -0.02084  0.00625  0.00787
0.010000  0.00645 -0.01914  0.00850  0.06628 -0.05996
0.010000 -0.05241 -0.01697 -0.02556 -0.01354  0.04445
0.010000  0.05427  0.02493  0.03622  0.06451  0.06767
0.010000 -0.01249 -0.01150 -0.01760  0.03576 -0.05629
0.010000  0.01723 -0.00164  0.03368  0.05328 -0.03683
0.010000  0.07994  0.03201  0.05396  0.02701  0.07364
0.010000  0.03481  0.01503  0.01854 -0.00061  0.07184
0.010000 -0.04877 -0.04176 -0.02981  0.02166 -0.05915
0.010000 -0.02777  0.01079 -0.00309  0.01517  0.04300
0.010000 -0.02885 -0.06817 -0.03003 -0.02424 -0.06005
0.010000  0.00904 -0.00128 -0.00506 -0.00800 -0.04006
0.010000 -0.01025 -0.01326 -0.01777 -0.01567  0.06092
0.010000  0.08636  0.04004  0.04047 -0.00087  0.07472
0.010000 -0.05157 -0.01811 -0.01391 -0.00682  0.01182
0.010000  0.01304 -0.00651  0.00170  0.01193 -0.02122
0.010000  0.04925  0.02464  0.01831 -0.00900  0.00723
0.010000 -0.02347 -0.01464 -0.01370  0.01674  0.00083
0.010000 -0.01912  0.00632  0.00658  0.05081  0.06177
0.010000  0.00269 -0.01788 -0.01529 -0.01446 -0.05148
0.010000  0.03127 -0.01071 -0.00022 -0.01849 -0.03342
0.010000 -0.05441 -0.02110 -0.03007 -0.01623 -0.05116
0.010000  0.02791  0.00365  0.00226 -0.01424 -0.00040
0.010000 -0.04264 -0.02152 -0.01757 -0.01033 -0.04963
0.010000  0.05169  0.06377  0.08916  0.04252  0.05930
0.010000  0.02014  0.00175  0.00336  0.03752  0.00155
0.010000  0.09585  0.09264  0.06400  0.02026  0.08310
0.010000 -0.03737  0.00090 -0.01950  0.07162  0.00487
0.010000  0.02315  0.00563  0.00093 -0.00966  0.07178
0.010000 -0.03205 -0.02911 -0.00592  0.00689 -0.04938
0.010000 -0.03525 -0.05209 -0.03014 -0.00033  0.00707
0.010000 -0.02670 -0.02809 -0.02211  0.01151 -0.05404
0.010000  0.06311  0.04509  0.05110  0.01020  0.03986
0.010000 -0.03099 -0.01906 -0.00602  0.00265  0.05917
0.010000 -0.04778 -0.02706 -0.03000 -0.01700 -0.04757
0.010000  0.01442 -0.00498 -0.00735 -0.01101  0.06569
0.010000 -0.00216 -0.00643 -0.00900  0.06029 -0.05837
0.010000 -0.02563 -0.00744 -0.01797 -0.00038 -0.04990
0.010000  0.05701  0.01180  0.01647  0.00010 -0.00524
0.010000  0.03857  0.00800  0.04712  0.06656 -0.00677
0.010000  0.01036 -0.00895 -0.00891  0.01688 -0.05108
0.010000 -0.03133  0.02936 -0.01217  0.00585 -0.01760
0.010000  0.04054  0.02497  0.01332  0.04007  0.06637
0.010000 -0.02992 -0.03627 -0.02499 -0.02003 -0.05456
0.010000 -0.04159 -0.00975 -0.02448  0.00409 -0.05004
0.010000 -0.04900 -0.00802 -0.01802 -0.00038 -0.04104
0.010000 -0.05275 -0.03884 -0.03099  0.01336 -0.05297
0.010000  0.04693  0.04804  0.02210  0.06114  0.04212
0.010000  0.00146 -0.01370 -0.00848 -0.01630 -0.01232
0.010000 -0.02130 -0.01851 -0.01847  0.03160 -0.05418
0.010000 -0.02239 -0.01357 -0.01200 -0.00052  0.05853
0.010000 -0.01803 -0.02929 -0.01945 -0.00935 -0.05491
0.010000 -0.00683 -0.00978 -0.00783 -0.01233 -0.01758
0.010000 -0.01472 -0.02496 -0.01504 -0.01699 -0.05189
0.010000 -0.05316 -0.01649 -0.01834  0.00250 -0.04985
0.010000 -0.00334 -0.01641 -0.00531  0.00004 -0.04928
0.010000 -0.01693 -0.02309 -0.01724  0.01692 -0.04002
0.010000 -0.01583 -0.00937 -0.01713 -0.01413 -0.04951
0.010000 -0.03948 -0.00700 -0.01781 -0.01088  0.01008
0.010000 -0.03312 -0.03850 -0.02824 -0.01986  0.03889
0.010000  0.06658  0.02267  0.07882  0.07507  0.06448
0.010000 -0.05380 -0.04141 -0.02111 -0.01252  0.00496
0.010000 -0.00097 -0.01185  0.01118 -0.00398 -0.03511
0.010000  0.00518 -0.00738 -0.00218 -0.00528  0.05933
0.010000 -0.04677 -0.06583 -0.03007 -0.02269  0.00970
0.010000  0.07043  0.02316  0.06655  0.04146  0.03014
0.010000 -0.01361 -0.01054 -0.01114 -0.00842  0.03306
0.010000 -0.05067 -0.02711 -0.02871 -0.01670 -0.04664
0.010000  0.00393  0.00564 -0.00592  0.01314 -0.04672
0.010000  0.04258  0.00975  0.01445  0.00726  0.05515
0.010000  0.04471  0.01391  0.02854  0.03371  0.06928
0.010000  0.02957 -0.00127  0.00332 -0.00570 -0.03307
0.010000 -0.03418 -0.05280 -0.02451 -0.01194  0.02999
0.010000  0.07480  0.05347  0.06053  0.00555  0.07967
0.010000 -0.05425 -0.01609 -0.02788  0.03738 -0.04009
0.010000 -0.00568 -0.01303 -0.01466 -0.01201 -0.03757
0.010000 -0.00798 -0.00209 -0.00214  0.07238  0.02697
0.010000 -0.04575 -0.04578 -0.01998  0.01292 -0.05914
0.010000  0.01169 -0.00506 -0.00699  0.05141  0.04169
0.010000 -0.02455 -0.00925 -0.01877 -0.01397  0.05463
0.010000 -0.00452 -0.01372 -0.01061 -0.01515 -0.00116
0.010000  0.00774 -0.02126 -0.00330 -0.01735 -0.04190
0.010000  0.02470  0.00574  0.02643  0.00326  0.06722
0.010000 -0.04368 -0.05381 -0.03202  0.03130 -0.06373
0.010000  0.01581 -0.03278 -0.01380  0.00282 -0.05803
0.010000  0.02163 -0.00691  0.02688 -0.00667  0.06658
0.010000  0.05994  0.03334  0.02339  0.02199  0.07356
0.010000 -0.04974 -0.02545 -0.02533 -0.01572 -0.05130
0.010000 -0.04472 -0.01886  0.01592  0.00958 -0.03318
0.010000  0.02629  0.01108  0.00984  0.02145 -0.03776
0.010000  0.00024 -0.00836  0.01201  0.01855 -0.03345
0.010000 -0.01137 -0.02518 -0.00747 -0.01545 -0.04886
0.010000 -0.04054 -0.03655 -0.02942 -0.01806 -0.05118
0.010000  0.03301  0.00662  0.00775  0.00740  0.07027
