# Scenario generation method from a paper by Hoyland, Kaut & Wallace
# Code by Michal Kaut (michal.kaut@iot.ntnu.n) & Diego Mathieu

#   prob   var  1   var  2   var  3   var  4   var  5
0.010000 -0.01832 -0.03617 -0.02365 -0.01656 -0.05573
0.010000 -0.02341 -0.00426 -0.02023 -0.01779 -0.05318
0.010000 -0.03301 -0.02678  0.00198  0.00038 -0.05402
0.010000  0.00852 -0.03160 -0.01525 -0.00824 -0.01441
0.010000 -0.02711 -0.04703 -0.02536 -0.01021 -0.00091
0.010000 -0.05122 -0.04445 -0.02557 -0.01121 -0.05930
0.010000 -0.04160 -0.05478 -0.01404 -0.01549 -0.05850
0.010000 -0.04596 -0.04451 -0.02671 -0.01188 -0.03449
0.010000  0.02684 -0.00987  0.01684  0.00740 -0.01527
0.010000 -0.04445 -0.04078 -0.01721  0.03030 -0.02669
0.010000 -0.01952  0.00999 -0.01227 -0.01619 -0.05597
0.010000 -0.04781 -0.04628 -0.02527 -0.01522 -0.05658
0.010000 -0.00501 -0.02381 -0.00523 -0.00965 -0.05058
0.010000  0.02745 -0.00007  0.00741  0.02933 -0.00589
0.010000  0.03619  0.03850  0.04923  0.01802  0.02208
0.010000 -0.04987 -0.00767 -0.01833 -0.01716 -0.05880
0.010000 -0.05216  0.02539 -0.01542 -0.01744 -0.01129
0.010000  0.03524  0.02450  0.03151  0.05590 -0.00451
0.010000 -0.04924 -0.01036 -0.02162 -0.01901 -0.06022
0.010000  0.00549  0.02507  0.00689 -0.00772 -0.00936
0.010000 -0.05201 -0.02899 -0.02047 -0.01814 -0.03994
0.010000 -0.03526  0.00026 -0.02127 -0.01895 -0.00091
0.010000 -0.00473  0.01309 -0.00597 -0.01115 -0.05490
0.010000 -0.01437 -0.00326 -0.00786 -0.01007 -0.03529
0.010000 -0.01031  0.05272 -0.00009 -0.01378  0.02178
0.010000 -0.00187  0.01192 -0.00758 -0.00339  0.00066
0.010000 -0.04937 -0.05223 -0.02071  0.01292 -0.02696
0.010000  0.03668  0.02174  0.01008  0.00245  0.06832
0.010000  0.01314 -0.01163  0.00792  0.01692 -0.01753
0.010000 -0.01553 -0.02580  0.00091 -0.00511 -0.05474
0.010000  0.03986  0.08222  0.07115  0.07939  0.07244
0.010000 -0.03852 -0.02055 -0.02041 -0.01659 -0.05959
0.010000  0.01785  0.01398 -0.00431 -0.00292 -0.04775
0.010000 -0.02589 -0.04918 -0.02209 -0.01554 -0.05659
0.010000 -0.05097 -0.04480 -0.02113 -0.00550  0.05754
0.010000 -0.02216 -0.02619 -0.01943  0.00380  0.02626
0.010000 -0.03957 -0.03552 -0.02699 -0.01634 -0.05697
0.010000 -0.04702 -0.06001 -0.02102  0.00486 -0.05284
0.010000 -0.05218 -0.05485 -0.03269 -0.01953 -0.00077
0.010000 -0.04352 -0.01554 -0.02515 -0.01685 -0.04966
0.010000  0.01159  0.01055  0.00919  0.02520  0.00614
0.010000 -0.03186 -0.01740 -0.01885 -0.01786 -0.05840
0.010000 -0.03745 -0.02902 -0.01661 -0.01751  0.03073
0.010000  0.10926  0.09823  0.08809  0.04970  0.06967
0.010000  0.01470  0.01189  0.00184  0.00303  0.00329
0.010000 -0.05174 -0.05931 -0.02091 -0.01223 -0.05144
0.010000  0.02263  0.02841  0.01419 -0.00163 -0.00072
0.010000  0.02424  0.00023  0.00705  0.00577 -0.02961
0.010000 -0.05140 -0.00525 -0.02266 -0.00601 -0.01093
0.010000  0.04114  0.02156  0.02912  0.02779  0.07317
0.010000 -0.04534 -0.03749 -0.02521 -0.01830 -0.04941
0.010000  0.01005 -0.02613  0.04865  0.01844  0.04993
0.010000 -0.00755  0.02320 -0.00563 -0.01351  0.00495
0.010000 -0.05204  0.00128  0.00986 -0.01234 -0.05092
0.010000 -0.01168 -0.02459 -0.01486 -0.01312  0.03880
0.010000 -0.04257 -0.05209 -0.02472 -0.01614  0.04428
0.010000  0.02138 -0.01239  0.00713  0.00418  0.06580
0.010000 -0.01961 -0.03209 -0.02095  0.01703 -0.03607
0.010000 -0.00894 -0.01339 -0.00060 -0.00059 -0.01108
0.010000  0.01627 -0.02386  0.01650  0.02238  0.01103
0.010000 -0.04791  0.00791 -0.01979  0.01328 -0.03075
0.010000 -0.03637 -0.05863 -0.02981 -0.01035 -0.05941
0.010000 -0.04337 -0.02897  0.00043  0.01014 -0.04741
0.010000  0.03063  0.07404  0.03623  0.00510 -0.03392
0.010000 -0.01303 -0.00594 -0.00527 -0.00637  0.06144
0.010000  0.03928  0.02266  0.01360  0.01231 -0.01348
0.010000 -0.03992 -0.05889 -0.02989 -0.01914 -0.02989
0.010000 -0.02882 -0.02659 -0.02363 -0.01821 -0.02937
0.010000 -0.03069  0.06019  0.00232  0.00909 -0.02753
0.010000 -0.05176 -0.01909 -0.02969 -0.01481 -0.06049
0.010000  0.02904  0.06610  0.02100  0.00408 -0.03193
0.010000 -0.02831 -0.03280 -0.02466  0.00577 -0.02864
0.010000  0.00104  0.02559 -0.00318  0.00319  0.01092
0.010000  0.03804  0.05952  0.03752  0.00837 -0.02897
0.010000  0.03220  0.03898  0.01569  0.00012  0.04411
0.010000 -0.02089  0.00084 -0.00235  0.05819  0.03439
0.010000 -0.05045 -0.06118 -0.03294 -0.01756  0.02890
0.010000 -0.04059 -0.01706 -0.01979 -0.01841 -0.04414
0.010000  0.03374  0.04107  0.01634  0.01632  0.01816
0.010000 -0.00614 -0.01233 -0.01071  0.05052  0.02594
0.010000  0.01944  0.00315  0.00259 -0.00495 -0.02969
0.010000 -0.02951 -0.01918 -0.00477 -0.00280  0.06184
0.010000  0.04034  0.01589  0.01918  0.05073  0.07540
0.010000 -0.03414 -0.03831 -0.01233 -0.01486 -0.01365
0.010000 -0.02466 -0.01657 -0.01558  0.02298 -0.01525
0.010000  0.00700 -0.00633  0.00530  0.01983 -0.00727
0.010000 -0.03526  0.01104 -0.01138  0.00399 -0.01684
0.010000  0.02584  0.02667  0.00996  0.00028 -0.03408
0.010000  0.04153  0.00891  0.01727  0.00747  0.06794
0.010000  0.02103 -0.02671 -0.00290 -0.00322 -0.04764
0.010000 -0.01570 -0.01041 -0.01297 -0.01469 -0.04962
0.010000  0.00400  0.00528  0.00367 -0.00159  0.05538
0.010000  0.00251 -0.01624 -0.00444  0.00233 -0.04462
0.010000 -0.04620 -0.06609 -0.03263 -0.01946 -0.04031
0.010000  0.04127  0.05773  0.02583  0.00551  0.06108
0.010000 -0.05045 -0.05431 -0.02947 -0.01799 -0.04730
0.010000 -0.04855 -0.00820 -0.02508 -0.01812 -0.05318
0.010000 -0.00331  0.01841 -0.00617  0.00651  0.06610
0.010000 -0.00042 -0.02516 -0.00417  0.01345 -0.02917
0.010000 -0.01702 -0.00051 -0.00207  0.07699  0.06210
