# Scenario generation method from a paper by Hoyland, Kaut & Wallace
# Code by Michal Kaut (michal.kaut@iot.ntnu.n) & Diego Mathieu

#   prob   var  1   var  2   var  3   var  4   var  5
0.010000 -0.00215 -0.04291 -0.01914 -0.00737 -0.00318
0.010000 -0.04635 -0.02405 -0.02398 -0.02634 -0.07759
0.010000 -0.01368 -0.04395 -0.02136  0.03033 -0.01206
0.010000 -0.06959 -0.04610 -0.03368 -0.02472 -0.02155
0.010000  0.07076  0.03340  0.01952  0.01198  0.07032
0.010000 -0.05633 -0.03311 -0.02718 -0.03997  0.01168
0.010000  0.05052  0.01356  0.02067  0.03892  0.03362
0.010000  0.06005  0.03909  0.02479  0.07281  0.01874
0.010000  0.04464 -0.01153  0.02876  0.01506  0.02028
0.010000 -0.04395 -0.05196  0.01425 -0.01800 -0.01549
0.010000  0.02078  0.04578 -0.02047  0.01039  0.02445
0.010000  0.02410 -0.00305 -0.00671 -0.00997  0.02418
0.010000  0.04613  0.05516  0.01725 -0.02003  0.00012
0.010000  0.06130  0.05125  0.03196  0.00850 -0.00720
0.010000  0.05527  0.04132  0.04015 -0.01921  0.01898
0.010000  0.03697  0.03214  0.04398  0.05173  0.01496
0.010000  0.06480  0.01916  0.06410  0.04170  0.03421
0.010000 -0.01567 -0.03824  0.03650 -0.04286  0.00340
0.010000 -0.00783  0.02837 -0.02081  0.01677  0.02777
0.010000 -0.07760 -0.05196 -0.02366 -0.01256  0.01715
0.010000  0.04008  0.05764 -0.00183  0.05133  0.04377
0.010000  0.05745  0.05950 -0.00272  0.08150  0.04578
0.010000 -0.03029 -0.03660 -0.02465  0.00613 -0.02982
0.010000 -0.03249 -0.00168 -0.02363 -0.00441 -0.02025
0.010000  0.00518 -0.00976  0.02437  0.01463  0.00568
0.010000  0.07094  0.04277  0.00247  0.05567  0.05028
0.010000  0.03062 -0.00747 -0.00316  0.01677  0.04685
0.010000  0.03540  0.03183  0.00356  0.03065  0.04854
0.010000  0.05475  0.00996  0.00863  0.04101  0.00260
0.010000  0.07052  0.06379  0.01172  0.04171  0.01529
0.010000  0.04521  0.00724  0.01854  0.05998  0.02732
0.010000 -0.01171  0.01966 -0.02946 -0.04169 -0.00308
0.010000 -0.05428 -0.02256 -0.02148 -0.05205 -0.02483
0.010000  0.05876  0.05320  0.03766  0.02341  0.02978
0.010000 -0.04326 -0.02096 -0.00822 -0.05252 -0.02842
0.010000 -0.00976  0.00036 -0.01528 -0.02219  0.01168
0.010000  0.04907  0.06048  0.01724  0.04533 -0.03664
0.010000 -0.03471 -0.04923 -0.02281 -0.04887 -0.02607
0.010000  0.07003  0.06814  0.03387  0.02211  0.05383
0.010000  0.01051 -0.03267 -0.01287  0.02134 -0.00412
0.010000 -0.05126 -0.04626 -0.00302 -0.04406  0.00943
0.010000  0.04761 -0.00209 -0.00140  0.05650  0.01926
0.010000 -0.02599  0.02025 -0.00505  0.00547  0.00919
0.010000  0.06781  0.06786  0.02357  0.03457  0.03936
0.010000  0.06866  0.01921  0.05635  0.02342  0.06871
0.010000  0.06251  0.03157  0.03741  0.05448  0.04080
0.010000 -0.05377 -0.02750 -0.02248 -0.02496 -0.04048
0.010000  0.02575  0.01695 -0.00967  0.00793  0.01326
0.010000  0.06515  0.06016  0.03729  0.00986  0.02818
0.010000  0.00697 -0.00925 -0.01992  0.03300  0.00836
0.010000 -0.05892 -0.05001 -0.02877 -0.04616 -0.01916
0.010000  0.06587  0.03147  0.01783  0.05903  0.05080
0.010000  0.02738 -0.00423  0.01598  0.02867  0.02293
0.010000  0.00155  0.00859 -0.01108  0.00312  0.02380
0.010000  0.04161  0.06190  0.03151  0.05934  0.04577
0.010000  0.02578 -0.02726 -0.00634  0.00439  0.02225
0.010000 -0.06156 -0.02585 -0.02936 -0.00713 -0.02659
0.010000  0.01399  0.04318 -0.01098  0.05710 -0.00104
0.010000 -0.06422 -0.04884 -0.03341 -0.05431 -0.03701
0.010000  0.06130  0.05194  0.05161  0.01504  0.04500
0.010000  0.02901 -0.01941  0.00347  0.03866  0.01911
0.010000  0.01910 -0.00888  0.04457 -0.02159 -0.01444
0.010000 -0.03926 -0.04195  0.02275 -0.04442 -0.06880
0.010000  0.01226  0.02802  0.03677  0.02529  0.01486
0.010000 -0.07481 -0.02134 -0.03313 -0.05442 -0.04373
0.010000 -0.04159 -0.03597  0.04604 -0.03534 -0.00331
0.010000  0.03382  0.02794  0.00430  0.06346  0.05042
0.010000 -0.03697 -0.02414  0.00512 -0.02200  0.03429
0.010000  0.07084  0.06805 -0.00504  0.04290  0.03795
0.010000 -0.01769  0.02664  0.02112 -0.00757 -0.02661
0.010000 -0.00592 -0.02319 -0.01235  0.01471  0.01572
0.010000 -0.01973 -0.00476 -0.00218 -0.04969 -0.05828
0.010000  0.00875  0.02428 -0.01512  0.02001 -0.03195
0.010000  0.02245 -0.01002  0.01924  0.00755  0.04989
0.010000 -0.04878 -0.05177 -0.00131 -0.02699 -0.00288
0.010000  0.06687  0.03312  0.03153  0.05060  0.07695
0.010000  0.05195  0.03565  0.03689  0.01953  0.05114
0.010000  0.01741  0.00924  0.00368  0.01549  0.01087
0.010000  0.06765  0.06598  0.08638  0.03346  0.07608
0.010000 -0.00029 -0.03449  0.03634 -0.01884 -0.01236
0.010000  0.03853 -0.00826  0.04150  0.02473  0.04274
0.010000  0.05611  0.06172  0.08982  0.01365 -0.00110
0.010000 -0.07717 -0.05205  0.00719 -0.00119  0.00985
0.010000 -0.07990 -0.04394 -0.03403 -0.05534 -0.02274
0.010000  0.06368  0.00080  0.05458  0.08262  0.07094
0.010000  0.05336 -0.00374  0.03864  0.03244 -0.01311
0.010000 -0.07225 -0.05298 -0.01936 -0.04620 -0.02191
0.010000 -0.07908 -0.05255 -0.00657 -0.06320 -0.06421
0.010000  0.04313  0.04740  0.02101 -0.01463  0.03546
0.010000 -0.02179  0.01120 -0.00457 -0.02001  0.00277
0.010000  0.06940  0.02120  0.04134  0.05504  0.03802
0.010000  0.07024  0.00863  0.02221  0.01628  0.08029
0.010000 -0.00402 -0.01247 -0.02654  0.03293 -0.01176
0.010000 -0.02387 -0.02537 -0.02975 -0.02846 -0.01323
0.010000  0.06926  0.05322  0.06773  0.09478  0.07005
0.010000 -0.06690 -0.05010 -0.03336 -0.01326 -0.06621
0.010000  0.03223  0.02307  0.04617  0.01939  0.03115
0.010000  0.01571  0.04912  0.00644  0.03139  0.04125
0.010000 -0.02812  0.00295 -0.00171  0.01796 -0.00893
0.010000  0.00337  0.00153 -0.01134  0.02558  0.03454
