# Scenario generation method from a paper by Hoyland, Kaut & Wallace
# Code by Michal Kaut (michal.kaut@iot.ntnu.n) & Diego Mathieu

#   prob   var  1   var  2   var  3   var  4   var  5
0.010000 -0.04119 -0.03188 -0.00166 -0.01525  0.01664
0.010000  0.02490  0.01605  0.02942  0.03189  0.02396
0.010000 -0.02632 -0.02893 -0.02663 -0.01390  0.03834
0.010000  0.00796  0.01272  0.00623  0.01060 -0.00295
0.010000 -0.01000  0.00084  0.00424  0.01033 -0.01410
0.010000 -0.00907 -0.01267 -0.00844 -0.00574 -0.02498
0.010000 -0.00595 -0.02443 -0.01279 -0.00761 -0.01254
0.010000  0.00958  0.01312 -0.00655  0.00265 -0.01479
0.010000  0.01543  0.01216  0.01026  0.01091 -0.00667
0.010000  0.00644 -0.01094 -0.00456 -0.00269 -0.02909
0.010000  0.00406  0.01157 -0.01680 -0.01010 -0.02458
0.010000 -0.02057 -0.01762 -0.01860 -0.01604 -0.03452
0.010000  0.01014  0.01068 -0.00366  0.00424 -0.01522
0.010000 -0.01921 -0.01375 -0.01958  0.00493 -0.02411
0.010000 -0.02280 -0.00132 -0.02573 -0.01224 -0.02914
0.010000  0.00596  0.00646  0.00814  0.01242 -0.00622
0.010000  0.01072  0.00249 -0.00209 -0.00123  0.00112
0.010000  0.00500  0.00475  0.05531  0.04593  0.00240
0.010000  0.00049  0.01173 -0.00431  0.00556  0.01434
0.010000 -0.01559 -0.01742 -0.01175 -0.01842 -0.03629
0.010000 -0.03593 -0.01743 -0.01293 -0.00539 -0.00174
0.010000  0.02151  0.00244  0.02602  0.02446  0.03520
0.010000  0.00360  0.00045 -0.00475 -0.00164  0.01573
0.010000  0.00181 -0.01575  0.00630  0.00814 -0.01063
0.010000 -0.02128 -0.00837 -0.02059 -0.01717 -0.01264
0.010000 -0.01344  0.00097 -0.01652 -0.01334 -0.03268
0.010000  0.02302  0.01468  0.00145  0.01912 -0.04989
0.010000  0.00225 -0.00287  0.00793 -0.00609  0.01723
0.010000 -0.05538 -0.03129 -0.02936 -0.03196 -0.00701
0.010000  0.00137  0.00577  0.00155 -0.01626  0.00999
0.010000 -0.00508  0.00897 -0.00489  0.00039  0.00601
0.010000  0.01258  0.00582  0.08685  0.07633  0.08768
0.010000 -0.00252  0.00057 -0.00728 -0.00889  0.01013
0.010000  0.02748  0.00727  0.01327  0.00785 -0.00493
0.010000 -0.00861 -0.00393 -0.00575  0.00352 -0.01479
0.010000 -0.01988 -0.00013 -0.02565  0.00786 -0.03955
0.010000 -0.03237 -0.02943 -0.01280 -0.01030 -0.02730
0.010000 -0.02734 -0.01086 -0.00157  0.01086  0.01513
0.010000 -0.03402 -0.01370 -0.01134 -0.00210  0.02129
0.010000 -0.04547 -0.02840 -0.03465 -0.05081  0.00806
0.010000 -0.00080 -0.00221 -0.00013  0.00636 -0.00105
0.010000 -0.01794 -0.00133 -0.01633 -0.00903 -0.00341
0.010000 -0.01143 -0.00523 -0.01709 -0.01493 -0.00486
0.010000  0.01908 -0.01269  0.03294  0.01902 -0.02047
0.010000  0.01711  0.00702  0.01450  0.04106 -0.02285
0.010000 -0.00551 -0.00481  0.00564 -0.00472  0.03975
0.010000  0.01324 -0.00510  0.00652  0.00584 -0.03136
0.010000 -0.00380 -0.02040  0.00957  0.00333  0.01257
0.010000 -0.02843 -0.01860 -0.02756 -0.02863 -0.00982
0.010000 -0.00037  0.00532  0.00566  0.01379  0.05718
0.010000 -0.00294 -0.01494 -0.01789 -0.01167 -0.05443
0.010000 -0.01504 -0.00570 -0.01442 -0.00962  0.00709
0.010000 -0.02203 -0.02637 -0.02193 -0.02271 -0.03359
0.010000  0.00453 -0.00463  0.02145  0.01229  0.00013
0.010000 -0.01396 -0.01888  0.00940  0.00487  0.00654
0.010000 -0.00638  0.00662 -0.01484 -0.00490 -0.03123
0.010000 -0.03092 -0.03105 -0.01959 -0.02398 -0.02500
0.010000 -0.02446 -0.03029  0.01629  0.00058  0.04942
0.010000  0.00270 -0.01460 -0.00134 -0.00896 -0.00898
0.010000 -0.00727  0.00390 -0.01399 -0.01414  0.02159
0.010000 -0.01192 -0.01426 -0.00783 -0.00411 -0.01718
0.010000  0.01194  0.00631  0.01130  0.00417 -0.00916
0.010000 -0.01242 -0.00935 -0.00342 -0.00159  0.00192
0.010000  0.00093 -0.00757 -0.00554  0.00407 -0.01590
0.010000 -0.01674 -0.02971 -0.00933 -0.00517  0.00236
0.010000  0.01624 -0.00904  0.00134  0.00244 -0.02755
0.010000 -0.00123  0.00988 -0.01917 -0.01462 -0.00568
0.010000 -0.00682 -0.01379  0.03316  0.03240  0.02237
0.010000 -0.03823 -0.02250 -0.02776 -0.03896  0.00527
0.010000 -0.00771 -0.01061 -0.01041 -0.01793 -0.01746
0.010000 -0.01293 -0.00525 -0.00389 -0.00633  0.00653
0.010000  0.00694  0.00101  0.00980  0.01209 -0.01949
0.010000  0.00745 -0.01584  0.03269  0.00933  0.02596
0.010000  0.01805  0.01510  0.03930  0.03538  0.00949
0.010000 -0.01095  0.00521 -0.01490 -0.00949 -0.01004
0.010000 -0.00209 -0.00701 -0.00229 -0.00347 -0.01633
0.010000 -0.00422  0.00512 -0.02536 -0.03887  0.01436
0.010000 -0.00166  0.00363 -0.01092 -0.00550  0.02594
0.010000  0.00006  0.00841 -0.01046  0.00092 -0.03114
0.010000 -0.01450  0.00363 -0.00227  0.00312  0.01369
0.010000 -0.00465 -0.01393  0.00189  0.00407 -0.00393
0.010000  0.01466 -0.00568  0.04552  0.02555  0.05152
0.010000 -0.02361 -0.00412 -0.02076  0.00316 -0.01421
0.010000 -0.00953 -0.02316  0.00720 -0.00902  0.01206
0.010000  0.01393  0.00949  0.03382  0.01479  0.02417
0.010000  0.00315 -0.00483  0.01814  0.00807  0.00085
0.010000 -0.01616 -0.01953 -0.01538 -0.00634 -0.03046
0.010000  0.03284  0.01658  0.03964  0.03340  0.00969
0.010000  0.00903 -0.00112  0.00765  0.02201 -0.02055
0.010000 -0.02962 -0.03151 -0.01970 -0.03060 -0.01818
0.010000 -0.01857 -0.01597 -0.01577 -0.00268 -0.03320
0.010000 -0.00816 -0.01549 -0.01842 -0.00590 -0.03069
0.010000  0.01132 -0.00405  0.01795  0.08165  0.01765
0.010000 -0.01047  0.00518  0.02882  0.04950  0.04036
0.010000  0.00849 -0.01304  0.00136 -0.00447  0.01402
0.010000 -0.02536 -0.02588 -0.02352 -0.03029 -0.04535
0.010000  0.00547  0.00386  0.00030  0.01141 -0.02429
0.010000 -0.01733 -0.02951 -0.01921 -0.04154 -0.02370
0.010000 -0.00337  0.00411 -0.00051  0.01731  0.00774
0.010000  0.02022  0.00976  0.01752  0.02161 -0.01319
