# Scenario generation method from a paper by Hoyland, Kaut & Wallace
# Code by Michal Kaut (michal.kaut@iot.ntnu.n) & Diego Mathieu

#   prob   var  1   var  2   var  3   var  4   var  5
0.010000  0.00885  0.05837  0.02700 -0.00272 -0.03671
0.010000 -0.01483 -0.02487 -0.01626  0.00711  0.00624
0.010000 -0.03588 -0.01095 -0.01023 -0.01056 -0.02707
0.010000 -0.03404  0.00408 -0.01413 -0.01218 -0.04595
0.010000 -0.02460 -0.00938  0.00040  0.02877 -0.03319
0.010000 -0.00297 -0.01451  0.00105  0.00941  0.05297
0.010000 -0.03877 -0.02993 -0.02992 -0.01593 -0.05963
0.010000  0.07139  0.02401  0.03000  0.01743  0.06824
0.010000 -0.02625 -0.01642 -0.01877 -0.01160 -0.03314
0.010000 -0.02963 -0.04135 -0.01721 -0.01097 -0.02610
0.010000 -0.04185 -0.04651 -0.02820 -0.01376 -0.01909
0.010000  0.00995  0.00557 -0.00863  0.00920  0.02010
0.010000 -0.03779 -0.03899 -0.01834  0.00708 -0.02341
0.010000 -0.03313 -0.03226 -0.02091 -0.01461 -0.05825
0.010000 -0.00563 -0.02310 -0.01622 -0.01217 -0.04196
0.010000  0.05153  0.04508  0.02617  0.00379  0.01237
0.010000 -0.05515 -0.03911 -0.01961 -0.01215 -0.05779
0.010000  0.02143 -0.01774  0.05305  0.07729  0.07672
0.010000 -0.03224 -0.02391 -0.02262  0.01294  0.00728
0.010000 -0.00022  0.04422  0.02648  0.05552  0.05043
0.010000  0.02976  0.02234  0.01448  0.01292  0.02365
0.010000 -0.00906  0.00153 -0.00599 -0.01111 -0.01693
0.010000 -0.00475  0.03365 -0.00311  0.00449  0.01434
0.010000  0.04118  0.04402  0.01227  0.08097  0.07094
0.010000 -0.03495 -0.01642 -0.01333  0.02225 -0.03648
0.010000  0.01998  0.02644  0.00426  0.00815  0.04000
0.010000 -0.04293 -0.04686 -0.01107 -0.00409 -0.05263
0.010000 -0.05184 -0.07741 -0.03425 -0.00641 -0.05070
0.010000  0.02294 -0.00864 -0.00057 -0.00272  0.00254
0.010000 -0.00736 -0.01591 -0.01062  0.00318 -0.00979
0.010000  0.01109  0.01878 -0.00061 -0.00813 -0.03317
0.010000  0.00072  0.00183 -0.00609 -0.00360  0.03229
0.010000 -0.01156 -0.03260 -0.01541 -0.01169 -0.04683
0.010000 -0.02878 -0.02581 -0.01170  0.05650  0.02567
0.010000 -0.04521 -0.04419 -0.02219 -0.00529 -0.05679
0.010000  0.02452  0.05869  0.02362 -0.00338 -0.00820
0.010000  0.01345  0.02915  0.00612 -0.00767 -0.04420
0.010000  0.01594  0.00433  0.02133  0.02538  0.04043
0.010000 -0.06505 -0.03192 -0.03337 -0.01705 -0.06613
0.010000  0.03850  0.06273  0.02262  0.03416  0.05836
0.010000 -0.02296 -0.04297 -0.00739 -0.00876 -0.04843
0.010000 -0.05343 -0.06324 -0.03297 -0.01594 -0.04970
0.010000 -0.00387 -0.02766  0.00783 -0.00133 -0.01243
0.010000 -0.01646 -0.01328 -0.00526 -0.00597 -0.04570
0.010000 -0.01073 -0.02434 -0.01632 -0.01214 -0.04703
0.010000 -0.04766 -0.04222 -0.02844 -0.01610 -0.03707
0.010000 -0.02542 -0.04749 -0.01904 -0.00893 -0.04374
0.010000  0.04758  0.02225  0.00856 -0.00171  0.01609
0.010000 -0.03049 -0.02607 -0.01686  0.01184 -0.03301
0.010000  0.00776  0.02263 -0.00340  0.04995  0.05993
0.010000  0.09204  0.03711  0.08978  0.05188  0.01621
0.010000 -0.03977  0.04435 -0.00249 -0.01537 -0.06187
0.010000 -0.00650 -0.01075 -0.00163  0.01189  0.04027
0.010000  0.01225  0.02150  0.00548  0.01467  0.01528
0.010000  0.00265 -0.02635 -0.01167 -0.00667 -0.00943
0.010000  0.00464  0.00587  0.03627  0.00915  0.03232
0.010000 -0.02214 -0.02425 -0.02075 -0.01432 -0.04718
0.010000 -0.02132 -0.04978 -0.01198 -0.00966  0.00125
0.010000 -0.00207 -0.01776 -0.00984  0.00185 -0.02507
0.010000 -0.04405 -0.02473 -0.01068  0.01681 -0.04890
0.010000 -0.01320 -0.03127 -0.01305  0.03407  0.03074
0.010000 -0.01238  0.00019 -0.00975 -0.01132 -0.04353
0.010000  0.04418  0.02045  0.02502  0.01864  0.06142
0.010000 -0.02051  0.00426 -0.01146 -0.01397 -0.05708
0.010000 -0.03136 -0.00271 -0.01538 -0.01093 -0.00255
0.010000  0.03171  0.10183  0.03624  0.01032 -0.03705
0.010000 -0.01808 -0.03470 -0.01984 -0.01118 -0.01529
0.010000 -0.01727 -0.05469 -0.02486 -0.01161 -0.03384
0.010000 -0.05706 -0.00241 -0.01911 -0.01681 -0.04639
0.010000  0.00364 -0.00731  0.00073  0.00595 -0.02452
0.010000  0.06247  0.06066  0.03984  0.01042  0.06562
0.010000 -0.05922 -0.02201 -0.00846 -0.01454 -0.06203
0.010000 -0.01970 -0.03004 -0.01660 -0.01228 -0.03851
0.010000  0.01467  0.00557  0.01012  0.01027 -0.01304
0.010000 -0.00989  0.01760  0.00772  0.01859 -0.01051
0.010000  0.03380  0.08180  0.03018  0.03230  0.00982
0.010000 -0.06178  0.00502 -0.00663 -0.01252 -0.04328
0.010000 -0.02709 -0.00456 -0.00986 -0.01185 -0.04093
0.010000  0.02618  0.04004  0.00801 -0.00579 -0.03190
0.010000  0.05632  0.05511  0.06635  0.03197  0.06684
0.010000  0.03605  0.00884  0.01955  0.00392  0.00694
0.010000  0.02792  0.01073  0.00721 -0.00008  0.04726
0.010000 -0.01564 -0.03533 -0.01597 -0.00170  0.00867
0.010000 -0.00115 -0.03044 -0.01131 -0.00507  0.04859
0.010000 -0.04641 -0.03377 -0.01810 -0.01502 -0.05598
0.010000 -0.03682 -0.04511 -0.02720 -0.01377 -0.04227
0.010000 -0.04898 -0.03722 -0.02515 -0.01596 -0.06174
0.010000  0.00168  0.00799  0.00016 -0.00299 -0.03845
0.010000  0.00670 -0.01545 -0.00889 -0.00631 -0.02687
0.010000  0.01859 -0.00982 -0.00485 -0.00488  0.02094
0.010000 -0.01402  0.02027 -0.00377 -0.01161 -0.05481
0.010000 -0.04080 -0.07062 -0.03323 -0.01521 -0.05459
0.010000 -0.02378 -0.04691 -0.02037 -0.01033  0.03257
0.010000 -0.01889  0.00052 -0.01371 -0.00988 -0.04875
0.010000 -0.05037 -0.01607 -0.01304  0.02751 -0.04388
0.010000  0.00566 -0.02802 -0.01259 -0.00935 -0.00390
0.010000  0.01724  0.00606 -0.00102  0.00881 -0.00234
0.010000 -0.07060 -0.06915 -0.04307 -0.01734 -0.06256
0.010000 -0.00821  0.01085 -0.00738  0.00741  0.01614
0.010000 -0.02793 -0.03810 -0.02130 -0.01342 -0.05544
