# Scenario generation method from a paper by Hoyland, Kaut & Wallace
# Code by Michal Kaut (michal.kaut@iot.ntnu.n) & Diego Mathieu

#   prob   var  1   var  2   var  3   var  4   var  5
0.010000 -0.02049 -0.00115 -0.02641 -0.03240 -0.03533
0.010000 -0.03092 -0.04617  0.00595  0.00465 -0.03904
0.010000  0.00049  0.00152  0.00183  0.01831  0.02470
0.010000 -0.02593 -0.01156  0.00118 -0.00607 -0.02752
0.010000 -0.00244 -0.00338  0.00378 -0.00744  0.06108
0.010000 -0.00524  0.00094  0.01550  0.00647  0.02551
0.010000  0.03082  0.01553  0.00120  0.02545  0.02073
0.010000 -0.01019 -0.00356  0.01045 -0.02196 -0.02785
0.010000  0.04227  0.01977  0.01985  0.01569 -0.02638
0.010000 -0.02683 -0.01022 -0.00643  0.03029 -0.03237
0.010000  0.01086  0.01235 -0.00560  0.00816  0.02599
0.010000 -0.02507 -0.01634 -0.00782  0.00024 -0.03818
0.010000  0.01170  0.00355  0.00523  0.02978  0.00595
0.010000 -0.03804 -0.01984 -0.02080 -0.02268 -0.03421
0.010000 -0.01596 -0.01982  0.00274 -0.00106  0.00792
0.010000 -0.02344 -0.00884 -0.00703 -0.01555  0.00141
0.010000 -0.00011  0.00195  0.01526  0.00311 -0.00129
0.010000 -0.00689 -0.00532 -0.00360  0.00926 -0.03123
0.010000 -0.01719 -0.00580 -0.01888 -0.01245 -0.03573
0.010000  0.08729  0.05097  0.05842  0.08376  0.05812
0.010000  0.02102  0.00939  0.00475 -0.00267 -0.03306
0.010000  0.00630  0.00128 -0.00559 -0.00259  0.00493
0.010000 -0.00909 -0.01348  0.00364  0.00595  0.06320
0.010000 -0.01075 -0.00551 -0.01540 -0.02162 -0.02497
0.010000  0.01858  0.00782  0.01822  0.00764 -0.02018
0.010000 -0.01535 -0.00249  0.00624 -0.01023  0.07726
0.010000  0.02698  0.01563  0.01189  0.01116 -0.01105
0.010000  0.01640  0.00464 -0.00467 -0.00565  0.01036
0.010000  0.02880  0.01540  0.00403 -0.00104 -0.02047
0.010000 -0.07757 -0.07584 -0.02696 -0.03641 -0.03008
0.010000  0.01005  0.00666 -0.00812 -0.00145 -0.03626
0.010000  0.00171  0.00711  0.00816  0.00498  0.05160
0.010000  0.01440  0.00728  0.02922  0.01437 -0.01436
0.010000 -0.02876 -0.05131  0.02378  0.01522  0.00930
0.010000  0.01538  0.00438  0.01096  0.00784 -0.03492
0.010000 -0.03633 -0.02887 -0.03032 -0.03704 -0.03737
0.010000 -0.02267 -0.01334  0.00226 -0.01234  0.01155
0.010000 -0.02424 -0.00649  0.01534 -0.00791  0.07734
0.010000 -0.00186 -0.00134  0.00734 -0.00404  0.01859
0.010000  0.03309  0.02676  0.00494 -0.00108  0.01682
0.010000 -0.01187 -0.00095  0.01590  0.00588 -0.00852
0.010000  0.01257  0.00687  0.02377  0.03250  0.02753
0.010000  0.00702  0.00057  0.05756  0.02487  0.03201
0.010000  0.04680  0.02628  0.01362  0.02607 -0.00768
0.010000 -0.04821 -0.02343 -0.02394 -0.02482 -0.00324
0.010000  0.01976  0.00707  0.05023  0.07158  0.01704
0.010000 -0.03480 -0.02003 -0.03103 -0.03209 -0.03677
0.010000  0.00926  0.00100  0.04453  0.04735  0.01934
0.010000  0.00233  0.00811 -0.02350 -0.01001  0.04281
0.010000 -0.03340 -0.01717  0.00556  0.00387  0.02624
0.010000 -0.02777 -0.01665 -0.01693 -0.00411  0.01383
0.010000  0.06233  0.05442  0.01266 -0.00276  0.00310
0.010000 -0.00634 -0.00909 -0.01022 -0.00413  0.03213
0.010000 -0.00413 -0.00818 -0.00301  0.02350  0.00761
0.010000  0.01347  0.00519 -0.00982 -0.00273  0.03568
0.010000 -0.02192 -0.01351 -0.01251 -0.00846 -0.03162
0.010000  0.02531  0.01441  0.01745  0.00877  0.01243
0.010000 -0.00129 -0.03622  0.04049  0.03643  0.00912
0.010000 -0.01301 -0.00575  0.00387  0.00129  0.02650
0.010000 -0.01359 -0.00877  0.02487  0.01178  0.00184
0.010000 -0.04488 -0.02821 -0.01871 -0.04233 -0.03531
0.010000 -0.00300 -0.00126 -0.01673 -0.00335 -0.03183
0.010000  0.01746  0.00967  0.06542  0.04411  0.05025
0.010000 -0.00357  0.00223 -0.00389 -0.00403 -0.01769
0.010000  0.00426 -0.00062  0.00792 -0.00181 -0.00258
0.010000  0.00774 -0.00179  0.05669  0.04989  0.02509
0.010000 -0.00070  0.00524 -0.00720  0.00255  0.06069
0.010000 -0.01783 -0.00678 -0.02217 -0.03153 -0.01856
0.010000 -0.01476 -0.01386 -0.00606  0.00425 -0.02807
0.010000  0.02235  0.01084  0.04016  0.00810 -0.00193
0.010000 -0.04221 -0.01966 -0.03457 -0.05018 -0.03258
0.010000 -0.01417 -0.00989 -0.00938  0.02197 -0.02260
0.010000  0.03566  0.01834  0.05852  0.01723  0.03934
0.010000  0.00361  0.00460  0.02258 -0.02007  0.02758
0.010000 -0.01244 -0.00758  0.03412  0.00944 -0.00581
0.010000 -0.01980 -0.01190  0.00151 -0.01974 -0.03425
0.010000 -0.01131 -0.02095  0.01150  0.02187 -0.02828
0.010000 -0.03997 -0.04724 -0.00169 -0.00417 -0.03902
0.010000  0.05289  0.02859  0.04362  0.02542 -0.00498
0.010000 -0.00798 -0.00970  0.00612  0.00762  0.03831
0.010000 -0.00964 -0.00399 -0.01787 -0.01898 -0.02204
0.010000  0.00561 -0.00112  0.00173 -0.00289 -0.03777
0.010000  0.00849  0.00886  0.01184  0.00982  0.00034
0.010000 -0.00579 -0.00148 -0.01357 -0.00161  0.00017
0.010000  0.00493  0.00104  0.00056  0.00232  0.03740
0.010000 -0.05266 -0.03911 -0.01941 -0.02797 -0.01508
0.010000 -0.00744 -0.00173  0.00645 -0.01299 -0.01319
0.010000 -0.01847 -0.00178 -0.01421 -0.02442 -0.02884
0.010000  0.03867  0.02033  0.04567  0.02551  0.07433
0.010000 -0.01657  0.00879 -0.03787 -0.04820  0.00593
0.010000  0.00109  0.00628 -0.01427 -0.02341 -0.03377
0.010000 -0.00468  0.00678 -0.00427  0.00132  0.00036
0.010000 -0.00853 -0.00052 -0.02086 -0.01955  0.02574
0.010000 -0.02120 -0.00637 -0.01761 -0.00682 -0.00440
0.010000 -0.02981 -0.01127 -0.00234 -0.00753 -0.02619
0.010000  0.02378  0.01078  0.00376  0.04092 -0.02717
0.010000  0.00296 -0.00844  0.01077  0.01436  0.00415
0.010000 -0.05951 -0.03091 -0.01726 -0.03846  0.00827
0.010000 -0.03212 -0.03269 -0.02194  0.00352 -0.02472
0.010000 -0.01913 -0.00850  0.01891  0.00331 -0.01501
