# Scenario generation method from a paper by Hoyland, Kaut & Wallace
# Code by Michal Kaut (michal.kaut@iot.ntnu.n) & Diego Mathieu

#   prob   var  1   var  2   var  3   var  4   var  5
0.010000 -0.01631  0.01558  0.01341  0.00932  0.00376
0.010000  0.01910  0.04223  0.00392 -0.02332 -0.00227
0.010000 -0.01692  0.01124 -0.00035 -0.00014 -0.03362
0.010000  0.01624  0.01661  0.00977 -0.00634 -0.00184
0.010000  0.01219  0.02230 -0.00663 -0.02098 -0.01758
0.010000  0.02997  0.01709  0.01351  0.07094  0.01071
0.010000  0.00874  0.03108 -0.00740 -0.05599  0.01735
0.010000 -0.02871 -0.03198  0.01071  0.01310  0.00740
0.010000 -0.01139 -0.00435 -0.00270 -0.04707  0.02153
0.010000 -0.01951  0.00198 -0.00528 -0.02089  0.01838
0.010000 -0.00119 -0.03194 -0.00935 -0.04823 -0.00329
0.010000 -0.02339 -0.01077 -0.00576 -0.02334  0.00408
0.010000  0.02127  0.03033  0.00173 -0.02103 -0.01127
0.010000  0.01146  0.05058  0.00620  0.02076 -0.00943
0.010000 -0.03594 -0.02450 -0.01180 -0.06931  0.02304
0.010000 -0.00070  0.00019  0.01236  0.05183 -0.02252
0.010000 -0.00457  0.00871  0.00032 -0.02623  0.01139
0.010000 -0.02096 -0.03007  0.00653 -0.01335 -0.04185
0.010000 -0.02631 -0.01587  0.00197 -0.01232  0.01054
0.010000  0.03999  0.02170 -0.00507  0.02756 -0.00971
0.010000  0.07809  0.08012 -0.00151 -0.04106  0.02232
0.010000 -0.01038 -0.02700 -0.00030  0.00209  0.03109
0.010000  0.05720  0.04554  0.00843 -0.02485  0.02562
0.010000 -0.01883 -0.01127 -0.00115  0.03353 -0.03053
0.010000  0.03685  0.02147  0.01132  0.01931 -0.00646
0.010000  0.02657  0.02914 -0.00373  0.02240 -0.01270
0.010000 -0.00217  0.01855 -0.01106 -0.01274 -0.02859
0.010000  0.00810  0.02435 -0.01175 -0.02238 -0.04545
0.010000  0.00184 -0.03312 -0.00041 -0.00404  0.02253
0.010000  0.00399  0.00267 -0.00356 -0.07669  0.02360
0.010000 -0.00505  0.03194 -0.00015 -0.03487 -0.03188
0.010000  0.00237 -0.01844  0.00181 -0.01490 -0.00683
0.010000 -0.00648 -0.01146  0.00180 -0.02659  0.00446
0.010000 -0.00841  0.02783 -0.00296  0.03572 -0.00277
0.010000  0.03196  0.04751  0.00943  0.00791  0.00640
0.010000 -0.01459 -0.00908 -0.00532 -0.04634  0.02160
0.010000 -0.02022  0.00211  0.01702  0.04555 -0.01327
0.010000 -0.00601 -0.01623  0.01186 -0.01643  0.01317
0.010000 -0.01191 -0.02554 -0.00679 -0.05636 -0.01132
0.010000 -0.01349 -0.02755 -0.00191 -0.00912 -0.01751
0.010000  0.00133  0.00401 -0.00383 -0.03354 -0.00230
0.010000  0.02373  0.01503 -0.00016  0.01811 -0.00537
0.010000  0.01715  0.02208  0.00079  0.03362  0.00720
0.010000 -0.00168 -0.00486  0.00239 -0.02100  0.00725
0.010000  0.00569  0.02637 -0.00165 -0.02130  0.02757
0.010000 -0.01573 -0.01232 -0.01728 -0.04495 -0.02740
0.010000 -0.03011 -0.01425  0.00056 -0.04936 -0.01958
0.010000  0.01810  0.03061  0.00199  0.04159 -0.01728
0.010000 -0.05532 -0.05655 -0.00734 -0.00782 -0.04676
0.010000 -0.00409  0.01441  0.00352  0.03266 -0.01265
0.010000  0.00511  0.00395 -0.01240 -0.05810  0.00463
0.010000  0.00627  0.01286 -0.00516 -0.05086 -0.03096
0.010000  0.00748 -0.01806  0.00888  0.01834  0.01329
0.010000 -0.04361 -0.03561 -0.00709 -0.01502 -0.00719
0.010000  0.00030 -0.00805 -0.00763  0.01892 -0.00402
0.010000 -0.00745  0.00775  0.00494  0.01818 -0.00984
0.010000  0.01075  0.00664  0.01097  0.02880  0.00264
0.010000  0.00687  0.03530  0.00450  0.03471 -0.01762
0.010000 -0.00020  0.01411 -0.01314 -0.02883  0.02556
0.010000  0.01006 -0.01376 -0.00355 -0.05538 -0.02063
0.010000 -0.01515  0.00048 -0.01662 -0.05395  0.00651
0.010000 -0.00361  0.03752  0.00803  0.02050 -0.01932
0.010000  0.00939  0.01559  0.00794  0.00929  0.02889
0.010000 -0.02745 -0.01278 -0.01249  0.01785 -0.03495
0.010000 -0.02254 -0.04552  0.00874 -0.01171  0.02134
0.010000 -0.03361 -0.01787 -0.00888 -0.01237 -0.01339
0.010000 -0.02430 -0.00512 -0.01017 -0.02764  0.01573
0.010000 -0.00553 -0.01406 -0.00046  0.01021 -0.01205
0.010000 -0.01089 -0.03322 -0.00763  0.00597 -0.03737
0.010000 -0.00313  0.02598  0.00158 -0.02268 -0.01342
0.010000 -0.00939 -0.02004  0.00355  0.00768 -0.00842
0.010000  0.04915  0.07725 -0.00222  0.00372 -0.00072
0.010000  0.03422  0.00291  0.00068 -0.00018 -0.00116
0.010000  0.01536  0.00190  0.00291 -0.00666 -0.00179
0.010000  0.00344  0.02401  0.01214  0.07523 -0.03690
0.010000  0.00454  0.06131 -0.00462 -0.04557  0.00888
0.010000  0.02509  0.01410 -0.00257  0.04178 -0.00434
0.010000 -0.02173  0.02252  0.00920  0.01207 -0.01189
0.010000 -0.00793 -0.04822  0.00071  0.01713  0.02085
0.010000 -0.00989 -0.02108  0.00244  0.00050  0.00313
0.010000  0.01453 -0.00168 -0.00083  0.01566  0.01401
0.010000 -0.03172 -0.01389  0.00407  0.01944 -0.00072
0.010000 -0.02527 -0.02493  0.00316 -0.02660  0.00292
0.010000 -0.00265 -0.00969  0.00337 -0.04925  0.00538
0.010000  0.00081 -0.01772 -0.00934 -0.03894 -0.04644
0.010000 -0.01295 -0.01221  0.00921 -0.02419 -0.00367
0.010000 -0.01243  0.01199 -0.00776 -0.04413 -0.00745
0.010000 -0.00890 -0.00823 -0.00268  0.00373 -0.03273
0.010000  0.02246  0.03057  0.01866  0.01898 -0.00441
0.010000  0.04391  0.02290  0.00657  0.03518  0.05340
0.010000  0.02016  0.01572 -0.00117 -0.01788  0.03892
0.010000 -0.03900 -0.03470 -0.00832 -0.01788 -0.04323
0.010000  0.01372  0.02069 -0.00827  0.00721 -0.04175
0.010000  0.01294 -0.00628  0.00670  0.01650  0.00969
0.010000 -0.00696  0.00034  0.00900 -0.03491 -0.00784
0.010000 -0.01754 -0.02422  0.00340 -0.01178 -0.02163
0.010000 -0.01817 -0.04031  0.00377 -0.00297  0.01397
0.010000 -0.01403  0.01420 -0.00109 -0.05999 -0.00198
0.010000  0.02819  0.03877 -0.01567 -0.04088 -0.03162
0.010000  0.00290  0.00657  0.00143 -0.00686  0.01353
