# Scenario generation method from a paper by Hoyland, Kaut & Wallace
# Code by Michal Kaut (michal.kaut@iot.ntnu.n) & Diego Mathieu

#   prob   var  1   var  2   var  3   var  4   var  5
0.010000 -0.00446  0.00904 -0.00869 -0.01261  0.01085
0.010000  0.01042  0.00314  0.03060  0.02101  0.01710
0.010000 -0.01991  0.00203 -0.00837  0.00822 -0.00986
0.010000 -0.02331 -0.01353 -0.00180  0.06372  0.01833
0.010000  0.06285  0.01792  0.01942 -0.00332  0.04931
0.010000 -0.00396 -0.01871  0.00108  0.07377 -0.00843
0.010000 -0.01584 -0.00357 -0.00982  0.00577 -0.00172
0.010000  0.03586  0.02894 -0.00562 -0.01852  0.05332
0.010000 -0.02344  0.00320  0.00333 -0.00427 -0.02018
0.010000 -0.02036 -0.00175 -0.00860 -0.01035 -0.02604
0.010000 -0.00820  0.02092 -0.00911 -0.00530  0.04525
0.010000  0.04546  0.01551  0.00880  0.05400  0.03121
0.010000 -0.01652  0.00975 -0.01040  0.04073 -0.01859
0.010000  0.01192 -0.01088  0.01048  0.08019  0.03818
0.010000 -0.02078 -0.02087 -0.00138  0.07458  0.01693
0.010000 -0.02152 -0.01334 -0.00842  0.03674 -0.02381
0.010000  0.03399 -0.00604  0.02236  0.05839  0.00254
0.010000 -0.01437 -0.01388  0.00179  0.07796 -0.00873
0.010000 -0.02356 -0.00528  0.00447  0.06842  0.06548
0.010000  0.01501 -0.00518  0.00140  0.01431 -0.00381
0.010000 -0.02333 -0.00169 -0.00462  0.01238 -0.00109
0.010000  0.06640  0.02596  0.01892 -0.01183  0.06445
0.010000 -0.00719  0.00642  0.02983 -0.00727  0.00592
0.010000 -0.02265 -0.01180 -0.00933  0.01336  0.00541
0.010000 -0.01836 -0.00373 -0.00604  0.05225  0.01903
0.010000  0.06963  0.02074  0.04173  0.01223  0.04233
0.010000 -0.01974  0.01094 -0.01259 -0.01592  0.01643
0.010000  0.04742 -0.00131  0.01886  0.04987  0.01611
0.010000  0.03214 -0.00170  0.01084  0.06960 -0.01370
0.010000 -0.02215 -0.01826 -0.00013  0.03031 -0.00029
0.010000 -0.01291  0.01628 -0.00550 -0.01118  0.02791
0.010000 -0.01943  0.00688 -0.01204 -0.01341 -0.00620
0.010000 -0.01512  0.00182 -0.00315  0.06023  0.02503
0.010000 -0.01891  0.01075 -0.01251 -0.01132 -0.02612
0.010000 -0.01778  0.00662 -0.01157 -0.01415 -0.00006
0.010000  0.07339  0.03100  0.08397 -0.00434  0.04692
0.010000  0.07234  0.03028  0.01930  0.04489 -0.04216
0.010000  0.00611  0.00668 -0.00727  0.04569  0.00478
0.010000 -0.02117 -0.00166 -0.00990 -0.01051  0.04543
0.010000  0.01822 -0.00047  0.00038  0.04299  0.01076
0.010000  0.06806  0.02417  0.03932 -0.00378  0.03143
0.010000  0.02673  0.02813 -0.00660  0.00462 -0.04626
0.010000  0.06099  0.02200  0.05356  0.03858  0.00914
0.010000  0.06465  0.02356  0.01703  0.01555  0.01925
0.010000 -0.02320 -0.02227  0.01100  0.03405  0.06483
0.010000  0.07414  0.02796  0.02132 -0.00521  0.01148
0.010000  0.04158  0.00535  0.01573  0.07604  0.01806
0.010000 -0.01278  0.01065  0.01122  0.00919  0.03060
0.010000  0.00895 -0.00123 -0.00285  0.06981  0.01166
0.010000  0.01986  0.00109  0.00514  0.06600  0.03924
0.010000  0.04938  0.00979  0.04609  0.02456  0.02329
0.010000  0.07277  0.03055  0.00923 -0.00554  0.03814
0.010000 -0.01013  0.00777 -0.01131  0.02217 -0.06569
0.010000  0.02324  0.01817  0.01424 -0.00820  0.01845
0.010000  0.02154  0.01832  0.00415 -0.01405  0.02981
0.010000 -0.01193 -0.01223 -0.00563  0.01179 -0.02144
0.010000  0.05134  0.00203  0.04631  0.05015  0.05367
0.010000 -0.02185  0.00423 -0.01039 -0.01313  0.01534
0.010000 -0.02242  0.01202  0.00774 -0.00522 -0.00835
0.010000  0.01660  0.00340  0.00274  0.05458  0.00985
0.010000  0.00473  0.00849 -0.00098  0.00175  0.01038
0.010000  0.02851  0.02590 -0.00527 -0.01694  0.01342
0.010000 -0.01359 -0.00469 -0.00184  0.02348  0.00246
0.010000 -0.02121  0.00031 -0.00789 -0.01040 -0.00460
0.010000 -0.02270 -0.00649  0.00433 -0.00245 -0.02846
0.010000  0.03032  0.02457 -0.00006  0.03593  0.01559
0.010000 -0.02353 -0.00016 -0.01115 -0.00899  0.00908
0.010000 -0.00615  0.02368 -0.01352 -0.01952 -0.04675
0.010000 -0.02346 -0.01055  0.00493  0.00489  0.02358
0.010000 -0.01105  0.02131 -0.01313 -0.01076  0.01609
0.010000  0.05910  0.00784  0.02588  0.03916  0.04132
0.010000  0.00081  0.01455 -0.01057 -0.01297 -0.03762
0.010000  0.05525  0.01937  0.04110  0.07036  0.05996
0.010000 -0.02355 -0.01475 -0.00682  0.00626 -0.00711
0.010000 -0.02307 -0.01156 -0.00824  0.04946 -0.02055
0.010000 -0.00043 -0.00262 -0.00412  0.07228 -0.00721
0.010000 -0.00919 -0.01542 -0.00300  0.07744 -0.00579
0.010000  0.00209  0.01063 -0.00714  0.03587 -0.02668
0.010000  0.04352  0.02021  0.01228 -0.01030  0.05386
0.010000  0.02497 -0.00564  0.01357  0.02655  0.04279
0.010000  0.06813  0.01550  0.04751  0.02733  0.01136
0.010000 -0.00282  0.01372 -0.00038  0.01249  0.01301
0.010000 -0.01717 -0.00251 -0.01002 -0.00925 -0.01782
0.010000  0.07425  0.03100  0.02144  0.00054  0.01445
0.010000  0.01448  0.01823  0.00084 -0.01481  0.02394
0.010000 -0.00507  0.01509 -0.01169  0.01156 -0.02267
0.010000  0.05718  0.03033  0.00920 -0.01146  0.06335
0.010000 -0.02305  0.01344 -0.01280 -0.01003 -0.01762
0.010000  0.01345 -0.00628  0.00067  0.01069  0.01979
0.010000 -0.02351 -0.00868 -0.00653  0.02387 -0.01176
0.010000 -0.01728  0.02062 -0.01365  0.00640 -0.03650
0.010000  0.03966  0.03001 -0.00442 -0.01810  0.06568
0.010000  0.00339  0.00409 -0.00200 -0.00936  0.04076
0.010000 -0.02286  0.01858 -0.01400 -0.01871 -0.01753
0.010000  0.00751 -0.00495  0.00360  0.03330  0.02796
0.010000  0.03775  0.00165  0.02202  0.03912  0.01284
0.010000  0.07107  0.03087  0.01238 -0.01263  0.09989
0.010000 -0.02213 -0.00971 -0.00962  0.05361 -0.01866
0.010000  0.05330  0.03055  0.00676 -0.01420  0.03481
0.010000 -0.00164  0.00730  0.00178  0.02524  0.02153
