# Scenario generation method from a paper by Hoyland, Kaut & Wallace
# Code by Michal Kaut (michal.kaut@iot.ntnu.n) & Diego Mathieu

#   prob   var  1   var  2   var  3   var  4   var  5
0.010000  0.00323  0.01677  0.00978  0.01675 -0.01230
0.010000 -0.01724  0.00193  0.00388 -0.01017 -0.01374
0.010000 -0.01169 -0.00010  0.00769 -0.00505  0.01032
0.010000  0.02229 -0.01712 -0.00060  0.03492  0.00960
0.010000 -0.00288 -0.02376 -0.00399  0.01016  0.00567
0.010000 -0.03479 -0.01040  0.00314 -0.04743 -0.00642
0.010000 -0.02670  0.00156  0.01753  0.04979 -0.00794
0.010000  0.03637  0.04089 -0.00813 -0.04570  0.01677
0.010000 -0.00232 -0.00420  0.00226  0.00365 -0.02951
0.010000  0.00436 -0.00729  0.00215 -0.03594 -0.01443
0.010000 -0.00010  0.02243 -0.00554 -0.01440 -0.03339
0.010000 -0.02439 -0.00895 -0.00932 -0.03942 -0.02066
0.010000  0.00100  0.01639 -0.01336 -0.03314 -0.00527
0.010000  0.01801  0.02740 -0.00037 -0.02044  0.01137
0.010000 -0.01234  0.02411 -0.00294  0.00351 -0.01595
0.010000  0.00786  0.02598 -0.01002  0.01028 -0.04295
0.010000  0.01096  0.01006 -0.00059 -0.02729 -0.01299
0.010000  0.02750  0.01417  0.00842 -0.04444  0.01838
0.010000  0.05118  0.02312  0.01387  0.02160  0.02097
0.010000 -0.01434 -0.00654 -0.01530 -0.06051 -0.01690
0.010000  0.00847  0.00511 -0.00112 -0.03969  0.00185
0.010000 -0.00921  0.00308  0.00108 -0.01583 -0.02257
0.010000  0.02636  0.00265 -0.00479 -0.05625  0.01550
0.010000 -0.00802 -0.01545  0.01097  0.01389  0.03881
0.010000  0.00908  0.03223  0.00427  0.01484  0.01413
0.010000  0.03002  0.04876  0.01127  0.06983 -0.01834
0.010000  0.01361 -0.00829  0.00863  0.04237 -0.01292
0.010000 -0.00512 -0.00286  0.00322 -0.03222  0.01230
0.010000 -0.01802 -0.01408 -0.00299  0.00826 -0.03014
0.010000 -0.02236 -0.03923  0.00399 -0.04799 -0.02175
0.010000 -0.01882  0.01923  0.00174 -0.07266  0.00259
0.010000 -0.00743  0.02252 -0.00407 -0.01885 -0.04398
0.010000  0.01161 -0.01419  0.00524 -0.02151  0.03805
0.010000 -0.01504 -0.03306  0.00606  0.03856 -0.00004
0.010000 -0.00121  0.03204  0.00764 -0.01638 -0.00552
0.010000  0.03841  0.02736 -0.00387  0.02669 -0.01146
0.010000  0.01881  0.01177  0.00515 -0.00529  0.00826
0.010000  0.00609 -0.01748  0.00998  0.04736  0.00774
0.010000 -0.02799 -0.00860  0.00413 -0.00260 -0.00719
0.010000  0.00493 -0.01246 -0.00297 -0.01548  0.00108
0.010000 -0.00684 -0.03557  0.00370 -0.00336 -0.00334
0.010000 -0.03097 -0.01795 -0.01003 -0.02280 -0.00752
0.010000  0.02137  0.04454  0.00199  0.04370 -0.01439
0.010000  0.07355  0.06274  0.00831  0.07552  0.02205
0.010000 -0.00343 -0.00352 -0.01021 -0.04650  0.01649
0.010000 -0.00399 -0.00049 -0.00661 -0.01866 -0.02183
0.010000  0.00267 -0.00688 -0.00723 -0.04333 -0.04288
0.010000  0.00156  0.02996 -0.00126  0.01298  0.00002
0.010000  0.02423  0.05950 -0.00044 -0.00084 -0.04294
0.010000  0.05767  0.06132 -0.01407 -0.00632 -0.01576
0.010000  0.00045  0.01833 -0.00721 -0.05131  0.01188
0.010000 -0.02335 -0.00152 -0.00732 -0.02826 -0.01599
0.010000 -0.04045 -0.03141 -0.00750  0.02046 -0.04422
0.010000  0.02527  0.04013  0.01217  0.01404  0.02805
0.010000  0.04346  0.07147  0.00193  0.00475  0.02237
0.010000 -0.00066  0.00705  0.00672  0.03747 -0.00220
0.010000  0.01647  0.02221  0.00169  0.02755 -0.00570
0.010000 -0.02551 -0.02521 -0.00245  0.01272 -0.00909
0.010000 -0.05593 -0.04875  0.01179  0.01873 -0.01524
0.010000 -0.00176  0.02959 -0.00334  0.00385  0.00759
0.010000 -0.01649 -0.01184 -0.00065 -0.02305  0.00487
0.010000  0.03141  0.02857 -0.00114 -0.02344 -0.01122
0.010000 -0.00569  0.02002 -0.01170 -0.06509 -0.02072
0.010000  0.00211 -0.00819 -0.00836 -0.02753  0.01911
0.010000  0.01723 -0.01313 -0.00549 -0.00387 -0.00128
0.010000  0.03456  0.05989  0.00725  0.02272  0.01262
0.010000  0.01032  0.03923  0.00363  0.00423  0.01704
0.010000  0.04681  0.02781  0.00275  0.01689  0.01897
0.010000 -0.02141 -0.02330  0.00122 -0.00388 -0.03686
0.010000  0.01964  0.02836 -0.00369  0.03696  0.02026
0.010000  0.01293  0.04801 -0.00677  0.01321 -0.02020
0.010000 -0.00982  0.04441  0.01641  0.01200 -0.01924
0.010000 -0.01299  0.00768  0.00031  0.01901 -0.01333
0.010000 -0.03274 -0.02808 -0.00588 -0.04448 -0.00682
0.010000 -0.01106 -0.02010 -0.00385 -0.05306 -0.05491
0.010000 -0.00861 -0.04321 -0.00059 -0.01385  0.01427
0.010000 -0.00456 -0.00167  0.01041  0.01377  0.00352
0.010000  0.02049 -0.01460  0.00393  0.02830  0.02260
0.010000 -0.01366 -0.02362  0.00097  0.00839  0.00355
0.010000 -0.02940 -0.05039 -0.00189  0.00204 -0.04714
0.010000  0.00380  0.03039 -0.01972 -0.02183 -0.02756
0.010000 -0.03727 -0.04632 -0.00549  0.00608  0.01052
0.010000  0.00970  0.04679  0.00104 -0.00546 -0.01587
0.010000 -0.04506 -0.05398  0.01122  0.00197 -0.00164
0.010000  0.01430  0.01513  0.00644 -0.07414  0.00285
0.010000  0.01501  0.00230  0.00913  0.03457 -0.02098
0.010000 -0.00627  0.01509  0.01200  0.02230  0.01208
0.010000  0.01226  0.00835 -0.00228  0.00191 -0.00499
0.010000  0.04073  0.02819  0.00765  0.02501  0.00146
0.010000 -0.01575 -0.03295 -0.01360 -0.01623 -0.01799
0.010000  0.03292  0.06325  0.00499 -0.03533 -0.01885
0.010000 -0.01965 -0.01644  0.00845  0.02532  0.00245
0.010000  0.00551 -0.01581  0.00806 -0.04117  0.02528
0.010000 -0.01043 -0.01602  0.00212  0.00640 -0.02154
0.010000  0.02324  0.03790  0.01580  0.02733  0.01814
0.010000  0.02872  0.06353  0.00792 -0.00792 -0.00121
0.010000  0.00668  0.00390  0.00757  0.03012 -0.00806
0.010000 -0.02051 -0.00810  0.00244 -0.04546  0.02981
0.010000  0.00727  0.03840  0.00141  0.03981 -0.01158
0.010000  0.01573  0.02421 -0.01050  0.00487  0.00510
