# Scenario generation method from a paper by Hoyland, Kaut & Wallace
# Code by Michal Kaut (michal.kaut@iot.ntnu.n) & Diego Mathieu

#   prob   var  1   var  2   var  3   var  4   var  5
0.010000  0.01130 -0.00308  0.00809 -0.00494  0.00141
0.010000  0.04263  0.04872  0.03465 -0.00401  0.02192
0.010000 -0.05554 -0.01608 -0.01427 -0.00647 -0.00841
0.010000  0.00390 -0.00697  0.01747  0.01082  0.02126
0.010000  0.00164 -0.01957  0.00781 -0.00601  0.00029
0.010000 -0.05955 -0.02964 -0.01953  0.01151 -0.00212
0.010000  0.04619  0.05012  0.01299  0.00926  0.02879
0.010000  0.00871  0.01435  0.00949 -0.00498 -0.00393
0.010000  0.05030  0.00329  0.03028 -0.00754  0.01552
0.010000  0.09080  0.05148  0.03044 -0.00565  0.02263
0.010000 -0.03474 -0.04897 -0.01789  0.00040 -0.00415
0.010000 -0.04474 -0.02612 -0.01602  0.00357 -0.00125
0.010000  0.00999  0.02354 -0.00359 -0.00704 -0.00642
0.010000  0.01699  0.03954  0.00378  0.00822 -0.00181
0.010000  0.02015  0.03737  0.01844 -0.00519  0.00436
0.010000  0.01854  0.04485  0.01669  0.01126  0.00211
0.010000 -0.03301 -0.05101 -0.01893  0.00511  0.00854
0.010000  0.00746  0.04768  0.00921 -0.00929 -0.00675
0.010000 -0.00856 -0.00919  0.01185  0.00699  0.01183
0.010000 -0.03129 -0.00671  0.00417  0.00065 -0.00624
0.010000 -0.00159 -0.00882 -0.00177  0.00982  0.01939
0.010000  0.00506  0.00429 -0.00329  0.00032  0.00267
0.010000  0.03170  0.00901 -0.00499  0.00061  0.00529
0.010000 -0.01044 -0.02851 -0.01059 -0.00506 -0.00782
0.010000 -0.01137  0.00845  0.00813 -0.01951  0.00479
0.010000 -0.05681 -0.03165 -0.01756  0.02231 -0.00336
0.010000 -0.02021  0.01355 -0.01232 -0.00367 -0.02005
0.010000 -0.04283 -0.03911 -0.01512  0.01430 -0.00677
0.010000 -0.01409 -0.03398 -0.00507 -0.01122  0.01319
0.010000 -0.02788 -0.00537  0.00419  0.00321 -0.00616
0.010000 -0.02107 -0.04412 -0.01208 -0.00511  0.00734
0.010000 -0.00760 -0.03877  0.00207  0.00319  0.00686
0.010000 -0.04875 -0.02251 -0.00933  0.00247 -0.00340
0.010000 -0.00565  0.04520  0.02656 -0.00684 -0.00550
0.010000 -0.00053  0.02242  0.00608 -0.00228  0.00462
0.010000 -0.00262  0.00419 -0.00589 -0.01171  0.00124
0.010000 -0.02618  0.02007 -0.01515 -0.00407  0.00903
0.010000 -0.03044 -0.04661 -0.03074 -0.00448 -0.00420
0.010000 -0.05199  0.02081  0.00340  0.00694 -0.00681
0.010000 -0.04378  0.01457 -0.03529 -0.01705 -0.01646
0.010000 -0.01319  0.02141  0.00631 -0.02502 -0.00573
0.010000  0.00276 -0.00687 -0.02434 -0.01399 -0.01182
0.010000 -0.04772  0.01647 -0.00808  0.00322 -0.00967
0.010000 -0.05314 -0.00199 -0.01498  0.00266 -0.01452
0.010000 -0.01675 -0.00641 -0.00072 -0.00826 -0.01203
0.010000  0.07057  0.02483  0.02687 -0.00084  0.01717
0.010000  0.00625 -0.01228  0.01711 -0.00070  0.00793
0.010000 -0.04671 -0.05343 -0.02166  0.01804  0.00450
0.010000  0.02741 -0.00719  0.01233 -0.01719 -0.00190
0.010000 -0.06262 -0.01219 -0.06087 -0.00853 -0.02151
0.010000  0.00055 -0.00177  0.00539 -0.00502  0.00968
0.010000 -0.05432 -0.02038 -0.01148 -0.01343 -0.01582
0.010000 -0.00466 -0.02603 -0.02675  0.00568  0.00453
0.010000 -0.04006 -0.02923 -0.01178  0.00201 -0.00633
0.010000 -0.02363  0.01053  0.00273 -0.00540 -0.00754
0.010000 -0.03916 -0.00479 -0.00542  0.00879 -0.00528
0.010000 -0.05815  0.01181 -0.00445 -0.00278  0.00295
0.010000  0.03408  0.04224  0.01773 -0.01500  0.01182
0.010000 -0.05088  0.00395 -0.00247  0.00478 -0.00406
0.010000 -0.04980 -0.04614 -0.02337 -0.00153 -0.00030
0.010000 -0.02448  0.03194 -0.00047 -0.01004 -0.01835
0.010000 -0.03826 -0.04634 -0.03365 -0.01128 -0.01082
0.010000 -0.00950 -0.01955 -0.01387  0.00470  0.00570
0.010000 -0.02193  0.00095 -0.02682 -0.01047 -0.00569
0.010000 -0.02958 -0.01923 -0.02616  0.00328 -0.00311
0.010000 -0.04190 -0.01987 -0.01987  0.00441  0.00603
0.010000 -0.01498 -0.02126 -0.00918 -0.00068  0.00276
0.010000  0.02545  0.00341  0.00366 -0.01616  0.01651
0.010000 -0.04572  0.01082  0.00467  0.00627 -0.00575
0.010000  0.01550  0.01914 -0.00576 -0.00109 -0.00223
0.010000  0.03666  0.01602  0.00759  0.00153  0.01287
0.010000 -0.02703 -0.00058 -0.01616  0.01097  0.00247
0.010000  0.02949 -0.01897 -0.01026 -0.01521 -0.00212
0.010000 -0.06431 -0.02320 -0.04253 -0.00330 -0.01721
0.010000 -0.03215 -0.02309 -0.00559 -0.01567 -0.01090
0.010000  0.01266  0.04151  0.00223 -0.00350 -0.00061
0.010000 -0.03737 -0.03911 -0.01385 -0.00883 -0.00616
0.010000 -0.03387 -0.01002 -0.00639  0.00836 -0.00086
0.010000  0.02360  0.04951  0.01583  0.01338  0.00484
0.010000 -0.01762 -0.03924 -0.02413  0.00003  0.00479
0.010000 -0.01935  0.01042  0.00972  0.00637 -0.00569
0.010000 -0.02873 -0.04065 -0.02278  0.00434  0.00983
0.010000  0.01405  0.03687  0.03476  0.01007  0.01601
0.010000 -0.01587  0.02278 -0.00712 -0.01471 -0.01390
0.010000  0.03949  0.04968  0.02272 -0.02145 -0.01064
0.010000  0.02184  0.02350 -0.00262  0.00246  0.00152
0.010000 -0.03649 -0.00218 -0.00125 -0.00168 -0.01086
0.010000 -0.02278 -0.01970 -0.01354 -0.01127 -0.00220
0.010000  0.05525  0.03254  0.02944 -0.01571  0.04161
0.010000 -0.03561 -0.01986 -0.01783 -0.00067  0.00221
0.010000 -0.06692 -0.04090 -0.02711  0.01068 -0.00308
0.010000 -0.01228 -0.04258 -0.00188  0.00686  0.01472
0.010000  0.06155  0.03883  0.03049  0.00456  0.01972
0.010000 -0.00365 -0.01931 -0.02014 -0.00438  0.00284
0.010000 -0.04097 -0.04995 -0.01698  0.01175 -0.00186
0.010000 -0.01849  0.01276  0.00550  0.00561 -0.00420
0.010000 -0.06103 -0.04168 -0.02267  0.00297 -0.00967
0.010000 -0.02533 -0.03589 -0.00488 -0.00399  0.00136
0.010000 -0.06607 -0.05606 -0.05562 -0.00685 -0.01867
0.010000 -0.00663 -0.01945 -0.00988  0.00637  0.00400
