# Scenario generation method from a paper by Hoyland, Kaut & Wallace
# Code by Michal Kaut (michal.kaut@iot.ntnu.n) & Diego Mathieu

#   prob   var  1   var  2   var  3   var  4   var  5
0.010000 -0.01403 -0.00071 -0.00992 -0.01268 -0.01668
0.010000  0.00599 -0.00213  0.01016  0.00231 -0.00460
0.010000 -0.02340 -0.01678 -0.01116  0.06165 -0.03948
0.010000 -0.02043 -0.01085 -0.00980 -0.01357 -0.02047
0.010000  0.00336 -0.00141 -0.00780  0.00281 -0.03377
0.010000  0.01611  0.00871  0.01888  0.01096 -0.01566
0.010000 -0.04125 -0.02840 -0.02437 -0.02296 -0.02739
0.010000  0.00232  0.00836 -0.00670  0.01519 -0.01317
0.010000  0.01542 -0.00417  0.01162 -0.00043 -0.01674
0.010000 -0.01839 -0.00990 -0.01064 -0.01147 -0.01528
0.010000 -0.02865 -0.02770 -0.00146 -0.00749  0.02626
0.010000 -0.01709 -0.02459 -0.01608 -0.01046 -0.03516
0.010000 -0.00378  0.00095 -0.00346 -0.00138  0.00221
0.010000 -0.00739 -0.01613  0.00810  0.00238 -0.00127
0.010000 -0.01344 -0.00325 -0.01702 -0.02172  0.00191
0.010000 -0.03308 -0.03075 -0.00854 -0.01484 -0.00958
0.010000  0.00928  0.00056  0.01088  0.00418 -0.01004
0.010000  0.00079  0.00300  0.01441  0.00586 -0.00278
0.010000 -0.03073 -0.02315 -0.01718 -0.01231 -0.02112
0.010000  0.00872  0.00522  0.00950 -0.00412 -0.00906
0.010000 -0.00532  0.00133  0.04691  0.04707  0.02378
0.010000  0.01475 -0.00689  0.02298  0.01068 -0.00197
0.010000 -0.03918 -0.02749 -0.02494 -0.03346 -0.04407
0.010000 -0.02966 -0.00735  0.02308  0.01659  0.07310
0.010000 -0.03582 -0.03046 -0.02358 -0.02683 -0.02151
0.010000 -0.00023 -0.00479 -0.00402  0.00174 -0.00817
0.010000 -0.01773 -0.01341 -0.01877 -0.01047 -0.03548
0.010000 -0.00429 -0.01681  0.00485 -0.00097  0.00004
0.010000 -0.00328  0.00381  0.01459  0.00595  0.02366
0.010000  0.00761 -0.01696  0.02083  0.03252 -0.01990
0.010000  0.01161  0.00182 -0.00228 -0.00163 -0.04203
0.010000 -0.02502 -0.02408 -0.02054 -0.05942 -0.03252
0.010000 -0.03439 -0.01456 -0.01915 -0.02186 -0.00474
0.010000 -0.01173 -0.01815  0.00588 -0.00799  0.02066
0.010000 -0.02114 -0.01905 -0.02001 -0.01924 -0.04139
0.010000 -0.00792 -0.01206 -0.00830 -0.00697 -0.04358
0.010000  0.02597  0.00941  0.03480  0.01485  0.04399
0.010000  0.00985  0.00011  0.06935  0.08912  0.05775
0.010000 -0.00277 -0.00347 -0.00599 -0.00096 -0.02464
0.010000  0.00652  0.01450 -0.00739 -0.00408 -0.01854
0.010000 -0.00845 -0.01697  0.00580 -0.00664 -0.00515
0.010000  0.02471  0.01785  0.01300  0.00767 -0.03480
0.010000  0.02077  0.01041  0.05849  0.02816  0.01762
0.010000  0.01682  0.01496  0.01060  0.01756  0.01167
0.010000  0.00181 -0.01700  0.05107  0.01832  0.02629
0.010000 -0.00125 -0.00596 -0.00311 -0.00686 -0.03218
0.010000  0.00130 -0.00594  0.00620  0.00432 -0.01252
0.010000 -0.02676 -0.01531 -0.02110 -0.01451 -0.04090
0.010000 -0.00635  0.00656 -0.01755 -0.00921 -0.05244
0.010000 -0.00687 -0.00040 -0.01379 -0.01224 -0.04568
0.010000  0.01102  0.00503  0.00257  0.00106 -0.00603
0.010000 -0.00952 -0.02103 -0.00498 -0.00490 -0.01737
0.010000  0.00284 -0.01155  0.01412  0.00174  0.02330
0.010000 -0.01905 -0.01270 -0.01680 -0.00889 -0.01870
0.010000 -0.02420 -0.02558 -0.02031 -0.02269 -0.02040
0.010000 -0.02768 -0.02953  0.00780  0.00914  0.02508
0.010000 -0.01646 -0.01797  0.01798  0.00289  0.04684
0.010000  0.01909  0.02490  0.00985  0.00987 -0.01394
0.010000  0.01283  0.00738  0.02368  0.01064 -0.00673
0.010000  0.01831 -0.00649  0.03004  0.01549  0.02618
0.010000  0.02364  0.00189  0.03512  0.04127  0.01235
0.010000  0.02167 -0.00667  0.02429  0.01388 -0.01400
0.010000  0.00546 -0.00086  0.00335  0.03319 -0.01294
0.010000 -0.02263 -0.00527 -0.01470 -0.01195 -0.01730
0.010000 -0.01287 -0.02223 -0.00926 -0.01223  0.02242
0.010000  0.00028 -0.00008  0.00780  0.00400  0.00840
0.010000  0.02578 -0.00737  0.02822  0.01142 -0.01453
0.010000  0.01991  0.00331  0.02157  0.00686 -0.01282
0.010000 -0.00899  0.00723  0.00259  0.00206 -0.01118
0.010000 -0.03186 -0.02634 -0.02383 -0.02979 -0.02346
0.010000 -0.04378 -0.02251 -0.02734 -0.02442 -0.04993
0.010000 -0.01117 -0.01562 -0.00329 -0.00044 -0.02382
0.010000  0.00816  0.00230 -0.00289  0.01578 -0.05661
0.010000  0.00440  0.00323 -0.00230 -0.00863 -0.00656
0.010000  0.02263  0.00999  0.01781  0.01020  0.01330
0.010000 -0.00583 -0.02121  0.00267 -0.01255 -0.01428
0.010000 -0.03740 -0.02127 -0.02237 -0.02809 -0.02877
0.010000 -0.01523 -0.00882 -0.01722 -0.01077 -0.01630
0.010000 -0.02188 -0.02212 -0.01596 -0.01442 -0.01136
0.010000 -0.05345 -0.03137 -0.02931 -0.03451 -0.01283
0.010000 -0.04715 -0.03148 -0.02080 -0.01891 -0.00765
0.010000 -0.01584 -0.01719 -0.00933 -0.00985  0.00936
0.010000 -0.00175  0.00794 -0.00297 -0.00287 -0.00818
0.010000  0.00388  0.00708 -0.00441 -0.00406 -0.02109
0.010000  0.01755  0.01024  0.02867  0.02104  0.00430
0.010000 -0.01462 -0.01912 -0.00410 -0.00907  0.03396
0.010000 -0.01229 -0.01170 -0.01543 -0.00916 -0.02435
0.010000 -0.02587 -0.02192 -0.02119 -0.01781  0.02223
0.010000  0.01346  0.01175  0.00296  0.00140 -0.02840
0.010000 -0.00074  0.00590  0.02169  0.00544  0.05034
0.010000 -0.01007  0.00473 -0.00435 -0.00803  0.00398
0.010000  0.01043 -0.00349  0.01303  0.00257 -0.00334
0.010000 -0.01062 -0.00179 -0.00751 -0.00523  0.02807
0.010000  0.01222  0.00814  0.07624  0.04824  0.04642
0.010000 -0.00480 -0.01646 -0.00108  0.03480 -0.02438
0.010000 -0.00226  0.00616  0.00969 -0.00113  0.06731
0.010000  0.00493 -0.00066 -0.00142 -0.00278 -0.04218
0.010000  0.00707 -0.00592  0.03754  0.00929  0.02711
0.010000  0.01410 -0.00397  0.01159  0.00541 -0.00781
0.010000 -0.01973 -0.00487 -0.01679 -0.00729 -0.02272
