# Scenario generation method from a paper by Hoyland, Kaut & Wallace
# Code by Michal Kaut (michal.kaut@iot.ntnu.n) & Diego Mathieu

#   prob   var  1   var  2
0.010000  0.00574  0.00708
0.010000 -0.00347  0.00698
0.010000  0.01605  0.01218
0.010000  0.00490 -0.01037
0.010000  0.00167 -0.00817
0.010000 -0.00509  0.00794
0.010000 -0.00268  0.00294
0.010000 -0.02197 -0.00583
0.010000 -0.00802  0.00048
0.010000  0.00835  0.02144
0.010000 -0.01905 -0.00087
0.010000  0.01666  0.00788
0.010000 -0.00228  0.01597
0.010000  0.02923  0.00361
0.010000  0.01487  0.00082
0.010000  0.01795 -0.00406
0.010000 -0.00759  0.00391
0.010000  0.00616  0.02725
0.010000 -0.00591  0.00524
0.010000  0.02783  0.01172
0.010000 -0.01220 -0.00056
0.010000 -0.02300 -0.00112
0.010000  0.00790 -0.00207
0.010000  0.02166  0.01228
0.010000  0.00449 -0.00037
0.010000  0.00532 -0.00686
0.010000 -0.00031  0.01002
0.010000 -0.01615 -0.01625
0.010000 -0.00980 -0.00362
0.010000  0.00880  0.01223
0.010000  0.03274  0.00845
0.010000 -0.01751 -0.01752
0.010000 -0.00890 -0.01665
0.010000  0.00048  0.01551
0.010000 -0.00468 -0.00963
0.010000 -0.00935  0.01938
0.010000  0.01217  0.00941
0.010000  0.02084  0.00585
0.010000  0.02251  0.00960
0.010000 -0.00308 -0.00355
0.010000 -0.01992 -0.00982
0.010000  0.00746  0.00224
0.010000 -0.01681  0.00588
0.010000 -0.01027  0.00769
0.010000  0.01545  0.00829
0.010000  0.02007  0.01006
0.010000 -0.01324 -0.01486
0.010000 -0.01378  0.01155
0.010000  0.01322  0.00213
0.010000  0.00009  0.00220
0.010000  0.01117 -0.00257
0.010000 -0.01825 -0.01597
0.010000  0.00088 -0.00087
0.010000  0.01167  0.00733
0.010000 -0.00428  0.01371
0.010000 -0.01121  0.01450
0.010000 -0.01074 -0.01282
0.010000  0.00286  0.00668
0.010000  0.03513  0.02668
0.010000 -0.00550 -0.00664
0.010000  0.02657  0.00350
0.010000 -0.00632 -0.00913
0.010000  0.03084  0.02595
0.010000  0.02544  0.02801
0.010000  0.00367 -0.01563
0.010000 -0.00846 -0.00192
0.010000 -0.00149 -0.00505
0.010000  0.00408  0.01188
0.010000 -0.00717 -0.00195
0.010000 -0.01434 -0.01155
0.010000  0.00326  0.02540
0.010000 -0.00674 -0.01648
0.010000  0.01934 -0.00588
0.010000 -0.00070  0.00636
0.010000 -0.00110  0.01360
0.010000  0.03845  0.02243
0.010000 -0.02089  0.01258
0.010000 -0.01170  0.00747
0.010000  0.01068  0.00609
0.010000  0.00973  0.00134
0.010000  0.00926 -0.01078
0.010000  0.02439 -0.00601
0.010000  0.01375 -0.01127
0.010000  0.01729  0.02680
0.010000  0.01863 -0.00327
0.010000  0.01020  0.00194
0.010000  0.00702 -0.00217
0.010000 -0.01552  0.00847
0.010000 -0.01271  0.00035
0.010000  0.04543  0.02924
0.010000  0.01269 -0.00069
0.010000  0.00246  0.02752
0.010000  0.00206 -0.01005
0.010000  0.00659 -0.00413
0.010000  0.00127  0.02904
0.010000  0.01431 -0.00672
0.010000 -0.01492 -0.00159
0.010000 -0.00388 -0.01686
0.010000 -0.00189  0.02062
0.010000  0.02342 -0.00282
