3045
            openPrice  highestPrice  lowestPrice  closePrice  volume   value  adjROI
transDate                                                                           
2004-01-02       29.5          30.3         29.5        30.0   16698  501343  1.6949
2004-01-05       30.0          30.2         29.8        30.0   14238  427379       0
2004-01-06       30.1          31.0         29.9        30.7   20562  625982  2.3333
2004-01-07       30.7          31.2         30.6        30.8   17468  539138  0.3257
2004-01-08       31.0          31.1         30.6        30.8    8409  258713       0
2004-01-09       31.0          31.4         30.9        31.3   21313  664369  1.6234
2004-01-12       31.3          31.4         31.0        31.3   13037  407095       0
2004-01-13       31.3          31.5         31.2        31.4    9988  313203  0.3195
2004-01-14       31.4          32.5         31.2        32.2   25090  801024  2.5478
2004-01-15       32.5          32.8         32.0        32.4   23371  756222  0.6211

2311
            openPrice  highestPrice  lowestPrice  closePrice  volume    value  adjROI
transDate                                                                            
2004-01-02       35.0          36.6         34.8        35.9   38871  1395284  2.8653
2004-01-05       36.1          36.9         36.1        36.6   27613  1008128  1.9499
2004-01-06       37.0          37.1         36.5        36.6   20956   769791  0.0000
2004-01-07       37.0          38.2         36.8        37.4   39337  1477733  2.1858
2004-01-08       38.0          38.0         37.0        37.0   19124   715514 -1.0695
2004-01-09       37.4          37.7         37.1        37.4   21912   818890  1.0811
2004-01-12       37.4          38.8         37.4        37.9   38040  1452901  1.3369
2004-01-13       38.0          38.2         37.3        37.4   14765   555566 -1.3193
2004-01-14       37.0          38.2         37.0        37.9   23493   885587  1.3369
2004-01-15       37.9          38.0         37.0        37.1   22774   851964 -2.1108

2881
            openPrice  highestPrice  lowestPrice  closePrice  volume    value  adjROI
transDate                                                                            
2004-01-02       32.3          33.1         32.3        33.1   24009   785006  1.8462
2004-01-05       33.3          33.7         32.9        33.5   20684   690504  1.2085
2004-01-06       33.7          33.7         33.1        33.5   13565   452795  0.0000
2004-01-07       33.5          34.0         33.1        33.2   19257   646004 -0.8955
2004-01-08       33.1          33.3         32.3        32.3   38674  1262335 -2.7108
2004-01-09       32.4          32.5         31.8        32.3   45340  1458252  0.0000
2004-01-12       32.2          32.2         31.7        32.0   20376   651304 -0.9288
2004-01-13       32.0          32.5         32.0        32.2   13839   446196  0.6250
2004-01-14       32.1          33.1         32.1        32.9   18190   595168  2.1739
2004-01-15       32.9          34.2         32.9        33.7   43410  1456587  2.4316

2412
            openPrice  highestPrice  lowestPrice  closePrice  volume   value   adjROI
transDate                                                                            
2004-01-02       49.5          50.5         49.4        50.5    8202  411328   2.4341
2004-01-05       50.5          51.5         50.5        51.5    7560  385855   1.9802
2004-01-06       51.5          52.0         51.5        52.0   12895  668010   0.9709
2004-01-07       52.0          52.0         51.5        52.0    6275  325289        0
2004-01-08       51.5          51.5         50.5        51.0   10786  547105  -1.9231
2004-01-09       51.0          51.5         50.5        51.0    8755  445548        0
2004-01-12       50.5          51.5         50.5        51.0   11830  603435        0
2004-01-13       51.0          52.0         51.0        51.5    9111  471263   0.9804
2004-01-14       52.0          52.0         51.0        52.0    6976  359726   0.9709
2004-01-15       52.0          52.0         51.0        52.0    5030  259609        0

2382
            openPrice  highestPrice  lowestPrice  closePrice  volume   value  adjROI
transDate                                                                           
2004-01-02       83.5          84.0         83.0        83.5    6134  512927  0.0000
2004-01-05       84.0          84.5         83.0        84.0    4565  383556  0.5988
2004-01-06       84.5          86.0         84.0        86.0    8099  689251  2.3810
2004-01-07       86.0          86.5         85.0        86.5    5349  459718  0.5814
2004-01-08       87.0          87.0         86.0        87.0    4060  351677  0.5780
2004-01-09       87.5          90.0         87.5        89.0    9535  844637  2.2989
2004-01-12       87.0          88.5         86.5        87.0    4858  424477 -2.2472
2004-01-13       87.5          88.0         85.0        85.5    6027  521337 -1.7241
2004-01-14       85.0          87.5         85.0        85.5    5953  513028  0.0000
2004-01-15       86.0          87.5         85.0        86.5    4732  409272  1.1696

1303
            openPrice  highestPrice  lowestPrice  closePrice  volume    value  adjROI
transDate                                                                            
2004-01-02       48.5          49.9         48.5        49.7   20406  1008671  1.4286
2004-01-05       49.8          50.5         49.8        50.0   18774   940896  0.6036
2004-01-06       50.0          50.5         49.4        49.7   11160   554074 -0.6000
2004-01-07       49.9          50.5         49.7        49.7   16706   834635  0.0000
2004-01-08       49.7          49.9         49.2        49.7   10959   543011  0.0000
2004-01-09       49.7          49.7         48.6        48.8   16020   788201 -1.8109
2004-01-12       48.6          48.8         48.1        48.6    7851   380277 -0.4098
2004-01-13       48.3          48.5         47.9        48.0    8923   428969 -1.2346
2004-01-14       47.7          48.7         47.6        48.7   10731   519501  1.4583
2004-01-15       48.7          48.7         48.1        48.3    6111   295313 -0.8214

2317
            openPrice  highestPrice  lowestPrice  closePrice  volume    value  adjROI
transDate                                                                            
2004-01-02      133.5         137.0        133.5       136.5    7517  1022606  2.2472
2004-01-05      136.5         137.5        135.0       136.0    8133  1106547 -0.3663
2004-01-06      137.0         137.5        136.0       136.5    6107   834607  0.3676
2004-01-07      137.5         139.5        137.5       138.0   11873  1642071  1.0989
2004-01-08      139.0         139.0        137.5       139.0    5172   716158  0.7246
2004-01-09      142.0         147.0        141.0       146.5   25667  3708598  5.3957
2004-01-12      147.0         155.0        146.5       151.0   26591  4011545  3.0717
2004-01-13      152.0         153.0        149.0       149.5    8772  1316784 -0.9934
2004-01-14      149.5         155.0        149.0       153.0   17349  2652450  2.3411
2004-01-15      154.0         155.0        149.0       150.0   13166  2005809 -1.9608

6505
            openPrice  highestPrice  lowestPrice  closePrice  volume    value  adjROI
transDate                                                                            
2004-01-02       51.0          54.0         51.0        54.0   73037  3881786  6.9307
2004-01-05       54.5          55.5         53.5        55.0   36806  2012668  1.8519
2004-01-06       55.0          55.0         53.0        53.5   23310  1265132 -2.7273
2004-01-07       54.0          55.0         53.0        53.0   24302  1311131 -0.9346
2004-01-08       53.0          54.0         52.5        53.5   17618   936499  0.9434
2004-01-09       54.0          54.0         53.0        53.0   11851   630967 -0.9346
2004-01-12       53.0          53.5         52.5        53.0    5733   303297  0.0000
2004-01-13       52.5          53.5         52.5        52.5    8614   456945 -0.9434
2004-01-14       52.5          53.5         52.5        53.0    9241   490061  0.9524
2004-01-15       53.5          53.5         52.5        52.5    7060   373572 -0.9434

2105
            openPrice  highestPrice  lowestPrice  closePrice  volume   value  adjROI
transDate                                                                           
2004-01-02       43.3          44.2         43.3        44.2    2674  117426  2.0785
2004-01-05       44.4          45.6         43.8        45.0    7516  336780  1.8100
2004-01-06       45.5          45.5         44.3        44.8    5178  232273 -0.4444
2004-01-07       45.0          45.3         44.6        44.9    6086  273580  0.2232
2004-01-08       44.9          45.2         44.5        44.6    1669   74653 -0.6682
2004-01-09       44.7          44.8         44.1        44.3    5133  227892 -0.6726
2004-01-12       44.3          44.3         44.0        44.0    1801   79339 -0.6772
2004-01-13       44.1          44.5         43.7        43.7    2424  106846 -0.6818
2004-01-14       43.7          44.2         43.7        44.0    2207   97032  0.6865
2004-01-15       44.0          44.3         43.3        43.4    3665  160410 -1.3636

1216
            openPrice  highestPrice  lowestPrice  closePrice  volume   value  adjROI
transDate                                                                           
2004-01-02      13.95         14.45        13.95       14.45   13801  197051  3.5842
2004-01-05      14.50         15.20        14.50       15.00   21535  320333  3.8062
2004-01-06      15.00         15.30        14.80       15.10   14723  221484  0.6667
2004-01-07      15.10         15.30        14.95       15.00   13469  202631 -0.6623
2004-01-08      15.20         15.30        15.00       15.10    9163  138315  0.6667
2004-01-09      15.30         15.40        15.10       15.30   13067  199461  1.3245
2004-01-12      15.20         15.30        15.00       15.10    4585   69213 -1.3072
2004-01-13      15.10         15.20        15.00       15.10    4812   72303  0.0000
2004-01-14      15.00         15.40        15.00       15.30   10638  161544  1.3245
2004-01-15      15.30         15.40        15.30       15.30    4546   69666  0.0000

2891
            openPrice  highestPrice  lowestPrice  closePrice  volume    value  adjROI
transDate                                                                            
2004-01-02       34.1          35.4         34.1        35.2   23403   818532  3.2258
2004-01-05       35.7          35.8         35.3        35.3   28857  1025397  0.2841
2004-01-06       35.6          35.6         34.9        35.4   29967  1057286  0.2833
2004-01-07       35.5          36.2         35.4        35.9   40328  1445104  1.4124
2004-01-08       36.0          36.2         35.7        36.1   27035   973325  0.5571
2004-01-09       36.3          36.7         36.2        36.5   39686  1446184  1.1080
2004-01-12       36.4          36.5         36.0        36.3   18248   661739 -0.5479
2004-01-13       36.3          36.5         36.2        36.2   11375   412883 -0.2755
2004-01-14       36.2          37.0         36.2        37.0   24215   889968  2.2099
2004-01-15       37.0          37.8         36.9        37.4   38115  1423913  1.0811

2454
            openPrice  highestPrice  lowestPrice  closePrice  volume    value  adjROI
transDate                                                                            
2004-01-02        322           327          321         327    2959   962744  2.5078
2004-01-05        330           331          326         329    2897   951896  0.6116
2004-01-06        332           333          321         323    3708  1210701 -1.8237
2004-01-07        324           330          318         327    4402  1434391  1.2384
2004-01-08        329           336          327         329    4923  1632020  0.6116
2004-01-09        332           334          330         330    4647  1541989  0.3040
2004-01-12        330           333          328         330    2185   722504  0.0000
2004-01-13        332           342          332         338    6675  2253807  2.4242
2004-01-14        339           350          337         347    7573  2608476  2.6627
2004-01-15        350           351          345         346    4809  1672140 -0.2882

2882
            openPrice  highestPrice  lowestPrice  closePrice  volume    value  adjROI
transDate                                                                            
2004-01-02       51.0          53.5         51.0        53.5   35761  1885787  4.9020
2004-01-05       53.5          54.5         53.0        53.5   29820  1602540  0.0000
2004-01-06       54.0          55.0         53.0        55.0   48337  2623533  2.8037
2004-01-07       55.5          56.0         53.5        54.0   41903  2302443 -1.8182
2004-01-08       54.5          55.0         53.5        55.0   23148  1259634  1.8519
2004-01-09       55.5          56.0         54.5        55.5   42373  2342502  0.9091
2004-01-12       55.5          55.5         54.5        55.0   20051  1103914 -0.9009
2004-01-13       55.0          55.5         54.5        55.0   16588   912003  0.0000
2004-01-14       55.0          56.5         55.0        56.0   33619  1880855  1.8182
2004-01-15       56.5          57.5         56.5        56.5   47497  2697900  0.8929

2912
            openPrice  highestPrice  lowestPrice  closePrice  volume   value  adjROI
transDate                                                                           
2004-01-02       52.0          54.0         52.0        54.0    2118  112790  3.8462
2004-01-05       54.0          55.0         53.5        55.0    2361  128310  1.8519
2004-01-06       55.0          56.5         54.0        56.0    5206  288399  1.8182
2004-01-07       56.0          57.5         56.0        57.0    3691  209783  1.7857
2004-01-08       57.0          57.5         56.0        57.0    1802  102502  0.0000
2004-01-09       57.5          57.5         56.5        57.5    3280  187206  0.8772
2004-01-12       57.5          58.0         57.0        57.5    3671  211124  0.0000
2004-01-13       57.5          58.0         57.0        58.0    1121   64611  0.8696
2004-01-14       57.5          58.0         57.0        57.5    1178   67793 -0.8621
2004-01-15       57.5          58.0         57.0        58.0    1172   67788  0.8696

2308
            openPrice  highestPrice  lowestPrice  closePrice  volume   value  adjROI
transDate                                                                           
2004-01-02       43.6          44.6         43.6        44.6    3840  170022  2.5287
2004-01-05       44.6          44.9         44.3        44.7    1521   67739  0.2242
2004-01-06       44.7          44.9         43.7        44.0    3718  164360 -1.5660
2004-01-07       44.3          44.6         43.2        43.3    3865  169531 -1.5909
2004-01-08       43.5          44.0         43.5        43.7    2616  114291  0.9238
2004-01-09       44.0          44.5         43.8        44.5    8663  383038  1.8307
2004-01-12       44.1          44.7         43.6        44.1    4495  198871 -0.8989
2004-01-13       44.3          44.8         44.2        44.8    3230  143721  1.5873
2004-01-14       44.8          46.0         44.7        46.0    8772  397186  2.6786
2004-01-15       46.0          46.4         45.6        46.1    6405  294571  0.2174

1301
            openPrice  highestPrice  lowestPrice  closePrice  volume    value  adjROI
transDate                                                                            
2004-01-02       56.0          57.0         55.5        56.5   15570   882943  0.8929
2004-01-05       56.5          58.0         56.5        58.0   16377   943114  2.6549
2004-01-06       58.0          58.0         57.0        58.0   21668  1246250  0.0000
2004-01-07       58.0          58.5         57.0        57.0   16028   926232 -1.7241
2004-01-08       57.0          58.0         56.0        58.0   19002  1086004  1.7544
2004-01-09       58.0          58.5         57.5        58.0   30331  1757936  0.0000
2004-01-12       58.0          58.0         57.0        57.5    8068   462958 -0.8621
2004-01-13       57.0          57.0         56.0        56.5    9668   547240 -1.7391
2004-01-14       56.0          57.5         56.0        57.5   14695   833175  1.7699
2004-01-15       57.5          57.5         56.5        57.0    7447   424678 -0.8696

2330
            openPrice  highestPrice  lowestPrice  closePrice  volume    value  adjROI
transDate                                                                            
2004-01-02       63.5          65.5         63.5        65.5   55164  3570852  3.1496
2004-01-05       65.5          66.0         65.0        66.0   29584  1942438  0.7634
2004-01-06       66.0          66.5         65.0        66.0   31033  2040752  0.0000
2004-01-07       66.0          66.5         65.0        65.5   42420  2794737 -0.7576
2004-01-08       66.0          66.5         65.5        65.5   26177  1725255  0.0000
2004-01-09       67.0          67.5         66.5        67.5   53203  3570053  3.0534
2004-01-12       67.5          68.0         66.5        67.5   23775  1602639  0.0000
2004-01-13       68.0          68.0         67.0        67.5   22813  1540826  0.0000
2004-01-14       67.0          68.0         66.5        67.0   29111  1956909 -0.7407
2004-01-15       67.5          67.5         66.0        67.0   31853  2128675  0.0000

2886
            openPrice  highestPrice  lowestPrice  closePrice  volume    value  adjROI
transDate                                                                            
2004-01-02       20.6          21.3         20.6        21.3  103841  2183548  4.4118
2004-01-05       21.5          21.7         21.2        21.4  116751  2509091  0.4695
2004-01-06       21.5          21.7         21.2        21.5   71596  1537412  0.4673
2004-01-07       21.6          22.2         21.4        21.5  134856  2945794  0.0000
2004-01-08       21.6          21.8         21.4        21.5   59026  1272286  0.0000
2004-01-09       21.7          21.9         21.3        21.3   69270  1495409 -0.9302
2004-01-12       21.2          21.5         21.2        21.4   43599   930613  0.4695
2004-01-13       21.5          21.7         21.5        21.7   42179   910835  1.4019
2004-01-14       21.7          22.3         21.7        22.0  107702  2372362  1.3825
2004-01-15       22.1          22.3         21.9        22.1   83833  1857185  0.4545

2002
            openPrice  highestPrice  lowestPrice  closePrice  volume    value  adjROI
transDate                                                                            
2004-01-02       28.4          29.2         28.3        29.1  126876  3661392  3.1915
2004-01-05       29.3          29.9         29.2        29.5  113979  3377526  1.3746
2004-01-06       29.7          29.8         29.5        29.8   78825  2339451  1.0169
2004-01-07       29.8          29.9         29.5        29.5   72124  2141268 -1.0067
2004-01-08       29.5          29.7         29.3        29.5   69416  2050414  0.0000
2004-01-09       29.6          30.0         29.6        29.7   90379  2697312  0.6780
2004-01-12       29.6          30.1         29.6        29.8   49749  1485548  0.3367
2004-01-13       29.8          29.9         29.3        29.3   60476  1782192 -1.6779
2004-01-14       28.5          29.3         28.5        29.2  110835  3204543 -0.3413
2004-01-15       29.0          29.2         28.9        29.0   63412  1839428 -0.6849

1326
            openPrice  highestPrice  lowestPrice  closePrice  volume   value  adjROI
transDate                                                                           
2004-01-02       56.5          57.5         56.5        57.0   12540  715976  0.0000
2004-01-05       57.0          58.5         57.0        57.5   14195  820427  0.8772
2004-01-06       58.0          58.0         56.5        57.0    8086  462377 -0.8696
2004-01-07       57.0          58.0         56.5        57.0   10445  600326  0.0000
2004-01-08       57.5          57.5         56.5        57.5    8347  475908  0.8772
2004-01-09       57.0          57.5         56.0        56.5   12101  687298 -1.7391
2004-01-12       56.5          57.0         55.5        55.5    5307  297540 -1.7699
2004-01-13       55.5          56.0         54.5        55.0    7889  435822 -0.9009
2004-01-14       54.5          56.0         54.5        55.5   12669  698959  0.9091
2004-01-15       56.0          56.0         55.0        55.0    7258  401996 -0.9009

