1101
1102
1103
1104
1108
1109
1110
1201
1210
1216
1218
1229
1301
1303
1304
1305
1310
1312
1313
1314
1326
1402
1409
1414
1416
1417
1418
1419
1434
1440
1444
1446
1449
1456
1503
1504
1507
1513
1603
1604
1605
1608
1609
1704
1710
1712
1718
1802
1810
1902
1903
1904
1905
1907
1909
2002
2006
2007
2008
2009
2010
2014
2015
2103
2105
2107
2201
2204
2303
2308
2311
2315
2330
2371
2501
2504
2505
2506
2511
2515
2601
2603
2605
2606
2608
2609
2610
2704
2801
2809
2812
2820
2903
2905
2913
2915
9906
9907
9908
9945
