# Scenario generation method from a paper by Hoyland, Kaut & Wallace
# Code by Michal Kaut (michal.kaut@iot.ntnu.n) & Diego Mathieu

#   prob   var  1   var  2   var  3   var  4   var  5
0.010000  0.00062 -0.00610 -0.00848  0.00851  0.03367
0.010000  0.05720  0.06061  0.00984  0.03118  0.00151
0.010000  0.00286  0.00474  0.00842 -0.01658 -0.00478
0.010000 -0.00664 -0.00630  0.00190  0.05441  0.00707
0.010000  0.02696  0.01413 -0.00908 -0.04661  0.00472
0.010000 -0.00111  0.02027  0.00992 -0.02988  0.00843
0.010000 -0.00841 -0.00960 -0.00428  0.02416 -0.00083
0.010000  0.00837 -0.00000  0.00550 -0.00293 -0.01456
0.010000 -0.00708  0.01742  0.00252  0.00826 -0.00338
0.010000  0.02852  0.04497  0.00939  0.02852  0.01060
0.010000 -0.01074 -0.01057  0.00373 -0.00908 -0.02058
0.010000 -0.01172 -0.00943 -0.01058  0.01027 -0.03730
0.010000 -0.03605 -0.01553  0.00219 -0.03099 -0.02522
0.010000 -0.01624  0.05104  0.00297 -0.01716 -0.00197
0.010000 -0.00238 -0.00351  0.00816 -0.01349  0.00051
0.010000  0.00195  0.00616 -0.00783 -0.03354 -0.02841
0.010000  0.03218  0.01691  0.00743 -0.01909  0.01570
0.010000  0.01473  0.00300  0.00670  0.00419 -0.01748
0.010000 -0.00978  0.00191  0.00878 -0.00469  0.03601
0.010000 -0.00365 -0.00762 -0.00595 -0.02949  0.01120
0.010000  0.07838  0.05076  0.00906  0.00228 -0.02950
0.010000 -0.01441 -0.01185 -0.00236  0.03242  0.00141
0.010000 -0.00068 -0.00608 -0.00643 -0.00732 -0.01821
0.010000  0.01132  0.01078  0.00929  0.01561 -0.00282
0.010000  0.00951  0.04635 -0.00686 -0.00908  0.00150
0.010000  0.01070 -0.00043  0.00872  0.00522 -0.00610
0.010000 -0.01384  0.00380 -0.00780 -0.01321  0.01613
0.010000  0.01796  0.00994  0.00929  0.03962  0.01767
0.010000  0.00783  0.00231 -0.00867  0.00809  0.00405
0.010000  0.00676  0.01190  0.00396 -0.00427  0.00990
0.010000 -0.00492 -0.00161  0.00675  0.00558 -0.03170
0.010000  0.01196  0.00177 -0.00132 -0.03458 -0.00877
0.010000  0.01400  0.00888  0.00519 -0.00585 -0.00975
0.010000 -0.00450 -0.00327  0.00742 -0.02038 -0.00337
0.010000 -0.01997 -0.00775  0.00536  0.00480 -0.02425
0.010000 -0.00932  0.00467 -0.00834  0.00366 -0.01764
0.010000  0.01262  0.02698 -0.00810 -0.02977 -0.00182
0.010000  0.00475  0.01475 -0.00294  0.03124 -0.00856
0.010000 -0.00752  0.01920 -0.00611 -0.01688  0.01123
0.010000  0.00524  0.00650 -0.00660 -0.02510 -0.01075
0.010000  0.00332 -0.00143 -0.00390 -0.03719 -0.00467
0.010000 -0.01276 -0.00507  0.00887  0.01916 -0.01406
0.010000  0.00729 -0.00203 -0.00738 -0.02162  0.00053
0.010000 -0.01761 -0.00650 -0.00006 -0.01636 -0.02167
0.010000  0.00106  0.00762 -0.00337  0.00736  0.00765
0.010000  0.04914  0.08318  0.00869  0.01385 -0.01974
0.010000 -0.02087 -0.01381  0.00012 -0.00347 -0.00716
0.010000 -0.01834 -0.01143 -0.00379 -0.03021  0.00626
0.010000 -0.02185 -0.01371 -0.00294 -0.01260  0.01744
0.010000 -0.00535 -0.00725 -0.00549  0.01048 -0.01371
0.010000 -0.00407  0.00222  0.00891  0.01558 -0.00491
0.010000  0.04393  0.02981  0.00694  0.01375  0.00229
0.010000  0.02081  0.00934 -0.00648  0.03757 -0.00585
0.010000  0.01628  0.01010  0.00072  0.00487  0.01666
0.010000 -0.02416 -0.01327  0.00777  0.01401 -0.02031
0.010000  0.00379 -0.00023 -0.00638 -0.02158  0.02353
0.010000 -0.01561 -0.00418  0.00209 -0.01028 -0.02051
0.010000  0.02188  0.04902  0.01044  0.06998  0.01138
0.010000  0.00427  0.01894 -0.00793  0.00811 -0.01098
0.010000 -0.04665 -0.01959 -0.00182  0.01283 -0.03856
0.010000 -0.01691 -0.01029  0.00824  0.00227 -0.02229
0.010000 -0.02722 -0.01286  0.00508 -0.00867 -0.01837
0.010000 -0.02556 -0.01543  0.00652  0.01704 -0.00896
0.010000  0.01710  0.00260  0.00107  0.02474  0.01436
0.010000  0.01886  0.00287  0.00291 -0.01959  0.00689
0.010000 -0.01223 -0.00992  0.00839  0.05123 -0.02569
0.010000  0.01549  0.01570 -0.00797  0.01895  0.01636
0.010000 -0.00621  0.00238  0.00639 -0.03395 -0.02508
0.010000 -0.01500 -0.00731  0.00771  0.01780 -0.00225
0.010000  0.00894  0.01452  0.00531  0.03471 -0.02054
0.010000 -0.01026 -0.00628 -0.00271 -0.04126  0.00403
0.010000  0.01981  0.01304 -0.00234 -0.02140  0.01205
0.010000  0.02423  0.01779 -0.00752 -0.04906  0.00928
0.010000 -0.01329 -0.00427 -0.00766  0.01536 -0.00640
0.010000  0.00150 -0.00456 -0.01033 -0.01284 -0.02020
0.010000 -0.00578 -0.00721  0.00616 -0.01435 -0.01451
0.010000 -0.00153  0.00556 -0.00627  0.01162  0.00598
0.010000  0.03696  0.01414 -0.01028 -0.05984  0.02257
0.010000  0.01010  0.00252 -0.00405 -0.00134  0.00053
0.010000  0.04005  0.02046 -0.00156 -0.03395 -0.03645
0.010000 -0.00796  0.03745 -0.00589  0.06759 -0.00368
0.010000  0.00625  0.00536  0.00293  0.00098  0.02542
0.010000 -0.02925 -0.01581  0.00518 -0.00537 -0.02334
0.010000  0.03025  0.03900  0.00525  0.01573 -0.00530
0.010000 -0.00281 -0.00469  0.00571  0.02196 -0.03031
0.010000  0.02301  0.00723 -0.00478  0.02389  0.00762
0.010000 -0.00196 -0.00456 -0.00259  0.01257 -0.03166
0.010000 -0.00323 -0.00314  0.00400  0.04775 -0.01101
0.010000 -0.02294 -0.00969 -0.00002 -0.03549 -0.02128
0.010000 -0.01913 -0.01297  0.00105 -0.00557  0.01784
0.010000  0.00574  0.00134 -0.00542  0.00762 -0.00542
0.010000 -0.00025  0.00931 -0.00624 -0.02007  0.01751
0.010000 -0.01122 -0.00225  0.00130  0.04214 -0.01735
0.010000 -0.03195 -0.00265 -0.00875  0.00559 -0.00144
0.010000  0.01330  0.01458  0.00587  0.02236 -0.03121
0.010000 -0.00886  0.00620  0.00467 -0.01316  0.02278
0.010000  0.02554  0.02824  0.00367  0.04939 -0.00500
0.010000  0.00018 -0.00015 -0.00981 -0.04377 -0.00394
0.010000  0.03439  0.02294 -0.00547 -0.05401 -0.00390
0.010000  0.00240  0.01646  0.00846 -0.01472  0.02919
