# Scenario generation method from a paper by Hoyland, Kaut & Wallace
# Code by Michal Kaut (michal.kaut@iot.ntnu.n) & Diego Mathieu

#   prob   var  1   var  2   var  3   var  4   var  5
0.010000  0.06534  0.03080  0.01113  0.05262  0.05515
0.010000 -0.00154  0.00351 -0.01269 -0.00609 -0.03155
0.010000  0.04570  0.00428  0.04017  0.07777  0.02865
0.010000 -0.03014 -0.02146 -0.00972  0.04824  0.00430
0.010000 -0.01163  0.03316 -0.00721 -0.01099 -0.01752
0.010000 -0.02084  0.03698 -0.00761 -0.01147  0.01800
0.010000  0.00207 -0.00268 -0.00154  0.00394  0.00380
0.010000 -0.01401 -0.01675 -0.00715  0.05738 -0.01658
0.010000 -0.01635  0.00800  0.00817  0.04244  0.00144
0.010000 -0.01243 -0.00805 -0.00535  0.00241  0.02526
0.010000  0.00394 -0.00118  0.01811  0.06705 -0.02056
0.010000  0.04173  0.01707  0.00960  0.03083  0.00281
0.010000  0.02605  0.00298  0.01147  0.07491  0.01147
0.010000  0.02740 -0.00535  0.01366  0.05220  0.02062
0.010000 -0.01557 -0.00059  0.00564  0.00377 -0.00665
0.010000  0.01298  0.00790 -0.00269 -0.00457 -0.01171
0.010000 -0.02701 -0.00856 -0.01863 -0.00412 -0.00096
0.010000 -0.02438 -0.01126  0.00035  0.01075  0.00066
0.010000 -0.00919  0.01686  0.00194 -0.00722 -0.00058
0.010000 -0.02638 -0.01659 -0.01838  0.00023  0.01657
0.010000 -0.02880  0.00480 -0.00451  0.05001  0.00661
0.010000  0.01516  0.01729 -0.00655 -0.00812  0.01123
0.010000 -0.01082  0.01510 -0.00672 -0.00316  0.02602
0.010000  0.03322  0.02030  0.00964 -0.00186  0.02502
0.010000 -0.01480 -0.00269 -0.01362  0.04662  0.01150
0.010000 -0.01711  0.00836  0.00524 -0.00210  0.00939
0.010000 -0.03154  0.01938 -0.01115 -0.01017 -0.02843
0.010000 -0.00242  0.05018 -0.00028 -0.01336 -0.07568
0.010000 -0.02823  0.00124  0.00762  0.00391 -0.02165
0.010000 -0.00329  0.02936  0.00584 -0.00942 -0.01504
0.010000 -0.00754  0.01455  0.00022 -0.00685 -0.03759
0.010000  0.00168 -0.00012  0.00324  0.01737  0.02453
0.010000 -0.03032  0.01006 -0.01076  0.01101 -0.01104
0.010000 -0.02985  0.01519  0.00178 -0.00735  0.02125
0.010000  0.05265  0.01373  0.01861  0.01629 -0.02481
0.010000 -0.02369  0.05021 -0.00524 -0.01143  0.03023
0.010000  0.01857  0.02402  0.02175  0.05191  0.02922
0.010000  0.06980  0.03917  0.03417  0.00209  0.01486
0.010000 -0.03074  0.02175  0.01413  0.04496 -0.00828
0.010000  0.01741  0.00275  0.01040  0.07421  0.00400
0.010000  0.00683 -0.00482  0.00297  0.03915 -0.00107
0.010000  0.06157  0.02264  0.01416 -0.00242  0.02025
0.010000 -0.02572 -0.01113  0.00329  0.01528 -0.04975
0.010000  0.05533  0.01520  0.01830  0.01184 -0.01919
0.010000  0.07544  0.00308  0.02085  0.07113  0.03337
0.010000 -0.02763  0.00052 -0.01511 -0.00646 -0.00774
0.010000 -0.00837 -0.01088 -0.00680  0.07343  0.00060
0.010000 -0.01787  0.04319 -0.01799 -0.01070  0.00923
0.010000  0.03022  0.01744  0.01625  0.05140  0.02759
0.010000  0.02095 -0.00510  0.00050  0.00918  0.05300
0.010000  0.02879  0.03053  0.01500 -0.00735  0.03969
0.010000 -0.03141 -0.00224 -0.01503 -0.00567 -0.01717
0.010000  0.03479  0.07887  0.00733 -0.01299 -0.01509
0.010000  0.01975  0.01353  0.01675  0.00380 -0.00245
0.010000 -0.01001 -0.01716 -0.01071  0.01457 -0.00234
0.010000 -0.02934  0.00188 -0.00749  0.02404 -0.03296
0.010000  0.00025  0.02053 -0.00020 -0.00828  0.03163
0.010000  0.08416  0.07544  0.01776 -0.01109  0.04048
0.010000 -0.00065  0.00945  0.00105  0.04966  0.01101
0.010000 -0.03137 -0.01316 -0.00066  0.07570 -0.01929
0.010000  0.01627  0.03802  0.01911 -0.00895 -0.00624
0.010000  0.01406  0.02899 -0.00324 -0.00974 -0.00271
0.010000  0.00882  0.04159  0.00353 -0.01059 -0.01415
0.010000 -0.01862 -0.00381 -0.02250 -0.00134  0.03844
0.010000 -0.00586  0.04294 -0.00112 -0.01236  0.01367
0.010000  0.02473  0.00630  0.02553  0.05069  0.00042
0.010000 -0.03109 -0.00294 -0.00189  0.00031  0.00990
0.010000 -0.01322 -0.00125  0.00511  0.01107  0.01346
0.010000 -0.00670 -0.00662 -0.00476  0.00208 -0.02320
0.010000 -0.02506 -0.01407 -0.00217  0.02298  0.00368
0.010000  0.05017  0.00899  0.00518  0.00128  0.02388
0.010000 -0.02006 -0.01687 -0.01121  0.00593 -0.03368
0.010000  0.04787  0.00724  0.00020  0.05621 -0.00287
0.010000  0.02219  0.01833  0.00053 -0.00495 -0.00248
0.010000  0.03642  0.00356  0.02231  0.06048  0.02591
0.010000  0.05828  0.00430  0.01800  0.07704  0.03903
0.010000 -0.03098  0.02554 -0.00527 -0.00977 -0.03695
0.010000  0.01087  0.00919  0.00255  0.05647  0.02246
0.010000  0.00782  0.02307 -0.00204 -0.00886 -0.01384
0.010000 -0.02861 -0.01548 -0.00464  0.07130 -0.03381
0.010000  0.02344  0.03021  0.01887  0.01657  0.01648
0.010000 -0.00415 -0.00539 -0.00558  0.05731  0.02087
0.010000  0.04366  0.00797  0.01769  0.02529  0.00444
0.010000 -0.02011  0.00167 -0.00292 -0.00315 -0.02168
0.010000  0.01192  0.01775  0.00415 -0.00638  0.00337
0.010000  0.00586  0.01140  0.00679 -0.00303  0.01203
0.010000 -0.02157  0.00015  0.00451  0.07116  0.02398
0.010000 -0.02299 -0.00283 -0.00286 -0.00071 -0.02330
0.010000  0.00300  0.00130 -0.00283  0.00486 -0.05892
0.010000  0.03988 -0.00470  0.01241  0.07798 -0.01671
0.010000  0.03170  0.03518  0.01041 -0.00917 -0.00089
0.010000  0.00116  0.03167  0.00868 -0.00942  0.03337
0.010000 -0.03157 -0.00109 -0.00349 -0.00246  0.01470
0.010000 -0.00501  0.01712 -0.00096 -0.00556  0.00570
0.010000 -0.01937 -0.01612 -0.02862 -0.00350  0.02392
0.010000  0.00984 -0.00631 -0.00846  0.00463 -0.05300
0.010000  0.00489 -0.00326  0.00293  0.00680 -0.01688
0.010000 -0.02228  0.00942 -0.00144 -0.00601  0.00677
0.010000  0.03812  0.04627  0.01310 -0.00797  0.00160
0.010000 -0.02583 -0.01300  0.00050  0.01579  0.02859
