# Scenario generation method from a paper by Hoyland, Kaut & Wallace
# Code by Michal Kaut (michal.kaut@iot.ntnu.n) & Diego Mathieu

#   prob   var  1   var  2   var  3   var  4   var  5
0.010000 -0.00991  0.00353 -0.00573 -0.01767  0.00806
0.010000  0.01226  0.01188  0.02721  0.00797 -0.04046
0.010000 -0.02032 -0.01204 -0.00368 -0.01397 -0.01738
0.010000 -0.00899 -0.00029  0.00167 -0.00741  0.00120
0.010000 -0.01228  0.00676 -0.00667 -0.02185 -0.02865
0.010000  0.02106  0.01767 -0.00883 -0.01059  0.01860
0.010000 -0.02662 -0.03055 -0.02233 -0.01720  0.02237
0.010000  0.00611  0.00729  0.00724 -0.00458  0.00539
0.010000 -0.01972 -0.00506 -0.00646 -0.01727 -0.00990
0.010000 -0.04304 -0.02859 -0.01678 -0.02705  0.00514
0.010000 -0.01277 -0.01561 -0.02174 -0.02293 -0.01159
0.010000  0.00401 -0.00957 -0.01097 -0.01118 -0.00522
0.010000 -0.00356 -0.01213  0.00023  0.00390  0.00689
0.010000 -0.02746 -0.01993 -0.00439  0.00561  0.02352
0.010000 -0.02158 -0.03036 -0.01053  0.00047  0.00120
0.010000  0.02883  0.01128  0.01574  0.01965 -0.02211
0.010000 -0.02223 -0.02422 -0.00552 -0.01580 -0.00468
0.010000  0.00154 -0.00508  0.00422 -0.00707 -0.03951
0.010000  0.00837 -0.00369  0.01286  0.00793  0.00656
0.010000 -0.01742 -0.03267 -0.00324  0.01039  0.00121
0.010000  0.00202  0.01495 -0.00244 -0.01921 -0.01662
0.010000 -0.01687 -0.00600 -0.00801 -0.02184  0.00233
0.010000 -0.01038 -0.00780  0.01621  0.09619  0.00331
0.010000  0.01155  0.01767  0.00169 -0.01423 -0.03721
0.010000 -0.00265 -0.00417  0.00142 -0.00053 -0.02411
0.010000 -0.02505 -0.01416 -0.02459 -0.02739 -0.02142
0.010000  0.00106 -0.00319  0.00417  0.01842 -0.01074
0.010000  0.01966  0.01120  0.02018  0.02433 -0.03056
0.010000 -0.01528  0.00389 -0.00249 -0.01476  0.00420
0.010000  0.01735  0.01761  0.00422  0.00936 -0.01160
0.010000  0.01543  0.01665  0.00549 -0.01140 -0.02401
0.010000 -0.00174 -0.01181  0.00022  0.02635 -0.01690
0.010000 -0.00082  0.00327  0.00403 -0.00694 -0.00193
0.010000  0.00251  0.01316  0.00354 -0.00661  0.00498
0.010000  0.00504  0.00013  0.01373  0.00986 -0.00775
0.010000 -0.00491  0.00669 -0.00217 -0.00945 -0.01009
0.010000 -0.02290 -0.01514 -0.02770 -0.02752 -0.01182
0.010000  0.00897 -0.00210  0.01597  0.01036  0.01743
0.010000  0.00557 -0.01005  0.00131  0.01800  0.00596
0.010000 -0.03835 -0.03456 -0.01379 -0.02204 -0.00677
0.010000  0.00722  0.01383 -0.00333 -0.01583 -0.01771
0.010000 -0.03246 -0.01928 -0.00862 -0.02391 -0.01356
0.010000 -0.01855 -0.00072 -0.00554 -0.02037 -0.01511
0.010000 -0.05455 -0.03548 -0.02161 -0.02907 -0.00492
0.010000 -0.02835 -0.01885 -0.01548  0.01202 -0.01928
0.010000  0.01844  0.01327  0.00325  0.03005 -0.01352
0.010000 -0.03132 -0.03511 -0.01771 -0.02117 -0.00927
0.010000  0.01022  0.01371  0.00290  0.02293 -0.00639
0.010000 -0.00035 -0.00099 -0.00591 -0.01097 -0.00312
0.010000 -0.01798 -0.01832 -0.00551  0.01831  0.01921
0.010000 -0.03506 -0.03219 -0.01031 -0.01054 -0.00154
0.010000 -0.00128 -0.00152 -0.00724  0.01724  0.01403
0.010000 -0.01326  0.00167  0.02794  0.00466  0.01036
0.010000 -0.01477 -0.00705 -0.01182  0.01242  0.00642
0.010000 -0.00716 -0.01890  0.00079 -0.00873 -0.02823
0.010000 -0.00853  0.00606 -0.00719 -0.02161  0.00356
0.010000 -0.01132 -0.00574  0.01103  0.00673 -0.01094
0.010000  0.01457 -0.00083  0.02466  0.03647 -0.03393
0.010000 -0.00401 -0.00241 -0.00216 -0.02093 -0.03826
0.010000  0.00958  0.01762  0.01130  0.00157 -0.01375
0.010000  0.00452 -0.00486 -0.00173 -0.00130  0.00582
0.010000 -0.04670 -0.03417 -0.02182 -0.02868 -0.02999
0.010000 -0.01376 -0.01910 -0.01079 -0.01755 -0.00275
0.010000 -0.01634 -0.00372 -0.00525 -0.01909 -0.03014
0.010000  0.01087  0.01331  0.00206  0.00006 -0.01549
0.010000 -0.04043 -0.01864 -0.03418 -0.03047 -0.03059
0.010000 -0.00807  0.00677 -0.00461 -0.01266 -0.03841
0.010000  0.01636  0.01108  0.02359  0.03160  0.02182
0.010000  0.02274  0.01152  0.01882  0.06115 -0.00383
0.010000 -0.02928 -0.00942 -0.00662 -0.01972  0.00078
0.010000 -0.01085 -0.00463 -0.00189 -0.00121 -0.01955
0.010000  0.00301  0.00674  0.00101 -0.00830 -0.01312
0.010000  0.00351 -0.00630 -0.05179 -0.02401  0.01309
0.010000 -0.02582 -0.02611  0.00084 -0.01054 -0.00616
0.010000 -0.03370 -0.02840 -0.02415 -0.02329 -0.02352
0.010000 -0.00220 -0.01963  0.01279  0.02456 -0.00705
0.010000 -0.02431 -0.01022 -0.00841 -0.01139 -0.01129
0.010000 -0.01426  0.00193 -0.00503 -0.01532  0.00395
0.010000 -0.02359 -0.02198  0.00256 -0.01059 -0.02756
0.010000  0.02492  0.01313  0.02502  0.04774  0.00216
0.010000 -0.00762 -0.00353  0.00682 -0.00218  0.00043
0.010000 -0.00581 -0.01052 -0.00257  0.00135  0.01901
0.010000 -0.01180 -0.00256  0.00368  0.00313 -0.01965
0.010000 -0.00671 -0.00840 -0.00243 -0.00522 -0.01906
0.010000  0.00666  0.01681 -0.00652 -0.01684  0.01204
0.010000 -0.01913 -0.01483 -0.01149 -0.02236 -0.02027
0.010000  0.00012 -0.01845  0.00186 -0.00040 -0.04693
0.010000 -0.00626 -0.00290 -0.00510 -0.01047  0.00717
0.010000  0.01376  0.01358  0.00806  0.01654  0.00223
0.010000 -0.00311 -0.01889  0.00696  0.01971  0.00201
0.010000 -0.00945  0.00673 -0.00111 -0.01523 -0.01733
0.010000 -0.03659 -0.02188 -0.04209 -0.03059 -0.01213
0.010000  0.00779  0.01686 -0.00176 -0.01036  0.00090
0.010000 -0.02094 -0.01905 -0.02766 -0.02546 -0.01132
0.010000  0.01299 -0.00737  0.00635  0.00144 -0.03604
0.010000 -0.00446 -0.01125  0.00167 -0.00212 -0.01516
0.010000 -0.00536  0.00541  0.00216 -0.01198  0.00786
0.010000 -0.01581 -0.02945  0.00158  0.01462 -0.00273
0.010000  0.00059  0.00147 -0.01768 -0.00495  0.00369
0.010000 -0.03027 -0.02697 -0.00438 -0.01873 -0.02725
