# Scenario generation method from a paper by Hoyland, Kaut & Wallace
# Code by Michal Kaut (michal.kaut@iot.ntnu.n) & Diego Mathieu

#   prob   var  1   var  2   var  3   var  4   var  5
0.010000 -0.01900 -0.00566 -0.00993 -0.01842 -0.00940
0.010000  0.01019  0.01199  0.00578 -0.04589 -0.01549
0.010000 -0.01297 -0.00435  0.01143  0.00978 -0.03501
0.010000 -0.03552 -0.00194 -0.01097 -0.00904 -0.01815
0.010000 -0.00808 -0.00962 -0.00941 -0.01919 -0.01280
0.010000 -0.00371 -0.01039 -0.00909  0.02134  0.00711
0.010000 -0.01446 -0.01278  0.00466 -0.00598 -0.02236
0.010000 -0.00156  0.01113 -0.00853  0.00058 -0.00130
0.010000 -0.02619  0.00178 -0.01123 -0.01472  0.01370
0.010000 -0.02013 -0.01054 -0.01061  0.00260  0.04376
0.010000  0.00161 -0.00338 -0.00348  0.02554 -0.02887
0.010000 -0.01796 -0.00140 -0.00853 -0.03106 -0.00635
0.010000  0.00497  0.01382  0.00055  0.01521 -0.03880
0.010000 -0.00115  0.01231  0.01263 -0.01270 -0.01601
0.010000 -0.01370 -0.01249  0.00771 -0.02493 -0.02517
0.010000  0.02121  0.00051  0.00392 -0.04146 -0.00253
0.010000 -0.00327 -0.01131  0.00200 -0.00689 -0.01775
0.010000 -0.01526  0.00036 -0.00465 -0.03075  0.00866
0.010000  0.00312 -0.01036  0.00236 -0.00935  0.01024
0.010000  0.01560  0.01164  0.01240  0.00105 -0.01782
0.010000  0.00718  0.00127 -0.00731 -0.02971  0.00041
0.010000  0.00534  0.00981 -0.00851 -0.00174 -0.01018
0.010000 -0.00555 -0.00002  0.00405 -0.00747 -0.03237
0.010000  0.01925  0.01322  0.00984 -0.00433 -0.02423
0.010000 -0.00863 -0.01238 -0.00666 -0.00173 -0.01243
0.010000 -0.00977  0.00464 -0.00514 -0.01064 -0.00667
0.010000  0.00045 -0.00800  0.00139  0.00904 -0.01603
0.010000  0.00793 -0.00757 -0.00624 -0.01149  0.00365
0.010000  0.01469  0.00255  0.00192  0.01291 -0.01769
0.010000  0.00867 -0.00837  0.01269  0.01279 -0.00570
0.010000  0.00386  0.01160 -0.00196 -0.03170  0.00007
0.010000 -0.00074 -0.01116 -0.00507  0.00553 -0.02422
0.010000  0.01382  0.00293 -0.00495  0.00998 -0.01122
0.010000 -0.01610 -0.01046 -0.00418  0.02228  0.00272
0.010000  0.00006  0.00160 -0.00303 -0.01870  0.02189
0.010000 -0.02434 -0.01336 -0.00650 -0.00892 -0.00358
0.010000 -0.00240 -0.00860  0.01347 -0.05485 -0.03271
0.010000  0.00199 -0.00429 -0.00779  0.00803 -0.01085
0.010000  0.01514 -0.00032 -0.00443 -0.00823  0.01157
0.010000  0.02762  0.01243 -0.00458 -0.02831  0.01151
0.010000  0.00755  0.01356 -0.00651 -0.02587 -0.01611
0.010000  0.01811  0.00841 -0.00542  0.00552  0.00607
0.010000  0.02277  0.01534  0.01427 -0.04205  0.00822
0.010000 -0.02842 -0.00820  0.00190 -0.02943  0.00623
0.010000  0.01175 -0.00784 -0.00113  0.02294 -0.00796
0.010000 -0.01700 -0.00883  0.00512 -0.01948 -0.01109
0.010000  0.01339 -0.00683 -0.00203 -0.00825 -0.00455
0.010000  0.00460  0.00071 -0.00436 -0.00068  0.01475
0.010000 -0.00508  0.01163  0.00229 -0.00589 -0.02342
0.010000  0.03063  0.00765  0.01144 -0.00088 -0.01188
0.010000  0.02598  0.01536 -0.00582 -0.01391 -0.01602
0.010000  0.01987  0.00369  0.01600 -0.01003 -0.02004
0.010000  0.00571  0.01409 -0.00198 -0.02100  0.00775
0.010000 -0.00703 -0.01230 -0.00809  0.01123 -0.00062
0.010000 -0.02277 -0.01286 -0.00992  0.00728 -0.02837
0.010000 -0.03131 -0.00088 -0.00648  0.01931 -0.00014
0.010000  0.01256 -0.00804 -0.00424 -0.01325 -0.01217
0.010000  0.00349  0.00753  0.00328 -0.02512 -0.00276
0.010000  0.01297 -0.00653 -0.00403 -0.01965 -0.00090
0.010000 -0.00461 -0.00604 -0.00194  0.01499 -0.02493
0.010000 -0.02138 -0.01204  0.00913 -0.00289 -0.01201
0.010000  0.01216  0.01105  0.00190  0.00260  0.02212
0.010000 -0.01098  0.00069  0.00254  0.00857 -0.01014
0.010000  0.00237 -0.00699 -0.00763  0.02947 -0.00052
0.010000  0.01136  0.00345 -0.00712  0.01895  0.00541
0.010000  0.00084  0.00008 -0.00594 -0.00721  0.01019
0.010000  0.00943 -0.00833 -0.00133 -0.02627  0.00141
0.010000  0.00981 -0.00187  0.00463  0.01937 -0.00459
0.010000  0.01425  0.01398  0.00852  0.01608  0.00783
0.010000  0.01758  0.00920 -0.00624  0.00194  0.01579
0.010000  0.01057 -0.00526 -0.00739  0.01693  0.00544
0.010000  0.01867 -0.00285  0.00557  0.00780  0.00087
0.010000 -0.00919  0.00602 -0.00717 -0.02872 -0.00306
0.010000  0.02051  0.01254  0.01244  0.00738  0.01135
0.010000  0.00905  0.00089  0.01208  0.00467 -0.03781
0.010000  0.00681 -0.00940  0.00338 -0.00802 -0.00298
0.010000  0.01096 -0.00734  0.00604  0.01814 -0.01556
0.010000  0.00830  0.00343  0.00925 -0.01986  0.00256
0.010000 -0.04540 -0.00679 -0.01213 -0.02371  0.00474
0.010000  0.01607  0.00907 -0.00381 -0.00941 -0.01050
0.010000  0.00123  0.00644 -0.00737 -0.00340  0.02921
0.010000  0.00423  0.01276  0.01213  0.01448  0.02005
0.010000  0.01656 -0.00385  0.01504  0.01073  0.01721
0.010000 -0.01162 -0.00960  0.00247 -0.01124 -0.01623
0.010000  0.02368 -0.00171  0.00685  0.02045 -0.00862
0.010000 -0.00604  0.01162 -0.00721 -0.06139 -0.00747
0.010000 -0.00034 -0.00173  0.00068 -0.00754 -0.00499
0.010000  0.00645 -0.00517 -0.00755  0.02563 -0.01959
0.010000 -0.01228  0.00914  0.00581  0.00093 -0.01436
0.010000  0.02473  0.01064  0.00260  0.01204  0.02198
0.010000 -0.00653  0.00303 -0.00965 -0.00610 -0.00143
0.010000 -0.00755 -0.00803  0.00782 -0.04278 -0.01371
0.010000  0.00275  0.01365 -0.00455  0.00625 -0.01358
0.010000  0.00608  0.00516  0.00423 -0.01700  0.01460
0.010000 -0.00283 -0.01163  0.00547 -0.03741 -0.00896
0.010000 -0.00416 -0.00560 -0.00487  0.00489 -0.02077
0.010000  0.01706  0.01527 -0.00694  0.00741  0.02340
0.010000 -0.00198  0.00499 -0.00463 -0.03728 -0.00365
0.010000  0.02195 -0.00287  0.00506  0.01242 -0.02343
0.010000 -0.01036 -0.01262 -0.00620 -0.04344  0.00904
