# Scenario generation method from a paper by Hoyland, Kaut & Wallace
# Code by Michal Kaut (michal.kaut@iot.ntnu.n) & Diego Mathieu

#   prob   var  1   var  2   var  3   var  4   var  5
0.010000 -0.06053 -0.02172 -0.02016 -0.04017 -0.00725
0.010000 -0.06503 -0.01211 -0.01237 -0.03772 -0.02842
0.010000 -0.02608  0.01048 -0.00342 -0.02951 -0.00265
0.010000 -0.01615 -0.00744 -0.01540 -0.00947 -0.01557
0.010000  0.03789  0.01719  0.05882  0.02606  0.01354
0.010000 -0.04677 -0.04761 -0.02144 -0.06445 -0.00997
0.010000  0.04836  0.01264 -0.02324  0.02843 -0.00944
0.010000 -0.00528 -0.01664 -0.02102 -0.03755 -0.01821
0.010000 -0.05683 -0.02296  0.00677 -0.05004 -0.01980
0.010000 -0.02063 -0.03850 -0.00627 -0.00445 -0.00577
0.010000  0.00876 -0.00992  0.01526  0.01485 -0.01540
0.010000 -0.03985 -0.01417  0.01339  0.00814 -0.01744
0.010000 -0.02153 -0.00288  0.01057 -0.01632 -0.01371
0.010000  0.02528  0.02753 -0.01092  0.00921 -0.01296
0.010000 -0.02516 -0.02971 -0.00068  0.00182 -0.01599
0.010000 -0.01347 -0.03389 -0.00807 -0.02782 -0.00180
0.010000  0.02234  0.00499 -0.00022  0.01266 -0.00006
0.010000  0.05589  0.04030 -0.00267  0.02239 -0.00304
0.010000 -0.06265 -0.05257  0.01326 -0.04591 -0.03088
0.010000 -0.04094 -0.04207  0.00660 -0.03043 -0.00882
0.010000 -0.01257  0.00208 -0.00671 -0.01338 -0.01655
0.010000  0.00554  0.04949  0.00228  0.00515  0.01103
0.010000  0.00767 -0.01216  0.00329 -0.00515 -0.00372
0.010000 -0.01526 -0.02627 -0.01026 -0.01289 -0.00261
0.010000 -0.04935 -0.02712 -0.00730 -0.05114  0.04112
0.010000  0.00348 -0.00615  0.01614  0.02196 -0.01265
0.010000 -0.05361 -0.04592 -0.01275 -0.05527 -0.01604
0.010000 -0.03878  0.00468 -0.02412 -0.02186 -0.01618
0.010000 -0.01077 -0.02165 -0.02480 -0.02218 -0.02310
0.010000  0.00987  0.00108 -0.03218  0.01191 -0.02514
0.010000 -0.04554 -0.03278 -0.02485 -0.06826 -0.01610
0.010000 -0.01794  0.01499 -0.00526 -0.01472  0.00267
0.010000 -0.03270 -0.04165 -0.01617 -0.03026 -0.02931
0.010000 -0.04435 -0.04785 -0.01915 -0.04289 -0.00851
0.010000  0.01451 -0.00891 -0.01047 -0.00358 -0.01676
0.010000 -0.02701 -0.02520 -0.04116 -0.03583 -0.02895
0.010000 -0.00339 -0.01915  0.02558 -0.00372 -0.00916
0.010000  0.01331  0.00750 -0.02126 -0.00292 -0.01518
0.010000  0.03379  0.06319  0.04182  0.05220  0.01636
0.010000 -0.03568 -0.01645 -0.03341 -0.03403 -0.01572
0.010000 -0.00805 -0.03145 -0.00573 -0.02051 -0.01989
0.010000 -0.04804 -0.03584 -0.00862 -0.04940 -0.02117
0.010000 -0.03468 -0.00705 -0.00510 -0.02113 -0.00386
0.010000  0.03577  0.03000 -0.01189  0.00521  0.00556
0.010000 -0.03173 -0.01757  0.01939  0.02957 -0.02210
0.010000 -0.00434  0.00307  0.00160  0.01681 -0.02085
0.010000  0.01099 -0.01795 -0.00281 -0.00017 -0.00072
0.010000 -0.03368 -0.03501 -0.03000 -0.02292 -0.03467
0.010000 -0.00148 -0.02641  0.02794  0.00684 -0.01807
0.010000 -0.01167 -0.01166 -0.02452 -0.02393 -0.01801
0.010000  0.01827  0.02449 -0.00380 -0.02550  0.02300
0.010000  0.00246 -0.01766 -0.02050 -0.00280 -0.00673
0.010000 -0.00621 -0.00992 -0.01291  0.00041 -0.02066
0.010000  0.08227  0.04905  0.01489  0.08650  0.02374
0.010000 -0.02982 -0.02739  0.03485  0.00046 -0.01014
0.010000  0.00450 -0.00644 -0.01202  0.00811 -0.01714
0.010000 -0.01883 -0.03729  0.00314 -0.02428 -0.00061
0.010000 -0.05212 -0.01812  0.02256 -0.02462 -0.02052
0.010000 -0.02888 -0.01504 -0.01802 -0.05773 -0.01751
0.010000 -0.04319 -0.03006 -0.03667 -0.02756 -0.01792
0.010000  0.01698  0.04480 -0.00813  0.00526  0.01437
0.010000 -0.01704 -0.03082 -0.01721 -0.01350 -0.02728
0.010000  0.02845  0.07933  0.03678  0.06274  0.00720
0.010000 -0.03670 -0.01843 -0.01601 -0.02579 -0.01348
0.010000  0.04534  0.02339  0.01582  0.04686  0.00033
0.010000  0.02683  0.01154 -0.01126  0.00441  0.01273
0.010000 -0.00896 -0.00291 -0.02660 -0.00594 -0.00449
0.010000 -0.00987  0.00828 -0.02017 -0.00865 -0.02025
0.010000 -0.02794 -0.03654 -0.00081 -0.00965 -0.00440
0.010000  0.00660  0.00484  0.01444 -0.00190 -0.00919
0.010000 -0.03773 -0.00258 -0.01878 -0.04487  0.00226
0.010000  0.01214  0.01142 -0.00168 -0.00561  0.01375
0.010000 -0.04205 -0.03163 -0.01931 -0.02583 -0.00814
0.010000 -0.02425  0.02335  0.00616 -0.02718 -0.00214
0.010000 -0.07087 -0.04925 -0.03695 -0.05997 -0.04525
0.010000 -0.02334 -0.01591  0.02665  0.00165 -0.00389
0.010000 -0.05070 -0.05127 -0.04317 -0.07865 -0.02656
0.010000  0.00146  0.02822  0.01702 -0.01531  0.00012
0.010000  0.02094  0.01682 -0.00191  0.00467  0.00424
0.010000  0.03014 -0.00252 -0.02744 -0.01043 -0.01258
0.010000 -0.06779 -0.05451  0.04029 -0.03054 -0.02708
0.010000 -0.00244 -0.02515 -0.01295  0.01625 -0.01425
0.010000 -0.03077 -0.02187 -0.02461 -0.02486 -0.02009
0.010000 -0.05517 -0.03923 -0.01787 -0.00640 -0.03421
0.010000  0.05181  0.02670  0.02000  0.04461  0.01921
0.010000  0.04263  0.04613  0.01180  0.03806  0.01927
0.010000 -0.01436 -0.03274 -0.00467 -0.01487 -0.02289
0.010000  0.03192  0.03408  0.03999  0.04467  0.01267
0.010000  0.04016  0.05435  0.00637  0.02766  0.02591
0.010000 -0.01973 -0.03280 -0.01395 -0.02463 -0.01425
0.010000  0.06793  0.05273  0.03059  0.03560  0.00930
0.010000  0.01958  0.06433  0.00257  0.02163 -0.00460
0.010000 -0.02243  0.00388  0.00379 -0.00272 -0.01158
0.010000  0.02378 -0.00124 -0.00985  0.01871 -0.00274
0.010000 -0.05860 -0.04239 -0.03906 -0.06790 -0.02999
0.010000 -0.00713  0.00690  0.02507  0.00741 -0.00506
0.010000  0.00047  0.01700  0.03745  0.01322 -0.00670
0.010000  0.06095  0.06763  0.00286  0.03838  0.03891
0.010000 -0.00051 -0.01292 -0.00176  0.01053 -0.01618
0.010000  0.01573 -0.00397 -0.00131  0.00272 -0.01378
