# Scenario generation method from a paper by Hoyland, Kaut & Wallace
# Code by Michal Kaut (michal.kaut@iot.ntnu.n) & Diego Mathieu

#   prob   var  1   var  2   var  3   var  4   var  5
0.010000 -0.00211  0.00582 -0.00773 -0.00114 -0.02764
0.010000  0.01359  0.00197  0.01663  0.00784  0.00770
0.010000 -0.00020  0.00623 -0.00508 -0.00712 -0.01386
0.010000 -0.00614 -0.00877 -0.00054  0.00227 -0.03029
0.010000 -0.02154 -0.01286  0.01112  0.00034  0.02736
0.010000 -0.04656 -0.02475 -0.02264 -0.02750 -0.03498
0.010000 -0.01698 -0.00850 -0.01336  0.00257 -0.01435
0.010000  0.01285  0.00473  0.02588  0.04142  0.00993
0.010000  0.00042  0.00540  0.04305  0.08653  0.02280
0.010000 -0.00276 -0.01208 -0.00358 -0.00657 -0.03984
0.010000 -0.03988 -0.00955 -0.02738 -0.03821 -0.03903
0.010000  0.00814  0.00702 -0.01075 -0.00672 -0.03763
0.010000  0.00164  0.00726 -0.00888 -0.02220  0.04064
0.010000 -0.02252 -0.00435 -0.02527 -0.03032  0.02445
0.010000  0.01417 -0.00063  0.00204  0.00214 -0.02509
0.010000 -0.03677 -0.02041 -0.02544 -0.02178  0.00057
0.010000  0.01042 -0.00827  0.06983  0.02446  0.05458
0.010000 -0.01875 -0.02321  0.01027 -0.00466  0.01653
0.010000 -0.03296 -0.01245 -0.00961 -0.01666 -0.01326
0.010000  0.00787 -0.00756  0.00785 -0.00082 -0.03076
0.010000 -0.03262 -0.00724 -0.02244 -0.01799  0.00184
0.010000  0.01624  0.00901  0.02174  0.01387 -0.01219
0.010000 -0.01204 -0.01321 -0.01739 -0.00459 -0.04434
0.010000  0.01662  0.00533  0.02313  0.02202 -0.02404
0.010000  0.01509  0.00126  0.01954  0.02090 -0.04898
0.010000  0.00943 -0.00016  0.01677  0.02185  0.01081
0.010000 -0.01050 -0.01902 -0.01339 -0.00959 -0.05906
0.010000 -0.00146 -0.00334 -0.00193 -0.01544 -0.02833
0.010000 -0.04155 -0.01036 -0.02804 -0.03424  0.00985
0.010000  0.00625 -0.00570  0.00100  0.06164  0.01185
0.010000  0.01577  0.00476  0.00717  0.02478 -0.03337
0.010000  0.01645  0.00710  0.03549  0.02083  0.00207
0.010000 -0.01283 -0.00356 -0.01866 -0.01870  0.00684
0.010000  0.01542 -0.00449  0.00857  0.01047 -0.04567
0.010000 -0.01966 -0.01132 -0.02081 -0.02473 -0.04703
0.010000 -0.03134 -0.01870 -0.01683 -0.02223 -0.00131
0.010000 -0.03829 -0.02125 -0.01152 -0.00395 -0.00774
0.010000 -0.01528 -0.00383 -0.01183 -0.00724 -0.01744
0.010000  0.01672  0.00924  0.00561  0.01184  0.00396
0.010000 -0.01127 -0.01199  0.00313 -0.00158 -0.00185
0.010000 -0.00901 -0.00083 -0.01790 -0.01852 -0.02499
0.010000  0.00734  0.00773  0.01957  0.00066  0.02666
0.010000  0.01572  0.00786  0.00194 -0.00237 -0.01148
0.010000 -0.04329 -0.01476 -0.00899 -0.01393  0.03978
0.010000 -0.02559 -0.00375 -0.02752 -0.01981 -0.04732
0.010000  0.00457 -0.00717  0.03760  0.01385  0.01509
0.010000 -0.03533 -0.01745 -0.01147 -0.01416  0.01754
0.010000 -0.04506 -0.02062 -0.02682 -0.06194 -0.00106
0.010000  0.01274  0.00904  0.01824  0.01949 -0.00065
0.010000  0.01654  0.00754  0.02627  0.00299  0.03413
0.010000  0.01623 -0.00150  0.02622  0.00534  0.00339
0.010000  0.01096 -0.00701  0.00682 -0.00210 -0.00806
0.010000 -0.00476 -0.01051  0.01457  0.00045 -0.01074
0.010000 -0.00469 -0.01813 -0.01114 -0.00692 -0.00570
0.010000  0.01511 -0.00556  0.02657  0.00309  0.03932
0.010000 -0.00684  0.00028 -0.01069 -0.01915 -0.02985
0.010000  0.01230  0.00266  0.00693  0.01434 -0.02466
0.010000  0.00892 -0.00015  0.01062  0.00842 -0.00492
0.010000  0.00365  0.00621 -0.00979 -0.00540 -0.00587
0.010000  0.00342  0.00484  0.00287  0.01541 -0.00461
0.010000 -0.02893 -0.00800 -0.02562 -0.01946  0.01536
0.010000 -0.00408 -0.00837 -0.00475 -0.00058 -0.03290
0.010000  0.00993  0.00340 -0.00097 -0.00471 -0.00027
0.010000  0.00283  0.00584  0.01625  0.00256  0.00965
0.010000  0.01185  0.00900  0.03881  0.03571  0.06859
0.010000 -0.02454 -0.02258 -0.02519 -0.03360 -0.00902
0.010000 -0.04457 -0.02480 -0.01268 -0.00892 -0.02758
0.010000 -0.01445 -0.00557 -0.01834 -0.01621 -0.02960
0.010000  0.00514  0.00567 -0.00091 -0.00365 -0.00850
0.010000 -0.01363 -0.00008 -0.02307 -0.01858  0.00147
0.010000  0.01680  0.00672  0.03739  0.01177  0.03413
0.010000 -0.02352 -0.01629 -0.02396 -0.03985 -0.04012
0.010000 -0.00544 -0.00872 -0.01468 -0.01250 -0.05299
0.010000 -0.00083 -0.01583  0.02060  0.00710 -0.00279
0.010000  0.01474  0.00629  0.01043  0.00815 -0.01987
0.010000 -0.00342 -0.00081 -0.00774 -0.00298 -0.01193
0.010000  0.00400  0.00456 -0.00536 -0.01657 -0.00413
0.010000  0.01317  0.00514 -0.00716  0.00133 -0.02998
0.010000 -0.01612 -0.00316  0.01512  0.00297  0.02247
0.010000  0.01680  0.00696  0.03163  0.05977 -0.02826
0.010000  0.00224 -0.00236  0.01030  0.00441 -0.02148
0.010000 -0.00755 -0.00326  0.02037  0.00377  0.04886
0.010000  0.00680  0.00728 -0.00230 -0.00573 -0.00404
0.010000  0.01399 -0.01230  0.00871 -0.00020 -0.02738
0.010000 -0.02059 -0.00042 -0.02343 -0.01656 -0.00822
0.010000 -0.00975 -0.00469 -0.01741 -0.01406 -0.02530
0.010000 -0.03394 -0.01012 -0.01841 -0.01997  0.00186
0.010000  0.00840  0.00008 -0.00738 -0.00313 -0.03614
0.010000  0.00103  0.00197 -0.01525 -0.00614 -0.00783
0.010000 -0.02778 -0.01452 -0.02054 -0.02882 -0.02548
0.010000  0.01091  0.00153  0.00932  0.02291 -0.01967
0.010000 -0.02667 -0.00761 -0.01018 -0.00765  0.01422
0.010000  0.01600  0.00434  0.01642  0.00348 -0.00592
0.010000  0.01674 -0.00037  0.02895  0.01151 -0.00632
0.010000 -0.03012 -0.01325 -0.02278 -0.01573 -0.00428
0.010000 -0.01786 -0.00566 -0.00672  0.00657 -0.02672
0.010000  0.00570 -0.00737  0.07693  0.02900  0.06315
0.010000  0.01438 -0.00300  0.06211  0.03356  0.06519
0.010000 -0.00827 -0.01120  0.00355  0.00692 -0.02230
0.010000  0.01138  0.00831  0.01130  0.03589 -0.02337
