# Scenario generation method from a paper by Hoyland, Kaut & Wallace
# Code by Michal Kaut (michal.kaut@iot.ntnu.n) & Diego Mathieu

#   prob   var  1   var  2   var  3   var  4   var  5
0.010000  0.04459  0.03629  0.02755  0.04509  0.01230
0.010000  0.03809  0.03434  0.00608  0.03801 -0.00271
0.010000 -0.02614  0.02305  0.01111  0.00229 -0.00907
0.010000  0.00094 -0.02276 -0.00009  0.00857 -0.00589
0.010000 -0.02288  0.01328  0.00197 -0.01691 -0.02220
0.010000  0.01266  0.00450  0.02685  0.01422 -0.01245
0.010000  0.01959  0.00184 -0.00581  0.00480 -0.01698
0.010000  0.01541  0.00057  0.03258  0.02188  0.00595
0.010000 -0.01047  0.04470  0.01966 -0.00449  0.00943
0.010000  0.01096  0.00256 -0.01251  0.00650 -0.00791
0.010000  0.02768  0.02057  0.01085  0.03770 -0.00311
0.010000  0.00563 -0.01694 -0.01281  0.01213 -0.00339
0.010000 -0.04383  0.01915  0.02026 -0.02515 -0.01167
0.010000 -0.01471 -0.01512 -0.00414 -0.03987 -0.00799
0.010000 -0.00694  0.01934 -0.00019  0.03696 -0.00559
0.010000  0.01639  0.02783  0.00228 -0.00197  0.00939
0.010000 -0.00218 -0.01139 -0.00809 -0.00243  0.00136
0.010000 -0.01661 -0.03404  0.03011 -0.00604 -0.05010
0.010000  0.00857  0.00508 -0.00869  0.01504 -0.00587
0.010000 -0.01534 -0.03161 -0.00007 -0.03482  0.00431
0.010000  0.04899  0.04067  0.03057  0.04088 -0.01241
0.010000 -0.03101 -0.03871 -0.01337 -0.02681 -0.03388
0.010000  0.03326  0.02680  0.02038  0.00493 -0.01355
0.010000  0.00707 -0.01658 -0.01038 -0.01004 -0.00493
0.010000 -0.00988  0.01717  0.04651  0.01012 -0.02990
0.010000  0.00030 -0.01785 -0.01655 -0.01928 -0.00908
0.010000  0.01354  0.01233  0.00403 -0.00492  0.01191
0.010000  0.01014  0.01099 -0.00952 -0.00340 -0.05209
0.010000 -0.01166 -0.03017 -0.02087 -0.01751  0.00278
0.010000 -0.01926  0.01575  0.00262 -0.01569 -0.03227
0.010000  0.00158 -0.01841  0.03274  0.00663 -0.00149
0.010000 -0.02445 -0.03678 -0.02352 -0.04276 -0.02304
0.010000 -0.00811 -0.01819  0.01891  0.00449 -0.03811
0.010000 -0.01995  0.03026  0.03665 -0.00399 -0.01737
0.010000  0.01848  0.00306 -0.00882 -0.00196 -0.01828
0.010000 -0.00157  0.00306 -0.01075 -0.01148 -0.01943
0.010000 -0.02212 -0.01911 -0.01801 -0.00848 -0.00402
0.010000  0.01179 -0.00148 -0.01203 -0.00487 -0.00429
0.010000  0.00424 -0.00337 -0.00775  0.02219 -0.01104
0.010000 -0.07045 -0.03903 -0.01811 -0.02969 -0.03360
0.010000 -0.00752 -0.02037 -0.01397 -0.01396 -0.02253
0.010000 -0.01858 -0.03468  0.02018 -0.01833 -0.01133
0.010000 -0.01348 -0.02775 -0.02100 -0.01450  0.01120
0.010000  0.00356 -0.01300  0.01500 -0.00199 -0.01694
0.010000  0.04106  0.03408  0.00843  0.03297 -0.00005
0.010000  0.02198  0.00920  0.02648  0.03414  0.00635
0.010000  0.03552  0.02340  0.00514  0.02065  0.00375
0.010000 -0.01409 -0.03104  0.01215  0.00301 -0.01240
0.010000  0.02464  0.01090  0.00306 -0.00060 -0.00375
0.010000 -0.03468  0.00555  0.00966 -0.02648 -0.01875
0.010000 -0.03769 -0.02383  0.00360 -0.01163 -0.01966
0.010000 -0.01287 -0.02025 -0.01107 -0.00529 -0.02650
0.010000  0.03122  0.01587  0.03451  0.03336  0.01552
0.010000 -0.00870 -0.00376 -0.01103 -0.01158 -0.01898
0.010000 -0.01226  0.00808  0.00767 -0.00410 -0.04713
0.010000  0.01446  0.00522 -0.01138 -0.00477  0.01798
0.010000  0.00223 -0.02659  0.00243  0.02024 -0.02341
0.010000 -0.05052 -0.03217 -0.01698 -0.03872 -0.01843
0.010000 -0.00033 -0.02525 -0.01623 -0.01899  0.01093
0.010000 -0.00278 -0.00388  0.01499  0.00884 -0.02354
0.010000  0.02611  0.01269  0.00863  0.02115 -0.00191
0.010000  0.01741  0.00176 -0.00091 -0.00249 -0.00852
0.010000 -0.02528 -0.01501 -0.01090 -0.02437 -0.00957
0.010000 -0.03945 -0.03170 -0.01802 -0.04191 -0.03323
0.010000 -0.02795 -0.03595 -0.02361 -0.03775 -0.02708
0.010000  0.00781 -0.00749 -0.01507 -0.00290 -0.01099
0.010000 -0.02892 -0.02290  0.01870 -0.02204 -0.00849
0.010000 -0.01107 -0.01496  0.02278  0.00091  0.01563
0.010000 -0.02365 -0.00635 -0.01098 -0.01151 -0.02859
0.010000 -0.02066 -0.02902 -0.01715  0.01217 -0.01634
0.010000 -0.00339 -0.02423 -0.01476 -0.01229 -0.00720
0.010000  0.00634 -0.00245 -0.00989 -0.01169 -0.03498
0.010000 -0.03337  0.00612  0.01304 -0.01411 -0.02546
0.010000  0.08661  0.08899  0.04977  0.08598  0.01993
0.010000 -0.02703 -0.03250 -0.01101 -0.00568 -0.04285
0.010000 -0.04673 -0.02837  0.00090 -0.04038  0.00609
0.010000 -0.02138 -0.00732 -0.01318 -0.00731 -0.00126
0.010000 -0.00398 -0.01518 -0.01200 -0.02095 -0.02289
0.010000 -0.00095 -0.00808 -0.01577 -0.00742  0.00024
0.010000  0.00289 -0.01591 -0.01739 -0.00175 -0.02162
0.010000  0.02327 -0.03902  0.00560  0.00965  0.00731
0.010000 -0.00635 -0.02108 -0.02083 -0.02141 -0.00959
0.010000  0.00493  0.00394 -0.00094 -0.00719 -0.02567
0.010000 -0.05621 -0.01391 -0.00391 -0.04611 -0.04642
0.010000 -0.03611 -0.00957 -0.00854 -0.02650 -0.03297
0.010000 -0.00458 -0.02044 -0.00587 -0.02437 -0.00213
0.010000  0.02937  0.01922  0.03998  0.03116  0.01570
0.010000 -0.00929 -0.01595 -0.00908 -0.02172 -0.02752
0.010000 -0.00576 -0.02014  0.00008 -0.00971 -0.03426
0.010000  0.02075  0.01191 -0.00756  0.03053  0.00183
0.010000 -0.03215 -0.03797 -0.02294 -0.03998 -0.01525
0.010000  0.00935 -0.00112 -0.01134  0.00680 -0.00938
0.010000  0.06375  0.06056  0.03984  0.05445  0.04808
0.010000 -0.01791 -0.02221 -0.01620  0.00593 -0.04072
0.010000 -0.02994 -0.03477 -0.01734 -0.02545 -0.03831
0.010000 -0.01597  0.01226  0.04315  0.02030 -0.01311
0.010000 -0.01726 -0.00576 -0.01304  0.00974 -0.02803
0.010000 -0.00517 -0.00540 -0.01024 -0.00605  0.00986
0.010000  0.05483  0.04899  0.04956  0.06976  0.02743
0.010000 -0.04146 -0.04287 -0.00587 -0.02840 -0.01567
