# Scenario generation method from a paper by Hoyland, Kaut & Wallace
# Code by Michal Kaut (michal.kaut@iot.ntnu.n) & Diego Mathieu

#   prob   var  1   var  2   var  3   var  4   var  5
0.010000  0.04073  0.06608  0.02682  0.05922  0.01749
0.010000  0.05972  0.06891  0.00955  0.03494  0.00624
0.010000  0.00408  0.00029  0.01144 -0.02194 -0.00237
0.010000 -0.03346 -0.03348 -0.00254  0.00386 -0.00983
0.010000 -0.01977 -0.01171 -0.00879 -0.04302 -0.00704
0.010000  0.03048 -0.00322  0.01578  0.03159  0.02950
0.010000 -0.01524  0.00939 -0.01057 -0.04576 -0.00128
0.010000  0.08059  0.05642  0.03343  0.08235  0.03261
0.010000  0.00915  0.01534  0.00455 -0.01436 -0.00328
0.010000 -0.00586  0.02857 -0.00718 -0.02977 -0.00563
0.010000  0.01352 -0.00151 -0.00103 -0.01249  0.02150
0.010000 -0.01884 -0.00940 -0.00777 -0.03085  0.00610
0.010000  0.02297  0.03245  0.02567  0.02060  0.02716
0.010000 -0.01176 -0.00706 -0.00413 -0.00071 -0.02338
0.010000  0.06958  0.05027  0.00885  0.02310  0.03035
0.010000 -0.03782 -0.04774 -0.01124 -0.03141 -0.00330
0.010000 -0.02460 -0.01594 -0.00074 -0.00595 -0.00777
0.010000 -0.00337  0.01578  0.01092  0.04830  0.00528
0.010000  0.06579  0.07163  0.01261  0.01939  0.01647
0.010000 -0.00753 -0.02779 -0.00811  0.02068 -0.00345
0.010000  0.01263  0.00937  0.01155 -0.01755  0.00840
0.010000  0.01533  0.01855  0.03068  0.04625  0.00890
0.010000 -0.02562 -0.00439  0.00535 -0.05085 -0.01823
0.010000 -0.00006 -0.01712  0.01773  0.00773 -0.00650
0.010000  0.00492  0.01706  0.03392  0.07752 -0.00453
0.010000  0.04221  0.04598  0.00357  0.06556  0.01143
0.010000  0.04881  0.05326  0.01123  0.05389  0.02011
0.010000 -0.01006 -0.03255 -0.00513 -0.03234 -0.02071
0.010000 -0.02772  0.01459 -0.01114 -0.04577 -0.00713
0.010000  0.02607  0.02759 -0.00037  0.02171  0.01710
0.010000  0.00660 -0.01781 -0.00369 -0.00990  0.02236
0.010000 -0.03731  0.00435 -0.01432 -0.07917 -0.05855
0.010000  0.05270  0.02227  0.00944  0.05741 -0.02224
0.010000 -0.01349 -0.01896  0.00540  0.02499 -0.02793
0.010000 -0.02262  0.00921 -0.01316 -0.02864 -0.01999
0.010000  0.02823  0.03893  0.03828  0.05377  0.03000
0.010000 -0.01262 -0.01731 -0.00103  0.02092  0.00829
0.010000  0.06256  0.07251  0.01513  0.05619 -0.01535
0.010000  0.03931  0.06605  0.00253  0.02585 -0.01762
0.010000 -0.01613  0.01455  0.05172  0.06913  0.02387
0.010000  0.02502  0.05023 -0.00259 -0.04754  0.00982
0.010000  0.03793  0.05249  0.00703  0.00508 -0.00487
0.010000 -0.02992 -0.01160 -0.01226 -0.03682 -0.01012
0.010000 -0.03957 -0.04263 -0.01461 -0.00934 -0.01813
0.010000  0.01624 -0.00159  0.00108 -0.02199  0.00783
0.010000  0.00829 -0.00245  0.00642 -0.03068  0.02159
0.010000  0.01810  0.04171  0.00611  0.02298 -0.00665
0.010000  0.02399  0.04381 -0.00410 -0.05464  0.00578
0.010000  0.04704  0.02290  0.01187  0.04197 -0.01189
0.010000 -0.03858 -0.03165 -0.01177  0.00739  0.00791
0.010000  0.02098 -0.00443 -0.00247 -0.00896  0.00973
0.010000 -0.01702 -0.04873  0.00517  0.00037  0.02435
0.010000  0.04535  0.04069  0.02852  0.06302  0.02516
0.010000 -0.02165 -0.02356  0.00526  0.03425 -0.01119
0.010000  0.01175 -0.00067  0.00243 -0.02476 -0.01378
0.010000 -0.01091 -0.01788 -0.00348  0.01948 -0.02146
0.010000 -0.00837  0.02018 -0.00363 -0.00537 -0.01517
0.010000 -0.01793 -0.05267 -0.00793 -0.04940  0.02476
0.010000  0.01001  0.02050 -0.00497 -0.06725 -0.00079
0.010000 -0.03107 -0.00914 -0.00582  0.00929 -0.04631
0.010000  0.01717 -0.01546 -0.00124 -0.00039  0.02120
0.010000 -0.00255  0.03938 -0.00548 -0.02304  0.00014
0.010000  0.03660  0.02147  0.01392  0.04017  0.02219
0.010000 -0.00670 -0.00063  0.00278  0.01504  0.01229
0.010000 -0.00921  0.01095 -0.01075  0.01555 -0.00903
0.010000 -0.00420  0.02840 -0.00384 -0.00566 -0.03608
0.010000  0.00242 -0.01656  0.00208  0.04372  0.01730
0.010000 -0.02666  0.01667 -0.00346  0.00316  0.00073
0.010000 -0.03225 -0.05387 -0.00791 -0.01252 -0.01927
0.010000  0.00159 -0.02548  0.00476 -0.02200  0.01851
0.010000  0.00744  0.03193  0.00439  0.00488 -0.01576
0.010000  0.02197  0.03443  0.01322 -0.01093  0.00896
0.010000  0.02001  0.01212 -0.00256 -0.02335  0.00860
0.010000  0.09313  0.06956  0.05892  0.08070  0.03295
0.010000 -0.00172 -0.01010  0.01082  0.00764  0.02397
0.010000 -0.00089 -0.00177 -0.00533 -0.04454 -0.00711
0.010000  0.03165  0.05723  0.00721 -0.00855  0.00417
0.010000  0.01442  0.04540 -0.00420  0.01009 -0.03085
0.010000  0.03284  0.04454 -0.00235  0.00316 -0.03708
0.010000 -0.03472 -0.01576 -0.01047 -0.07372 -0.02682
0.010000  0.01905  0.03833  0.00272 -0.00459  0.01899
0.010000  0.02714  0.04397 -0.00042 -0.00916 -0.01982
0.010000  0.00576  0.01595  0.00127 -0.02605  0.01858
0.010000 -0.02360 -0.03412 -0.00826 -0.04850 -0.00122
0.010000 -0.01436  0.01542  0.03154  0.01216 -0.00079
0.010000  0.04375  0.04943 -0.00038  0.01355  0.00313
0.010000  0.03406  0.05544  0.00288 -0.02564 -0.00121
0.010000  0.03531  0.04535  0.00026  0.03280  0.02442
0.010000  0.05717  0.05131  0.00632  0.00031  0.02232
0.010000  0.01088  0.01569  0.00250 -0.04941 -0.01845
0.010000 -0.00503 -0.02125  0.00926  0.01535  0.02188
0.010000 -0.03601 -0.01922  0.00069  0.03771 -0.05458
0.010000  0.07424  0.06128  0.01994  0.04120  0.02278
0.010000  0.05069  0.06203  0.00659  0.04044  0.01523
0.010000  0.00076 -0.02770 -0.00409  0.00476 -0.02312
0.010000 -0.02881 -0.03544 -0.00518 -0.04164 -0.01886
0.010000  0.00325  0.04281 -0.00478  0.04882 -0.00066
0.010000  0.02935  0.05707  0.00557  0.00795  0.00141
0.010000 -0.02070  0.00559  0.01301 -0.02474 -0.00139
0.010000  0.05484  0.07124  0.01617  0.03299  0.02709
