# Scenario generation method from a paper by Hoyland, Kaut & Wallace
# Code by Michal Kaut (michal.kaut@iot.ntnu.n) & Diego Mathieu

#   prob   var  1   var  2   var  3   var  4   var  5
0.010000 -0.05281 -0.04155 -0.01200 -0.01782 -0.03646
0.010000  0.00221 -0.01867 -0.01414 -0.01593  0.02268
0.010000 -0.00621 -0.03090 -0.01603 -0.00739 -0.03469
0.010000 -0.00800 -0.01135  0.01018  0.03236 -0.01418
0.010000 -0.00711  0.00447 -0.01603 -0.01057 -0.01598
0.010000  0.02702  0.04387  0.01212  0.04153 -0.00135
0.010000 -0.05814 -0.04615 -0.01543 -0.05999 -0.02148
0.010000 -0.03977 -0.04389  0.02024 -0.02411 -0.01611
0.010000 -0.01155  0.01294 -0.01775 -0.00720 -0.00733
0.010000 -0.05125 -0.04429 -0.03541 -0.04338 -0.04720
0.010000  0.00124  0.01988  0.00386  0.01557  0.00368
0.010000  0.02125 -0.01138  0.00349  0.01028 -0.00512
0.010000 -0.04323 -0.03917 -0.02398 -0.03918 -0.01022
0.010000 -0.00067 -0.01600 -0.01612 -0.02738 -0.02524
0.010000 -0.01772 -0.00321 -0.01692 -0.01076  0.00410
0.010000 -0.01331 -0.01634 -0.00581 -0.00611 -0.01988
0.010000 -0.02766 -0.01488 -0.02842 -0.02473 -0.02432
0.010000 -0.02955 -0.01059 -0.02075 -0.04128 -0.01056
0.010000 -0.01949 -0.01561  0.00375 -0.02272 -0.01440
0.010000  0.00028 -0.00852 -0.01035 -0.00829 -0.01317
0.010000  0.01380  0.01435 -0.02789 -0.01324 -0.00450
0.010000  0.04251  0.04167  0.02216  0.03920  0.00942
0.010000 -0.01066 -0.01553 -0.02866 -0.01078 -0.02602
0.010000 -0.07375 -0.04259 -0.01949 -0.04075 -0.02234
0.010000  0.00724  0.00312 -0.03280 -0.01040  0.03909
0.010000 -0.04445 -0.04294 -0.00609 -0.02898 -0.00947
0.010000  0.03026  0.01398 -0.01931  0.00721 -0.00178
0.010000 -0.03867 -0.04150  0.00533 -0.02519 -0.01565
0.010000 -0.02038 -0.03500  0.01193 -0.01940 -0.02135
0.010000 -0.04837 -0.00742 -0.00191 -0.03466 -0.01236
0.010000 -0.02581  0.00248 -0.01610 -0.02086 -0.02160
0.010000 -0.03446 -0.04180 -0.01623 -0.05194 -0.00851
0.010000 -0.03549 -0.02416  0.02128 -0.02365  0.02823
0.010000 -0.06025 -0.02647  0.00785 -0.05194 -0.00957
0.010000  0.00418 -0.00002  0.02524  0.02136 -0.01407
0.010000 -0.02127 -0.00321  0.05636  0.00874 -0.00564
0.010000 -0.02489 -0.02982  0.01835 -0.00539 -0.01095
0.010000  0.03578 -0.00144 -0.00254  0.01084 -0.00887
0.010000  0.03785  0.02164  0.02247  0.06242 -0.01676
0.010000  0.00519  0.00870  0.02528  0.00638  0.00088
0.010000 -0.03346 -0.02984 -0.01022 -0.02978 -0.01021
0.010000 -0.03653 -0.02594  0.00513 -0.01963 -0.02038
0.010000  0.03383  0.04473  0.05802  0.06275  0.02704
0.010000  0.01496 -0.01377 -0.01700  0.00600 -0.01238
0.010000 -0.03051  0.02189 -0.02395 -0.01982 -0.01574
0.010000 -0.04978 -0.04376 -0.02598 -0.08455 -0.02807
0.010000 -0.04205 -0.03292  0.00177 -0.03464 -0.01869
0.010000 -0.06536 -0.04600 -0.03922 -0.06427 -0.01360
0.010000 -0.04571 -0.04497 -0.01565 -0.05015 -0.02039
0.010000 -0.05623 -0.01515  0.02711 -0.03953  0.00444
0.010000  0.00620  0.00504 -0.03670 -0.01496 -0.00571
0.010000 -0.01243  0.01672 -0.02694 -0.02151  0.00404
0.010000 -0.03148 -0.04023 -0.02020 -0.02110 -0.02507
0.010000 -0.06261 -0.00862 -0.02621 -0.05552 -0.01867
0.010000  0.00319 -0.00852 -0.00441 -0.01065 -0.02509
0.010000  0.02262  0.01664  0.01109  0.02641  0.01729
0.010000  0.01738  0.00039  0.00775  0.00106 -0.00921
0.010000 -0.01507 -0.00287 -0.00681 -0.00756  0.00152
0.010000 -0.02860 -0.02914 -0.00454 -0.02154 -0.01508
0.010000  0.02550  0.03688 -0.00627  0.00495 -0.00196
0.010000 -0.00254 -0.02054 -0.00886 -0.02217 -0.01236
0.010000 -0.03246 -0.03897 -0.01895 -0.03755 -0.02425
0.010000 -0.04701 -0.03755  0.00227 -0.03285 -0.02658
0.010000 -0.02217 -0.03838 -0.04161 -0.02885 -0.02235
0.010000 -0.03759 -0.03846  0.00720 -0.02197 -0.01962
0.010000  0.01153  0.06051  0.00165  0.01514 -0.00315
0.010000  0.08234  0.06716  0.01666  0.04180  0.03203
0.010000 -0.00978 -0.01946  0.00375 -0.02814 -0.01539
0.010000  0.00935 -0.01168  0.00402  0.01876 -0.00997
0.010000  0.04518  0.02180  0.03094  0.06076  0.00292
0.010000 -0.02398  0.01998  0.01622 -0.00154 -0.01093
0.010000 -0.05446 -0.03856 -0.00356 -0.05100 -0.01595
0.010000  0.04817  0.01145  0.00029  0.00047 -0.00995
0.010000 -0.01860 -0.01950 -0.02310 -0.02520 -0.01862
0.010000  0.01265  0.01922 -0.01554  0.00636 -0.00463
0.010000  0.00828 -0.02182 -0.02622 -0.03219 -0.01986
0.010000 -0.00889  0.05540  0.03432  0.00375  0.00600
0.010000  0.03200  0.03921  0.01574  0.01394  0.02519
0.010000  0.02403  0.00240 -0.00623 -0.02145  0.00734
0.010000  0.05562  0.03360 -0.01633  0.03323  0.02210
0.010000 -0.01419 -0.03494  0.03241  0.01014 -0.00885
0.010000 -0.00161  0.02760  0.02466  0.01629 -0.01401
0.010000  0.01864  0.02085 -0.00120  0.00494  0.01751
0.010000  0.05158  0.01189  0.01682  0.01673  0.00805
0.010000 -0.01683 -0.02749 -0.00577 -0.02844 -0.01896
0.010000 -0.02307 -0.01873  0.00463 -0.02331 -0.02007
0.010000  0.06767  0.08190  0.03681  0.06824  0.01415
0.010000 -0.02673 -0.03761 -0.03157 -0.03890 -0.02313
0.010000 -0.06874 -0.04632 -0.03365 -0.08138 -0.03800
0.010000  0.04009  0.01008 -0.01952  0.02651 -0.01759
0.010000 -0.00439 -0.02976 -0.01031 -0.00491 -0.02763
0.010000 -0.00530 -0.02827 -0.00827 -0.01598 -0.00450
0.010000 -0.01595 -0.02776 -0.00619 -0.02054 -0.02588
0.010000  0.01616 -0.00601 -0.01135  0.02455 -0.01084
0.010000 -0.00347 -0.02084 -0.00949 -0.02437  0.01231
0.010000  0.01043 -0.01565  0.03038  0.02944 -0.01361
0.010000  0.06067  0.07143  0.01708  0.05779  0.00679
0.010000  0.01993  0.05091 -0.01143  0.00747 -0.00459
0.010000  0.02860  0.04160  0.01301  0.00534  0.02281
0.010000 -0.04090 -0.02334  0.00235 -0.01355 -0.01825
