# Scenario generation method from a paper by Hoyland, Kaut & Wallace
# Code by Michal Kaut (michal.kaut@iot.ntnu.n) & Diego Mathieu

#   prob   var  1   var  2   var  3   var  4   var  5
0.010000  0.01151 -0.00897 -0.00807 -0.00985  0.05894
0.010000 -0.02376 -0.01172  0.02536  0.03775  0.07763
0.010000 -0.04588 -0.02460 -0.02288  0.02392 -0.05537
0.010000 -0.00593 -0.01696 -0.00606  0.01667 -0.04690
0.010000 -0.05276 -0.01415 -0.00813 -0.00651  0.02445
0.010000 -0.04699 -0.04942 -0.02533 -0.00112 -0.05626
0.010000 -0.01326 -0.03620 -0.02295 -0.02241 -0.05050
0.010000  0.07226  0.05341  0.04784  0.01332  0.01391
0.010000  0.01901  0.00050  0.04245  0.02855  0.08028
0.010000  0.08074  0.01458  0.06127  0.01659  0.04557
0.010000  0.06212  0.01800  0.02841  0.00241  0.06425
0.010000  0.03622  0.03461  0.01156 -0.00997  0.06889
0.010000 -0.04116 -0.02799 -0.02435 -0.00428 -0.02715
0.010000 -0.01206  0.01683 -0.00017 -0.00366  0.06854
0.010000 -0.00340  0.00392  0.00352 -0.00671 -0.00316
0.010000  0.00315 -0.01580 -0.01202 -0.00116  0.05656
0.010000 -0.00717  0.02133  0.00851 -0.00196 -0.01922
0.010000 -0.05272 -0.04856 -0.02438  0.08658 -0.05342
0.010000  0.01746  0.05472  0.02113 -0.00694 -0.02051
0.010000  0.03066 -0.02158  0.00488  0.01327 -0.04458
0.010000 -0.04416  0.02002 -0.02232  0.03460 -0.05281
0.010000 -0.04956 -0.02440 -0.02575 -0.02197 -0.02008
0.010000 -0.01799  0.01043 -0.00395  0.02576 -0.00680
0.010000  0.01594  0.02716  0.01197  0.01929  0.02027
0.010000  0.03247  0.00012  0.01858  0.00564  0.02037
0.010000 -0.01682  0.00531 -0.01669 -0.01099 -0.05503
0.010000 -0.02603 -0.04628 -0.02671 -0.01767 -0.06031
0.010000  0.04891  0.00130  0.00848  0.02349  0.05811
0.010000  0.02381  0.06672  0.02293 -0.00764  0.07635
0.010000  0.00865  0.02862  0.00356 -0.01011 -0.05053
0.010000 -0.05217 -0.04814 -0.02783 -0.01667 -0.01512
0.010000 -0.04874 -0.03961 -0.02762 -0.00918 -0.05468
0.010000 -0.02939  0.02378 -0.01789 -0.00900 -0.05060
0.010000 -0.02715 -0.02867 -0.02488 -0.01979 -0.05666
0.010000 -0.01445 -0.04305 -0.02201 -0.01902 -0.05858
0.010000  0.05380  0.04078  0.02500 -0.00696 -0.02485
0.010000 -0.02490  0.01811  0.00100  0.01715 -0.04490
0.010000  0.05130  0.00663  0.01170 -0.00955  0.03142
0.010000  0.00587 -0.01158  0.01785  0.00605 -0.02594
0.010000 -0.01564 -0.01645 -0.02089 -0.00988 -0.05877
0.010000 -0.02032 -0.01771 -0.02210 -0.00382  0.01546
0.010000  0.00181  0.00124 -0.00085 -0.00247 -0.04936
0.010000  0.00725  0.02398  0.02638  0.04967 -0.00175
0.010000  0.05919  0.07917  0.04513  0.00317  0.07201
0.010000  0.04439 -0.01045  0.00296 -0.00281  0.04183
0.010000 -0.03592  0.01301 -0.02073 -0.02018 -0.04156
0.010000 -0.05103 -0.03480 -0.02762 -0.01665 -0.04888
0.010000 -0.03818 -0.04785 -0.02652 -0.00951 -0.05642
0.010000  0.01007 -0.01656 -0.01270 -0.01141  0.04569
0.010000 -0.03485 -0.01061 -0.02176 -0.02219 -0.05659
0.010000 -0.05165 -0.04974 -0.02061 -0.01038  0.03819
0.010000 -0.05033 -0.01670 -0.02643 -0.02585 -0.05587
0.010000  0.02889  0.01663  0.00779  0.04979 -0.00140
0.010000 -0.03049 -0.02057 -0.01535 -0.01255 -0.05392
0.010000 -0.03909 -0.01958 -0.02454  0.01173 -0.03640
0.010000  0.02547 -0.01198 -0.00631 -0.01221  0.03974
0.010000 -0.04317 -0.04187 -0.02755 -0.02123 -0.01445
0.010000  0.01296 -0.02971 -0.01205 -0.01610  0.05135
0.010000 -0.03268 -0.02107 -0.02479 -0.00744 -0.05242
0.010000 -0.00964  0.00185 -0.01235  0.04227  0.03324
0.010000 -0.04789 -0.04498 -0.02156 -0.00454 -0.05445
0.010000 -0.03699 -0.00260 -0.02260 -0.01706 -0.05537
0.010000  0.02058 -0.01764  0.01507  0.01548 -0.03033
0.010000  0.00049 -0.00924 -0.01520 -0.02009 -0.02452
0.010000 -0.04948 -0.04650 -0.02421 -0.01328  0.02360
0.010000 -0.00082  0.07527  0.00387 -0.00566 -0.04527
0.010000  0.04225 -0.00998  0.00224 -0.00214  0.05708
0.010000  0.05643  0.00909  0.01509  0.01070  0.00619
0.010000  0.02716 -0.02343  0.00696  0.03437  0.06450
0.010000 -0.02827 -0.00482 -0.01510  0.01447  0.02170
0.010000 -0.00841  0.03461 -0.00816 -0.00440 -0.05106
0.010000 -0.04607 -0.03992 -0.02702 -0.01412  0.00335
0.010000  0.04018  0.01301  0.06877  0.04214  0.05203
0.010000 -0.02147 -0.00795 -0.02019 -0.01758 -0.05399
0.010000 -0.04217 -0.01109 -0.02136  0.00564  0.01971
0.010000 -0.01085 -0.00567 -0.01214 -0.00190 -0.04689
0.010000 -0.02262 -0.01694  0.00379  0.02275 -0.03671
0.010000  0.03432  0.01457  0.00560 -0.01020  0.06265
0.010000 -0.04013 -0.04414 -0.02710  0.00177  0.02836
0.010000 -0.01916  0.01998 -0.00991 -0.00588 -0.02188
0.010000  0.03817  0.07666  0.05735  0.02470  0.05905
0.010000 -0.05136 -0.04305 -0.02805  0.01461 -0.04965
0.010000  0.06525  0.02742  0.04019  0.01559  0.00788
0.010000  0.04661  0.05674  0.02946  0.00015  0.07024
0.010000 -0.00211  0.00842 -0.01231  0.00631 -0.05592
0.010000  0.02218  0.04113  0.01914  0.00214 -0.00748
0.010000 -0.00467 -0.00730 -0.01090 -0.01013  0.05628
0.010000 -0.00816 -0.02505 -0.01822  0.00083 -0.05964
0.010000 -0.04512  0.00195 -0.01024 -0.00874  0.04786
0.010000 -0.03377 -0.04790 -0.02660 -0.01969 -0.04439
0.010000  0.08575  0.04449  0.06806  0.01684  0.04495
0.010000  0.00450 -0.00757 -0.01346 -0.01219 -0.05425
0.010000  0.08967  0.03317  0.09250  0.07271  0.08668
0.010000 -0.05232 -0.04592 -0.02798 -0.00204 -0.05254
0.010000 -0.03805 -0.03216 -0.02618 -0.02477 -0.04225
0.010000  0.07627  0.08962  0.06783  0.00482  0.07803
0.010000 -0.03159 -0.03294 -0.02155 -0.01863 -0.05148
0.010000 -0.05256 -0.04910 -0.02356 -0.01235 -0.05521
0.010000  0.06861  0.04232  0.03547  0.04984  0.07162
0.010000  0.01444  0.04641  0.02087  0.04060  0.07599
