# Scenario generation method from a paper by Hoyland, Kaut & Wallace
# Code by Michal Kaut (michal.kaut@iot.ntnu.n) & Diego Mathieu

#   prob   var  1   var  2   var  3   var  4   var  5
0.010000  0.05366  0.03141  0.01122 -0.00481 -0.00229
0.010000  0.02413  0.00960 -0.00518 -0.01914  0.04811
0.010000  0.05551  0.02649  0.01198 -0.01011  0.04284
0.010000  0.01901  0.01366  0.02565  0.01516  0.01085
0.010000  0.03544  0.02368  0.03221  0.01242  0.06637
0.010000  0.04083  0.03503  0.03863  0.01651  0.06572
0.010000  0.00004 -0.00631  0.00365  0.01014 -0.01674
0.010000 -0.00465 -0.03216  0.00365 -0.00181  0.05888
0.010000  0.01411  0.03433  0.01425  0.01272  0.02492
0.010000  0.02326  0.00943  0.00249  0.00642  0.01553
0.010000 -0.01020 -0.04685  0.00314 -0.00539  0.03694
0.010000  0.03051  0.01572  0.03806  0.01743  0.02222
0.010000  0.04953  0.02594  0.04290 -0.00143  0.01898
0.010000 -0.00701 -0.02962 -0.01756 -0.00485  0.01561
0.010000  0.00159 -0.01166  0.01599 -0.01264  0.08088
0.010000 -0.02179 -0.01442 -0.01101 -0.00227  0.01488
0.010000  0.03342  0.02308  0.00914  0.00696 -0.00055
0.010000 -0.00781 -0.00651  0.02014  0.01479  0.04510
0.010000  0.00780 -0.01140  0.01951  0.01206  0.04954
0.010000 -0.00230 -0.00091 -0.01940 -0.00634 -0.01058
0.010000  0.01014  0.01451  0.01019  0.01202  0.00626
0.010000  0.01172  0.00530  0.00486 -0.00125  0.02118
0.010000  0.03971  0.00167  0.03378  0.01360  0.07628
0.010000 -0.01758 -0.02245 -0.03201 -0.03400  0.01536
0.010000 -0.00386  0.02449 -0.00182 -0.00135 -0.03511
0.010000  0.04688  0.03224  0.02673  0.01468  0.04376
0.010000 -0.01101 -0.03244  0.00682 -0.00663  0.07096
0.010000 -0.01263 -0.00891 -0.01667 -0.01095 -0.00672
0.010000  0.02956  0.03160  0.03194  0.01057 -0.05990
0.010000  0.03861 -0.00852  0.03199  0.00698  0.04883
0.010000 -0.00622 -0.02977  0.00068 -0.01117  0.04067
0.010000 -0.01427  0.01821 -0.02395 -0.03445  0.00853
0.010000  0.04819  0.03780  0.01712  0.00605  0.01619
0.010000 -0.01345 -0.03150 -0.00581 -0.00640  0.01501
0.010000  0.01093  0.00670 -0.00380 -0.00857  0.02935
0.010000 -0.01182 -0.02647 -0.01333 -0.01794 -0.04727
0.010000 -0.00152 -0.02733 -0.02416 -0.03131  0.00139
0.010000  0.00547 -0.02022 -0.00851 -0.00756  0.00881
0.010000  0.04561  0.02819  0.01731  0.01356 -0.00234
0.010000  0.05127  0.02674  0.02321  0.01459 -0.04310
0.010000  0.02863  0.03822  0.03351  0.01488  0.02682
0.010000 -0.02655 -0.02875 -0.02799 -0.01901  0.01938
0.010000 -0.01926  0.01063  0.00170 -0.03116  0.05395
0.010000 -0.02263 -0.03051 -0.00600  0.00617 -0.00224
0.010000 -0.02346 -0.00080 -0.01181 -0.01109 -0.05278
0.010000 -0.02585 -0.01672 -0.01577 -0.03791  0.05394
0.010000  0.05229  0.02698  0.03915  0.00597  0.04212
0.010000  0.02069  0.02067  0.01389 -0.01212  0.02666
0.010000  0.02680  0.02034 -0.00531 -0.01661  0.03350
0.010000  0.02771  0.02786  0.01106  0.00122  0.04339
0.010000  0.01491  0.02309  0.02552  0.01523 -0.01422
0.010000 -0.02764 -0.00599 -0.00904 -0.00073  0.02899
0.010000  0.00469  0.01435 -0.00478 -0.01881 -0.05833
0.010000 -0.00308  0.00280 -0.01959 -0.00804 -0.00134
0.010000  0.01818  0.02440 -0.01449 -0.00791 -0.02889
0.010000 -0.02717 -0.02250 -0.02511 -0.05728  0.04244
0.010000 -0.00074 -0.06879  0.00474  0.01108 -0.00130
0.010000  0.05091  0.03795  0.04519  0.01792  0.07553
0.010000  0.00081 -0.01291  0.02270  0.01481  0.00379
0.010000  0.03442  0.04452  0.01516  0.00062  0.02567
0.010000 -0.02552 -0.00663  0.00230 -0.00341 -0.00803
0.010000  0.00702 -0.00213 -0.00105 -0.01087  0.04392
0.010000 -0.01592  0.00824 -0.00423  0.00460  0.02486
0.010000 -0.00860 -0.05875  0.01360  0.01453  0.05275
0.010000  0.02240  0.04997  0.02706  0.01501  0.03353
0.010000 -0.02508 -0.06427 -0.01701 -0.01273 -0.01027
0.010000 -0.01675 -0.03163 -0.02090 -0.03708  0.03128
0.010000  0.01736  0.04932  0.00464 -0.00319 -0.02522
0.010000  0.05488  0.09056  0.04478  0.01741  0.03860
0.010000  0.03146  0.00468  0.02204  0.01430  0.06060
0.010000  0.00857 -0.02130  0.02386  0.01446  0.04271
0.010000  0.03648  0.03770  0.00412 -0.00921 -0.02460
0.010000  0.01654  0.03508  0.02273  0.01451  0.01027
0.010000  0.04198  0.00462  0.03118  0.01641 -0.06169
0.010000  0.01985  0.02333  0.01953  0.00384  0.03966
0.010000  0.00936  0.01681 -0.00359  0.00116  0.04116
0.010000  0.02501  0.03972  0.01171  0.00841 -0.04924
0.010000  0.02154  0.01417  0.00991  0.01028  0.00789
0.010000 -0.02011 -0.02411 -0.01058 -0.02858 -0.02736
0.010000  0.01331 -0.00134  0.00746 -0.04392  0.03327
0.010000 -0.01509 -0.04842 -0.02399 -0.02688 -0.00111
0.010000  0.00237  0.01448 -0.01608 -0.00652 -0.03380
0.010000 -0.02428 -0.03940 -0.01983 -0.01892  0.03282
0.010000 -0.01842 -0.05340 -0.02618 -0.02080  0.01122
0.010000 -0.02782 -0.03594 -0.01582 -0.00920  0.04362
0.010000  0.00392 -0.05127  0.01882  0.01528  0.04339
0.010000 -0.02743 -0.01985  0.01078  0.01289  0.01952
0.010000 -0.00543 -0.03510  0.02499  0.00131  0.00162
0.010000 -0.01448 -0.06102 -0.00945 -0.00950  0.06174
0.010000  0.03243  0.00685  0.03005 -0.00110  0.08241
0.010000 -0.02095 -0.00210 -0.00345 -0.03970 -0.02100
0.010000  0.04437  0.05453  0.04071  0.01628  0.05075
0.010000  0.00624 -0.01553  0.00270  0.00710  0.02558
0.010000  0.00314 -0.03784  0.01202 -0.00645 -0.02671
0.010000  0.01251  0.02321  0.00187 -0.02245  0.03752
0.010000  0.02590  0.02269  0.02064  0.01077  0.05190
0.010000 -0.00940 -0.00062  0.00256 -0.01259 -0.00161
0.010000  0.04316  0.05941  0.01667  0.00745 -0.04751
0.010000  0.01572  0.02438 -0.00135 -0.00310  0.03173
0.010000  0.03753  0.00487  0.01009  0.00947  0.01379
