# Scenario generation method from a paper by Hoyland, Kaut & Wallace
# Code by Michal Kaut (michal.kaut@iot.ntnu.n) & Diego Mathieu

#   prob   var  1   var  2   var  3   var  4   var  5
0.010000 -0.02723 -0.03349 -0.00481  0.00139 -0.01711
0.010000 -0.01214 -0.01537  0.00300 -0.01344 -0.00863
0.010000 -0.00312 -0.00633 -0.01220 -0.01392  0.01101
0.010000  0.00910 -0.00763  0.00824  0.00271 -0.00331
0.010000  0.02551  0.02973  0.01096  0.00713 -0.00816
0.010000  0.03656  0.04143  0.00494  0.02090  0.01674
0.010000 -0.03059 -0.01272 -0.01431 -0.02244 -0.01439
0.010000  0.00745 -0.00014  0.00503  0.00328  0.00622
0.010000 -0.00582 -0.01320 -0.00771 -0.00180 -0.00878
0.010000  0.03383  0.01506  0.02357  0.02035  0.02930
0.010000 -0.02610 -0.02627 -0.01714 -0.02490 -0.01080
0.010000 -0.00020 -0.01337 -0.01153  0.00499  0.00382
0.010000  0.00236 -0.01372 -0.01076  0.00940 -0.04744
0.010000  0.00042  0.00297 -0.00529 -0.00664  0.00025
0.010000 -0.02258 -0.02061 -0.00842 -0.00381 -0.03494
0.010000  0.01086  0.01076  0.03113  0.00240  0.03433
0.010000 -0.00834  0.01418 -0.00215 -0.01034  0.00751
0.010000  0.01480 -0.00668  0.00936  0.00754  0.00262
0.010000  0.02088  0.01196  0.00647 -0.00537 -0.00123
0.010000  0.01275  0.02432  0.02893  0.02371  0.00094
0.010000 -0.00735 -0.01496 -0.01597 -0.02034 -0.00629
0.010000 -0.02164 -0.03023 -0.01727 -0.02893 -0.00235
0.010000 -0.02118 -0.01391  0.00180  0.03006  0.00347
0.010000 -0.01667  0.05229  0.01222  0.00116 -0.05441
0.010000 -0.02557 -0.03090 -0.01890 -0.02181 -0.00219
0.010000  0.04350  0.01513 -0.00207  0.02847  0.01101
0.010000 -0.01981  0.00035 -0.00228 -0.03729 -0.02692
0.010000  0.01590 -0.00619  0.02376  0.00844  0.01321
0.010000  0.00515 -0.01082 -0.00621 -0.00584 -0.00423
0.010000 -0.01578 -0.01376 -0.01130 -0.01831 -0.00509
0.010000 -0.02666 -0.02505 -0.01885 -0.02040 -0.02013
0.010000 -0.02026 -0.02717 -0.01970 -0.01309 -0.00598
0.010000  0.02386  0.07604  0.03197  0.02607 -0.00290
0.010000  0.00372 -0.01146  0.00268  0.00051  0.00926
0.010000  0.03142  0.00653  0.02676  0.02631  0.01305
0.010000 -0.02504 -0.02209  0.02835 -0.00965  0.00486
0.010000 -0.02783 -0.02845  0.00556 -0.03711  0.01492
0.010000 -0.02072 -0.01577  0.00683  0.00068 -0.02980
0.010000  0.00303  0.01316  0.01000 -0.00022  0.00219
0.010000  0.00443 -0.00559 -0.01037 -0.00509 -0.00689
0.010000 -0.00256 -0.00809 -0.00595 -0.00655  0.00689
0.010000  0.04818  0.04750  0.00584  0.05011  0.01228
0.010000  0.06382  0.06211  0.05203  0.07217 -0.01063
0.010000 -0.01443 -0.02489 -0.01531 -0.02868 -0.01690
0.010000 -0.01846 -0.02856  0.01663  0.01444 -0.01829
0.010000 -0.01352  0.00757 -0.00186 -0.02290 -0.00080
0.010000 -0.00080 -0.00396 -0.01015  0.01684  0.00974
0.010000 -0.01801 -0.00852 -0.01262 -0.02085 -0.00533
0.010000 -0.02403 -0.01313  0.00073 -0.02737 -0.02285
0.010000 -0.01074 -0.01820 -0.00859 -0.00603 -0.05109
0.010000 -0.01306 -0.02362  0.00503  0.00389 -0.01508
0.010000 -0.01168 -0.00688  0.00808 -0.00512 -0.00947
0.010000 -0.01027  0.01610  0.00044 -0.00695 -0.01896
0.010000 -0.02306 -0.03053 -0.00856 -0.02622 -0.01434
0.010000 -0.00198  0.00420  0.03694 -0.00026  0.02157
0.010000 -0.00979 -0.01800 -0.01634 -0.02598 -0.00810
0.010000 -0.02453 -0.03480 -0.02092 -0.03904 -0.02588
0.010000  0.00105 -0.00920  0.00307  0.01767 -0.00097
0.010000  0.02232 -0.00231 -0.00425  0.02164  0.01619
0.010000  0.00170 -0.01410 -0.00881 -0.00075  0.00573
0.010000 -0.01622 -0.02603  0.00825 -0.00146 -0.00145
0.010000 -0.01261 -0.02383 -0.01672 -0.01139  0.00531
0.010000  0.02926  0.00276 -0.00290  0.03059  0.00367
0.010000 -0.00784 -0.01259 -0.00352 -0.00657 -0.02711
0.010000  0.02731  0.00791 -0.00193  0.02035  0.03059
0.010000 -0.00684 -0.01444 -0.01168 -0.00105 -0.01920
0.010000  0.00590  0.01160  0.05522  0.02860  0.00931
0.010000 -0.02912 -0.00343  0.04357 -0.02070 -0.02666
0.010000 -0.00529 -0.01494 -0.00829 -0.02398 -0.00922
0.010000 -0.01712 -0.00759 -0.01171 -0.01847 -0.01572
0.010000 -0.01891 -0.02749 -0.00676  0.01077 -0.00124
0.010000 -0.01121 -0.01670  0.00506 -0.00123 -0.01264
0.010000 -0.02983 -0.01757 -0.00710 -0.01193 -0.00362
0.010000  0.01953  0.00988  0.03170  0.00883 -0.00559
0.010000 -0.00368 -0.01647  0.00072 -0.00121 -0.00902
0.010000  0.01826  0.00096  0.02174  0.01564  0.02697
0.010000 -0.01936 -0.01357 -0.00762 -0.02351 -0.00560
0.010000  0.01705 -0.00037  0.01207  0.04589 -0.00616
0.010000 -0.01397 -0.02138 -0.00591  0.00739 -0.00431
0.010000 -0.00883  0.00250 -0.00063 -0.00088 -0.00759
0.010000  0.08764  0.06950  0.01328  0.07203  0.02916
0.010000  0.00996  0.00266 -0.00041  0.00680  0.00373
0.010000  0.00826 -0.00059 -0.00968  0.00431 -0.02515
0.010000 -0.02211 -0.00973 -0.01199 -0.02327 -0.05284
0.010000  0.00666 -0.00202 -0.00366  0.00466  0.01435
0.010000 -0.01488 -0.01382 -0.00510 -0.02731  0.00790
0.010000 -0.01533 -0.00035 -0.00762 -0.01389 -0.02778
0.010000 -0.00931 -0.00675 -0.00908 -0.02078 -0.03471
0.010000 -0.00422 -0.00173  0.02951 -0.01156 -0.00056
0.010000  0.01376 -0.00743 -0.01230  0.00152 -0.00643
0.010000 -0.01756 -0.02209 -0.01772 -0.02570  0.00042
0.010000 -0.03128 -0.02552 -0.00812 -0.04048  0.00030
0.010000  0.05439  0.03744  0.03292  0.07929  0.00578
0.010000  0.01179 -0.00728 -0.00164 -0.00311  0.00255
0.010000 -0.00633 -0.01082 -0.01120 -0.01469 -0.00206
0.010000 -0.02845 -0.03041 -0.00785 -0.03359 -0.02819
0.010000 -0.02354 -0.02385 -0.00739 -0.01356 -0.02452
0.010000 -0.00140 -0.01227 -0.01482 -0.01032 -0.01387
0.010000  0.03973  0.01230 -0.00143  0.03024  0.01902
0.010000 -0.00476  0.03839  0.00558  0.02529 -0.01597
