# Scenario generation method from a paper by Hoyland, Kaut & Wallace
# Code by Michal Kaut (michal.kaut@iot.ntnu.n) & Diego Mathieu

#   prob   var  1   var  2   var  3   var  4   var  5
0.010000  0.04313  0.00857  0.01244  0.06446  0.07437
0.010000  0.05040  0.00775  0.05265  0.08028 -0.00845
0.010000 -0.03801 -0.01282 -0.00300  0.00705  0.06598
0.010000  0.03719  0.01267  0.02409  0.02012  0.02509
0.010000 -0.00239  0.00788 -0.00931  0.04112 -0.04166
0.010000 -0.01475  0.00401 -0.01257 -0.01194 -0.01749
0.010000 -0.03550 -0.01893 -0.01415 -0.01267 -0.03111
0.010000 -0.00828  0.02414 -0.00857 -0.01829 -0.03080
0.010000 -0.03406 -0.01225 -0.01442 -0.01332 -0.06433
0.010000  0.01396 -0.01525  0.00490  0.06388 -0.00225
0.010000  0.06450  0.03340  0.02586  0.02273 -0.00959
0.010000 -0.00746 -0.01087 -0.00726 -0.00850 -0.01845
0.010000  0.00677 -0.01112  0.01047  0.02257  0.01197
0.010000  0.04537  0.00996  0.01151  0.01369 -0.03869
0.010000 -0.00495  0.00861 -0.00926 -0.01426  0.07432
0.010000 -0.02259 -0.01261 -0.01364 -0.01264 -0.03302
0.010000 -0.03746 -0.01477 -0.01073 -0.00675  0.01522
0.010000  0.02217  0.02217  0.00401  0.05090  0.04635
0.010000  0.04103  0.01236  0.08513  0.06594  0.08583
0.010000  0.05328 -0.00818  0.02624  0.05898 -0.01333
0.010000  0.06987  0.02451  0.03052  0.02920  0.04789
0.010000 -0.01154 -0.01602 -0.01230  0.00001 -0.00006
0.010000  0.06017  0.03249  0.03813 -0.00645  0.01865
0.010000 -0.02953 -0.00427 -0.01436  0.00640 -0.05111
0.010000  0.01288  0.02404  0.03647 -0.00905  0.06266
0.010000  0.07722  0.00910  0.03539  0.03950 -0.02890
0.010000  0.03371  0.00013  0.00612  0.01033  0.01987
0.010000 -0.02800 -0.04157 -0.01078  0.08089 -0.02666
0.010000 -0.03845 -0.03143 -0.01387 -0.00638  0.00567
0.010000  0.02756  0.01865  0.02953  0.06549  0.05676
0.010000  0.00485 -0.01056 -0.00240  0.05644 -0.03650
0.010000  0.01969  0.00003 -0.00240 -0.01231  0.00292
0.010000  0.03052  0.00494  0.01679 -0.00733  0.05348
0.010000  0.00580  0.00855 -0.00730  0.04967  0.01307
0.010000  0.00297 -0.01009 -0.00725 -0.01023  0.02051
0.010000 -0.03257 -0.02353 -0.00764  0.07467 -0.03924
0.010000 -0.03619 -0.00040 -0.00753 -0.01229 -0.00048
0.010000 -0.01554 -0.00218 -0.01258 -0.01559 -0.01847
0.010000  0.02092  0.00213  0.00134 -0.00294  0.03384
0.010000 -0.03106 -0.00520 -0.01464 -0.01530  0.04362
0.010000 -0.01791 -0.01776 -0.01255  0.04583  0.02524
0.010000 -0.00663  0.00159 -0.00884  0.04155 -0.02468
0.010000  0.00115  0.00536  0.00246  0.06990  0.05654
0.010000 -0.03182 -0.02012 -0.01198 -0.00234 -0.05680
0.010000 -0.01712 -0.01389 -0.01288  0.04849  0.04314
0.010000 -0.01869 -0.02025 -0.01223  0.03785 -0.06631
0.010000 -0.01235  0.00297 -0.00918 -0.01480  0.05167
0.010000  0.01849  0.01887 -0.00179 -0.01739  0.05642
0.010000 -0.01315 -0.00406 -0.01105 -0.01423  0.03182
0.010000 -0.03612 -0.02385 -0.01366  0.01472  0.03244
0.010000 -0.02181 -0.01031 -0.01368  0.06600 -0.01575
0.010000 -0.02646 -0.01934 -0.01416 -0.00353  0.04955
0.010000  0.03541  0.01114  0.02121  0.01244  0.05147
0.010000 -0.00152 -0.00382 -0.00524  0.01451  0.01114
0.010000 -0.02723 -0.03043 -0.01425  0.04808  0.00247
0.010000 -0.00910 -0.02066 -0.00084  0.00433  0.01551
0.010000 -0.03814 -0.00886 -0.01425 -0.01496 -0.05316
0.010000 -0.03030 -0.00963 -0.00093  0.00151 -0.00314
0.010000 -0.02569  0.00190 -0.01410 -0.01682 -0.00940
0.010000 -0.02580  0.00724 -0.01213  0.05718 -0.03582
0.010000 -0.02103  0.00235 -0.01375 -0.01694  0.00463
0.010000 -0.02414  0.01186 -0.01409 -0.01767 -0.02267
0.010000  0.02479 -0.01024 -0.00024  0.00622 -0.03232
0.010000 -0.03872 -0.00944 -0.01426 -0.00462 -0.02938
0.010000 -0.00579 -0.04151  0.01157  0.03069  0.04885
0.010000 -0.03479 -0.02367 -0.01411  0.06861 -0.00945
0.010000 -0.02877 -0.00783 -0.00180  0.00029  0.07247
0.010000 -0.01395 -0.01875 -0.01284  0.02673 -0.05977
0.010000  0.00206  0.01627  0.04051  0.07775  0.03319
0.010000  0.02615  0.01070  0.00835 -0.00929 -0.00053
0.010000  0.02346  0.01098  0.00086 -0.01543  0.01306
0.010000 -0.03873 -0.03368 -0.01505  0.07706 -0.04394
0.010000 -0.01073 -0.01115 -0.01185 -0.00780  0.00870
0.010000 -0.00992 -0.00994 -0.01209  0.02700  0.05451
0.010000  0.00025  0.00367 -0.00889 -0.01448 -0.03672
0.010000 -0.00325  0.00417 -0.00915  0.00305  0.06015
0.010000  0.01618  0.00263  0.01079  0.06241  0.02972
0.010000  0.01077  0.00021  0.00162 -0.01070 -0.01948
0.010000  0.00775 -0.02005 -0.00709 -0.00443 -0.01919
0.010000  0.05650  0.01769  0.02977  0.04478  0.00681
0.010000  0.00874 -0.00103 -0.00524  0.04886  0.03573
0.010000  0.00975 -0.01046 -0.00311 -0.00743  0.02852
0.010000 -0.02336 -0.00651 -0.01391  0.05961 -0.06132
0.010000  0.02901  0.00524  0.00302 -0.00248 -0.03629
0.010000  0.03906  0.00994  0.02991  0.00059  0.05011
0.010000  0.01732  0.00142  0.00211  0.02633  0.00062
0.010000  0.09191  0.03444  0.05314  0.00368  0.08742
0.010000 -0.01633 -0.01492 -0.00341  0.00147 -0.01778
0.010000  0.01182 -0.01118  0.03855  0.02847 -0.02205
0.010000  0.04778  0.00214  0.02563  0.06712 -0.00858
0.010000 -0.00064 -0.00108 -0.00248 -0.00471  0.05125
0.010000 -0.00410 -0.02687 -0.00844  0.03084 -0.01580
0.010000  0.00390  0.00106 -0.00589  0.01402 -0.02043
0.010000 -0.01947 -0.00388 -0.01350  0.00004 -0.02426
0.010000 -0.02025 -0.02629 -0.01255  0.00352 -0.02956
0.010000 -0.03685 -0.01300 -0.01408  0.00367  0.01697
0.010000 -0.03332 -0.03820 -0.01473  0.00116 -0.00581
0.010000  0.03208  0.00288  0.01116 -0.00845  0.03983
0.010000  0.01506  0.02028 -0.00374 -0.00940 -0.01494
0.010000 -0.02491 -0.00675 -0.00810  0.06237 -0.03430
