# Scenario generation method from a paper by Hoyland, Kaut & Wallace
# Code by Michal Kaut (michal.kaut@iot.ntnu.n) & Diego Mathieu

#   prob   var  1   var  2   var  3   var  4   var  5
0.010000 -0.01371  0.03854  0.00853 -0.01267  0.00859
0.010000  0.00209  0.00173 -0.00608  0.00680 -0.01857
0.010000 -0.02513  0.07443  0.01881 -0.00009  0.00085
0.010000  0.03716  0.03662  0.01907 -0.00146 -0.00220
0.010000  0.00833  0.02953  0.01142 -0.00037  0.01540
0.010000 -0.00205  0.00129 -0.00599  0.00983  0.01325
0.010000  0.01577  0.00737 -0.01044  0.00217  0.01288
0.010000 -0.06347  0.01329 -0.02726  0.00471 -0.01319
0.010000  0.03322  0.04271  0.01241  0.00845  0.00392
0.010000  0.05280  0.04862  0.00673  0.00514  0.01755
0.010000  0.00313  0.00162  0.00326  0.00987 -0.01790
0.010000 -0.03977 -0.01260 -0.02370 -0.00739  0.00286
0.010000  0.02947  0.04232  0.01787 -0.03134  0.00506
0.010000 -0.01702  0.00523  0.00200 -0.00417 -0.04690
0.010000 -0.01591  0.00387 -0.00175 -0.00932 -0.00003
0.010000 -0.04286  0.00624 -0.01298 -0.00018 -0.00567
0.010000  0.06367  0.03506  0.02483  0.00682  0.03634
0.010000 -0.04449 -0.01107 -0.02354 -0.00330 -0.00430
0.010000  0.00106 -0.00698 -0.00201 -0.00357 -0.01003
0.010000  0.01255  0.02709  0.00747 -0.00334 -0.02333
0.010000 -0.02634 -0.01273 -0.00505 -0.00353 -0.02105
0.010000 -0.05822 -0.01097 -0.03298 -0.02294 -0.01444
0.010000  0.05471  0.05209  0.01208  0.00659  0.02632
0.010000  0.03195  0.03293  0.01682 -0.00528 -0.01511
0.010000 -0.05373 -0.00558 -0.02624 -0.01258 -0.02282
0.010000 -0.04793 -0.04028 -0.05364 -0.00341  0.00939
0.010000  0.01795  0.00388 -0.00306  0.01252  0.01223
0.010000  0.00938  0.01747  0.00326 -0.00222  0.00197
0.010000  0.03070  0.02072  0.00560  0.01590  0.01621
0.010000  0.01469 -0.00202  0.00220 -0.00036  0.01239
0.010000  0.02016 -0.00364  0.00365  0.01327  0.01097
0.010000 -0.03684 -0.01978 -0.01405 -0.01750 -0.01510
0.010000 -0.03271 -0.01933 -0.02216 -0.00524 -0.00356
0.010000 -0.02883 -0.00120 -0.02467  0.00271 -0.00234
0.010000  0.01362  0.00582  0.00504  0.00194  0.00003
0.010000 -0.00940  0.01396  0.00158  0.00001  0.00305
0.010000  0.02356  0.03402  0.00635  0.00249  0.02445
0.010000 -0.03010 -0.00400 -0.00323 -0.00443 -0.04082
0.010000  0.00416 -0.01652 -0.01259 -0.00245 -0.01268
0.010000 -0.00308 -0.00219 -0.01109  0.01268 -0.00226
0.010000  0.03451  0.03334  0.00721 -0.00060  0.00622
0.010000  0.00003  0.00020  0.00311 -0.00529 -0.01141
0.010000  0.01043  0.01583  0.00317  0.00761  0.00898
0.010000 -0.06808 -0.01169 -0.03318 -0.00216 -0.04607
0.010000 -0.00622  0.05669  0.01552 -0.00597 -0.02723
0.010000  0.03582 -0.00087  0.00602 -0.00056  0.00436
0.010000 -0.00413  0.03922 -0.00681  0.00259  0.04046
0.010000 -0.06640 -0.01679 -0.03967 -0.00465 -0.03214
0.010000 -0.00833  0.01387  0.00196 -0.00028  0.00380
0.010000  0.01149  0.01063  0.00690 -0.00885 -0.02112
0.010000 -0.04617 -0.01780 -0.03461  0.01552 -0.02446
0.010000 -0.01928  0.00627  0.00116 -0.00131 -0.00525
0.010000  0.04923  0.05578  0.02712  0.00683 -0.01116
0.010000 -0.02275  0.00701 -0.00680  0.02383 -0.01655
0.010000 -0.02158  0.02681  0.00187 -0.02423 -0.00153
0.010000 -0.02758 -0.08461 -0.01493  0.02077 -0.01987
0.010000 -0.02393 -0.00001 -0.02183 -0.01159  0.01950
0.010000 -0.00728 -0.02242 -0.01380  0.00603  0.00670
0.010000  0.04593 -0.00174  0.00453  0.01274  0.02064
0.010000  0.02588  0.01743  0.00989 -0.01456 -0.00036
0.010000  0.06119  0.02634  0.01467 -0.01329  0.01844
0.010000 -0.06073 -0.00382 -0.03572 -0.00611 -0.01164
0.010000 -0.03544 -0.00292 -0.01129 -0.00528 -0.01386
0.010000  0.01685  0.03035  0.00859  0.00328 -0.01092
0.010000  0.04755  0.01462  0.00401  0.01756  0.02509
0.010000  0.00728 -0.00361  0.00282 -0.00074 -0.03050
0.010000 -0.05590  0.01006 -0.00705 -0.01585 -0.04235
0.010000 -0.00517  0.00450 -0.01123  0.00571  0.01585
0.010000  0.07077  0.02770 -0.02003  0.00715  0.02692
0.010000 -0.01262  0.02859 -0.00125 -0.00563  0.02062
0.010000 -0.04129 -0.02679 -0.04250  0.00506 -0.00274
0.010000  0.06637  0.03924  0.00808  0.02062  0.02804
0.010000 -0.01814  0.04161  0.01038 -0.00711 -0.00475
0.010000 -0.03406  0.00264 -0.01121 -0.00719 -0.00762
0.010000  0.04285  0.03628 -0.00648 -0.00336  0.02564
0.010000 -0.05169 -0.00461 -0.03304  0.01477 -0.01517
0.010000  0.02471  0.01237 -0.00445  0.00445  0.02546
0.010000 -0.02042 -0.01026 -0.00778 -0.00292 -0.02522
0.010000  0.00520 -0.00065  0.00338  0.01719 -0.01085
0.010000  0.04137  0.03105 -0.00026  0.00982  0.01452
0.010000 -0.01480  0.00002 -0.00091 -0.01450 -0.00333
0.010000  0.02241  0.03185  0.00752 -0.00645  0.02154
0.010000  0.05097 -0.00942  0.00329 -0.00694 -0.00415
0.010000  0.05674  0.02640  0.00873  0.00118  0.01950
0.010000  0.02706  0.02789 -0.00030  0.00813  0.00875
0.010000 -0.03140  0.00752 -0.01103  0.00053 -0.00651
0.010000  0.06925  0.03046 -0.00346  0.01291  0.03536
0.010000 -0.01047  0.01271  0.00391  0.00720 -0.01175
0.010000  0.04437 -0.00073  0.00819  0.02336  0.00648
0.010000  0.03853  0.02939  0.00745  0.00911  0.01585
0.010000  0.05888  0.01357  0.01569  0.00041  0.03544
0.010000  0.01905 -0.02421 -0.00119 -0.00616 -0.03965
0.010000  0.03994  0.00985  0.00986 -0.00601 -0.00443
0.010000  0.00624  0.01516  0.00719 -0.01254 -0.02261
0.010000 -0.00101  0.01009  0.00412  0.00722 -0.01185
0.010000 -0.04977 -0.00635 -0.01241 -0.01763 -0.00898
0.010000 -0.01154 -0.04415 -0.01663 -0.00585 -0.02361
0.010000 -0.03829 -0.00836 -0.02464 -0.00414 -0.01707
0.010000  0.02826 -0.00213  0.00203 -0.00053 -0.00114
0.010000  0.02128  0.02673  0.01205  0.00884  0.02215
