# Scenario generation method from a paper by Hoyland, Kaut & Wallace
# Code by Michal Kaut (michal.kaut@iot.ntnu.n) & Diego Mathieu

#   prob   var  1   var  2   var  3   var  4   var  5
0.010000  0.06508 -0.01090  0.01016  0.01106  0.00793
0.010000  0.03363  0.01891 -0.00409  0.07763  0.02584
0.010000  0.02929  0.00531  0.02104  0.01382 -0.02160
0.010000  0.06276  0.01914  0.01833  0.01186  0.03276
0.010000  0.00402  0.01894 -0.00171 -0.00501 -0.01070
0.010000  0.01630  0.05078  0.02120  0.01032  0.00406
0.010000  0.03475  0.03678 -0.00920 -0.00805  0.02649
0.010000 -0.01937  0.02175  0.00897  0.00295 -0.02438
0.010000 -0.03363 -0.01228 -0.01353 -0.01161 -0.00402
0.010000  0.04585  0.01550  0.01927  0.03029  0.03709
0.010000 -0.01711  0.01035 -0.00673 -0.00982 -0.00348
0.010000  0.06764  0.02101  0.02867  0.03163 -0.02802
0.010000 -0.05571 -0.01587 -0.01353 -0.01063 -0.01911
0.010000 -0.00966 -0.01104  0.00505 -0.00254  0.01997
0.010000  0.00117  0.01169 -0.00082 -0.00696 -0.00060
0.010000  0.01344  0.03872  0.00494 -0.00233  0.01982
0.010000 -0.04853  0.00688 -0.01479  0.00074  0.00001
0.010000  0.03942  0.00597  0.01379  0.00523 -0.00004
0.010000  0.04867  0.01936  0.01927  0.01484  0.01214
0.010000 -0.01492  0.00319  0.01445  0.00272 -0.03010
0.010000  0.03035  0.00268  0.01310  0.02072  0.02005
0.010000  0.02515  0.00929 -0.00037  0.00831 -0.01873
0.010000  0.04318  0.01278  0.00517  0.00113 -0.00110
0.010000  0.03143  0.00331  0.00104 -0.00048  0.01952
0.010000  0.04724  0.00695  0.00010  0.00167  0.01469
0.010000  0.07232  0.00866  0.02928  0.03612  0.02533
0.010000 -0.03215  0.02679  0.00720 -0.00182 -0.03617
0.010000 -0.03845 -0.02413 -0.01493 -0.01115 -0.00474
0.010000  0.05862  0.04286  0.00982 -0.00277 -0.01206
0.010000 -0.04208 -0.00605 -0.02126  0.00795 -0.01301
0.010000 -0.02538  0.00596 -0.00320 -0.00999 -0.00253
0.010000  0.02414  0.01103  0.00108  0.00491  0.01766
0.010000 -0.00663 -0.00071 -0.00940 -0.00650 -0.02309
0.010000  0.04190  0.04260  0.00722  0.00375  0.02306
0.010000  0.01534  0.00981  0.02156  0.00687 -0.00822
0.010000 -0.00172  0.02266 -0.00524 -0.00549  0.01434
0.010000  0.02017  0.01540 -0.00963 -0.01374 -0.02122
0.010000  0.00212  0.01413 -0.00065 -0.00278  0.02199
0.010000  0.02214  0.01848  0.01360  0.00795  0.00428
0.010000  0.05170  0.04870  0.01770  0.00805  0.03256
0.010000 -0.01173 -0.00537 -0.00015  0.00687 -0.03392
0.010000 -0.00763 -0.00885 -0.00826  0.04485 -0.01130
0.010000 -0.03072  0.00875 -0.01711  0.00320 -0.00519
0.010000  0.02720  0.00457 -0.01246 -0.00210  0.03545
0.010000  0.00966  0.00495  0.00227  0.04482  0.01665
0.010000 -0.05108 -0.01001 -0.01082 -0.00256 -0.02985
0.010000  0.01439  0.04646  0.00847 -0.00086 -0.00139
0.010000 -0.02053  0.00284 -0.01193 -0.01529 -0.04701
0.010000  0.05016  0.02893  0.02081  0.01593  0.01984
0.010000 -0.04407  0.01817 -0.00371 -0.01022 -0.00000
0.010000  0.00872 -0.00320  0.00123 -0.00234  0.01494
0.010000  0.01060  0.02063  0.00155 -0.00318 -0.00268
0.010000  0.00021  0.00458 -0.01289 -0.00176  0.01461
0.010000 -0.05385  0.00273 -0.01909 -0.01630 -0.01635
0.010000 -0.03678 -0.00301 -0.02275 -0.01733 -0.05405
0.010000  0.01249  0.05542  0.01845  0.00532 -0.00645
0.010000  0.02314  0.00530  0.00964  0.01041  0.00118
0.010000 -0.01384 -0.01298  0.00283  0.00218 -0.00604
0.010000  0.02824  0.00585 -0.00734 -0.00660 -0.03137
0.010000  0.07042  0.00120  0.03975  0.04389  0.01869
0.010000 -0.01278  0.02000 -0.01975 -0.01542  0.00507
0.010000 -0.00864  0.00689 -0.00371 -0.00764 -0.01107
0.010000  0.00778  0.02844  0.00568 -0.00475 -0.00930
0.010000 -0.00366 -0.00895 -0.01682 -0.01164  0.01388
0.010000  0.00496  0.01860  0.01284  0.01249  0.02030
0.010000 -0.04621 -0.00406 -0.01041 -0.00100 -0.00630
0.010000 -0.02413  0.00835 -0.01064  0.00161  0.00677
0.010000 -0.01069 -0.00002 -0.01556  0.00001  0.02054
0.010000  0.00307  0.01731  0.00762  0.01413  0.01323
0.010000  0.01919  0.00563 -0.00055 -0.00421 -0.00513
0.010000  0.01822  0.01294  0.00336 -0.00129  0.02926
0.010000 -0.04022  0.02169 -0.01835 -0.01607  0.00347
0.010000  0.02115  0.00009  0.02316  0.00976 -0.00422
0.010000  0.03822  0.02733  0.01898  0.01118  0.01430
0.010000  0.03252  0.00865  0.00978  0.03348 -0.00002
0.010000  0.03704  0.03128  0.00540  0.01841  0.01110
0.010000  0.04450  0.02731  0.00821  0.01401  0.02975
0.010000 -0.00075  0.02150  0.01735  0.00675 -0.01558
0.010000 -0.03517  0.00154 -0.02226 -0.00615 -0.02090
0.010000  0.02617  0.02190  0.01149  0.00901 -0.01992
0.010000  0.00684  0.02493  0.00235 -0.00804  0.02211
0.010000  0.05331  0.02054  0.00802  0.02111  0.00482
0.010000  0.01726  0.06560 -0.00003 -0.00644  0.00461
0.010000 -0.01601  0.01303 -0.00132 -0.00597  0.00315
0.010000 -0.02933  0.00983 -0.00650 -0.00992 -0.02016
0.010000  0.00590 -0.01245  0.01051  0.03168  0.01788
0.010000 -0.00269  0.00961 -0.00734 -0.01113  0.01163
0.010000 -0.01823  0.08301  0.01080 -0.00286  0.01449
0.010000 -0.02291 -0.00019 -0.02024 -0.01719  0.01638
0.010000 -0.02171  0.00558 -0.01267  0.00723 -0.00049
0.010000 -0.02798 -0.01191 -0.02869 -0.01784 -0.00939
0.010000  0.01154  0.04286 -0.00001  0.01661 -0.01110
0.010000  0.05675  0.01613  0.01418  0.01080  0.02943
0.010000 -0.00464  0.00175 -0.01774 -0.00371 -0.01267
0.010000  0.06062  0.00889 -0.00243  0.00563 -0.00412
0.010000 -0.02666  0.00078  0.00400  0.00816 -0.00210
0.010000  0.05499  0.01843 -0.00019  0.00316  0.02947
0.010000  0.04065  0.02839  0.00359 -0.00552  0.02156
0.010000  0.03589  0.03472  0.01990  0.01352  0.02951
0.010000 -0.00563  0.01531 -0.01466 -0.01564 -0.00449
