# Scenario generation method from a paper by Hoyland, Kaut & Wallace
# Code by Michal Kaut (michal.kaut@iot.ntnu.n) & Diego Mathieu

#   prob   var  1   var  2   var  3   var  4   var  5
0.010000  0.04050  0.02631  0.00941  0.00030  0.02530
0.010000  0.01637  0.02360 -0.00655  0.01346 -0.00236
0.010000 -0.02748 -0.05173 -0.02360 -0.01991 -0.01178
0.010000 -0.01356  0.01601 -0.00841  0.01598  0.01562
0.010000 -0.02945 -0.03008 -0.00539  0.01028 -0.00934
0.010000 -0.02260 -0.01892 -0.01448 -0.00412  0.00217
0.010000  0.04330  0.04446  0.03885  0.02495 -0.00853
0.010000 -0.03171 -0.06842 -0.02226 -0.04107 -0.00952
0.010000  0.02564  0.02527  0.00619  0.00072  0.01032
0.010000 -0.02541 -0.04772 -0.02293 -0.06453 -0.02292
0.010000  0.00608  0.02846  0.00973 -0.01284 -0.01800
0.010000 -0.00391  0.01753 -0.01883  0.01240 -0.00273
0.010000 -0.02050 -0.00233  0.01347  0.02471  0.00471
0.010000 -0.00113  0.00270  0.01829  0.01403 -0.00266
0.010000 -0.01841 -0.00475  0.00289  0.02159  0.02657
0.010000 -0.02190 -0.00128  0.00166  0.02295  0.00841
0.010000  0.03614  0.03384  0.00964 -0.00730  0.04423
0.010000  0.04500  0.02669  0.01132  0.01179 -0.00192
0.010000 -0.00530 -0.02148 -0.00441 -0.00860  0.02593
0.010000 -0.03062 -0.02347 -0.02496  0.00917 -0.02784
0.010000 -0.01563 -0.02561 -0.01876 -0.02017 -0.01517
0.010000 -0.02815 -0.04504 -0.00825  0.00451  0.00858
0.010000  0.04365  0.02429  0.03403  0.00748 -0.01130
0.010000  0.03753  0.02719  0.03592  0.01662  0.01538
0.010000 -0.00252  0.00247 -0.00094 -0.00387 -0.01283
0.010000  0.00387 -0.01265 -0.00712 -0.00618  0.04740
0.010000 -0.03089 -0.01670 -0.01261  0.00431 -0.02087
0.010000 -0.00943  0.00595 -0.00833  0.00317  0.00919
0.010000  0.00988 -0.02596  0.01191 -0.01073  0.04897
0.010000 -0.00668 -0.01647  0.02754  0.00744  0.03703
0.010000  0.01898  0.02874  0.04277 -0.02860  0.05050
0.010000 -0.00461  0.01826 -0.00794  0.02030 -0.00480
0.010000  0.00758  0.03237  0.03911  0.02670  0.02692
0.010000  0.03480  0.01061  0.00448  0.01032  0.01350
0.010000  0.02882  0.01970 -0.00195  0.00466  0.03739
0.010000 -0.02471 -0.00485 -0.01206  0.02002 -0.02926
0.010000 -0.00599 -0.04194 -0.01696 -0.02478 -0.01498
0.010000  0.01224  0.00761 -0.00972 -0.01138  0.05826
0.010000 -0.01150 -0.02331  0.02104 -0.00547  0.00015
0.010000 -0.01633  0.00520 -0.02201  0.01219 -0.01169
0.010000  0.02994  0.01512  0.04391  0.01988  0.02842
0.010000  0.02463  0.02536 -0.00713 -0.03907  0.01729
0.010000 -0.02401 -0.02867  0.02670  0.02286  0.03328
0.010000  0.00170 -0.00178 -0.01691 -0.02710 -0.02997
0.010000  0.00683 -0.01702  0.02560  0.01608  0.00419
0.010000 -0.01012 -0.00998 -0.01062  0.00423 -0.00631
0.010000  0.00242  0.01896 -0.01018  0.00152 -0.02633
0.010000 -0.01980 -0.01595  0.00564  0.01538  0.05392
0.010000  0.00460  0.03085 -0.00111  0.02202 -0.03006
0.010000 -0.03111 -0.02490 -0.01367  0.01091 -0.01073
0.010000  0.01066  0.03345 -0.00409  0.01842 -0.03198
0.010000 -0.01910 -0.00687 -0.01492  0.01470 -0.01514
0.010000 -0.02610 -0.00246  0.00428  0.01864 -0.01189
0.010000  0.01145  0.02135 -0.00299  0.01497 -0.01049
0.010000  0.01810 -0.00428  0.02368 -0.01456  0.01007
0.010000 -0.00875  0.01721  0.02290  0.02280 -0.01536
0.010000  0.03898  0.04539  0.02150  0.02425 -0.01786
0.010000 -0.02331 -0.03492 -0.02200 -0.03880  0.02086
0.010000  0.02773  0.01447  0.03676  0.01804  0.02347
0.010000  0.02172 -0.00615  0.02249  0.00720  0.00712
0.010000  0.02079  0.00946  0.02621  0.00054 -0.01188
0.010000 -0.00806  0.00658  0.01898  0.01184  0.01218
0.010000 -0.00322 -0.02044  0.03103  0.00596  0.04913
0.010000 -0.00737  0.01550  0.00758  0.01280 -0.02390
0.010000  0.03228  0.03116  0.03692  0.01392  0.03745
0.010000  0.00911  0.00931  0.01920  0.01199 -0.00986
0.010000 -0.02679 -0.01258 -0.01873 -0.01455  0.01687
0.010000 -0.00183 -0.03226 -0.01085 -0.04010 -0.00306
0.010000  0.00099  0.01244  0.00692  0.02144 -0.02122
0.010000 -0.01081 -0.04155 -0.01083 -0.00170 -0.00120
0.010000 -0.03161 -0.05362 -0.00495  0.00195  0.04828
0.010000  0.02267  0.00566  0.00113 -0.00394  0.00544
0.010000 -0.02881 -0.01226 -0.01068  0.01176 -0.00942
0.010000 -0.01729 -0.03895 -0.00237 -0.02065  0.02455
0.010000 -0.00043  0.01375  0.00778  0.01389 -0.01744
0.010000 -0.01494 -0.00870 -0.01121  0.01078 -0.01001
0.010000  0.00534  0.00284  0.01052  0.01770  0.01056
0.010000 -0.01702  0.00585 -0.02154 -0.00838 -0.02602
0.010000 -0.02120 -0.01921 -0.01078 -0.01495 -0.00024
0.010000  0.01469  0.00552  0.03324 -0.01254  0.09841
0.010000  0.01723 -0.02553 -0.00738 -0.01653 -0.00290
0.010000 -0.03006 -0.02647  0.00426 -0.02091 -0.00482
0.010000  0.03352  0.03262  0.05863  0.02449  0.04728
0.010000 -0.01771  0.00171  0.03283  0.00595  0.03334
0.010000  0.02364  0.02348  0.00701  0.01244 -0.02006
0.010000 -0.03149 -0.03292 -0.02494 -0.02402  0.03766
0.010000  0.00028 -0.01507 -0.00011 -0.00118  0.01593
0.010000  0.04207  0.03595  0.01741 -0.02105  0.02397
0.010000 -0.02863  0.00032 -0.02116  0.01658 -0.03058
0.010000  0.03109  0.02671  0.02557  0.02256  0.00837
0.010000  0.02667  0.03544  0.00961  0.01529 -0.01416
0.010000  0.01305  0.00469  0.01088  0.01543 -0.00098
0.010000  0.01552  0.00830  0.00962  0.01077 -0.00218
0.010000 -0.01425 -0.01208 -0.01872 -0.00109 -0.00327
0.010000  0.00834 -0.00524  0.00758  0.00722  0.01902
0.010000 -0.01218 -0.02909 -0.01633  0.00057 -0.00367
0.010000  0.00314 -0.01926  0.00562  0.00180 -0.00559
0.010000 -0.01287 -0.00396 -0.00132 -0.00469 -0.02567
0.010000  0.01988  0.03513 -0.00482 -0.00776 -0.02653
0.010000  0.01386  0.01966  0.00751 -0.01449  0.05587
