# Scenario generation method from a paper by Hoyland, Kaut & Wallace
# Code by Michal Kaut (michal.kaut@iot.ntnu.n) & Diego Mathieu

#   prob   var  1   var  2   var  3   var  4   var  5
0.010000 -0.00640 -0.01343 -0.01771 -0.01834 -0.03328
0.010000  0.01255  0.01134 -0.00015  0.00229 -0.01187
0.010000 -0.00699 -0.03151  0.00193  0.00179  0.00274
0.010000 -0.00816  0.00790  0.02829  0.00559 -0.00379
0.010000 -0.01860  0.01655  0.00110 -0.00686 -0.00463
0.010000  0.02757  0.01085  0.00551  0.03862 -0.01884
0.010000  0.03315  0.00674  0.01402  0.02238  0.03258
0.010000  0.02600  0.01275 -0.00808  0.01970 -0.00035
0.010000  0.00484  0.00408  0.00701  0.00218  0.01075
0.010000 -0.00164 -0.02870 -0.02062 -0.01861 -0.00662
0.010000 -0.01793 -0.01792 -0.01635 -0.01954 -0.01080
0.010000 -0.02527 -0.00934 -0.01126  0.00101 -0.01500
0.010000 -0.00992 -0.02712  0.01749 -0.00956  0.00487
0.010000 -0.01111 -0.03225  0.00921 -0.01360 -0.00612
0.010000 -0.00040  0.01471  0.05273  0.01721 -0.00132
0.010000 -0.01599 -0.03319 -0.01781 -0.00813 -0.02942
0.010000 -0.02212 -0.01421 -0.00983 -0.01001 -0.02623
0.010000 -0.02365 -0.00794 -0.00430  0.00021 -0.00314
0.010000 -0.00523 -0.04532 -0.00653  0.03090 -0.01161
0.010000 -0.02701 -0.04062 -0.01235 -0.01319 -0.01242
0.010000  0.00848 -0.00183  0.04308  0.02402 -0.01728
0.010000  0.02927  0.06043  0.03093  0.04837  0.01582
0.010000 -0.03466 -0.03994 -0.02047 -0.02539 -0.06141
0.010000  0.01086  0.01291  0.03256  0.01135  0.00293
0.010000  0.00415 -0.01083 -0.00901 -0.00668 -0.01975
0.010000  0.00698  0.01210  0.03634  0.00099 -0.02250
0.010000  0.04451  0.02028  0.05069  0.04815 -0.00136
0.010000 -0.00757 -0.02105 -0.01944  0.00741 -0.00372
0.010000  0.01730 -0.01888 -0.01806 -0.01566 -0.00198
0.010000  0.01948  0.01218  0.02740  0.01676  0.01992
0.010000  0.04892  0.03516  0.00467  0.04169  0.03218
0.010000 -0.05619 -0.03902 -0.01638 -0.05270 -0.03630
0.010000 -0.01230  0.00813  0.00372  0.01597  0.00466
0.010000 -0.00464 -0.00015  0.00798 -0.02341  0.00586
0.010000 -0.03608 -0.03409 -0.01318 -0.03704 -0.02134
0.010000 -0.00102 -0.01138  0.02166  0.01601  0.00132
0.010000 -0.02445 -0.04687 -0.02080 -0.02885 -0.01258
0.010000 -0.00225  0.00027  0.02388 -0.00150 -0.03167
0.010000  0.03542  0.01432  0.04143  0.04136  0.02312
0.010000 -0.01727 -0.00922  0.02227 -0.00878  0.00179
0.010000  0.04097  0.05544  0.03146  0.03442 -0.00579
0.010000  0.00347 -0.00375 -0.01282  0.01369 -0.02804
0.010000  0.00625 -0.01474 -0.01480 -0.00390 -0.04662
0.010000  0.02187  0.00751  0.02130  0.01143  0.01874
0.010000 -0.01170 -0.02230  0.00200  0.00583 -0.01404
0.010000 -0.00285  0.00977  0.02428  0.02358  0.00445
0.010000 -0.00582 -0.01266 -0.01725 -0.01155 -0.01852
0.010000 -0.03766 -0.01854  0.01559 -0.01699 -0.00525
0.010000  0.01344  0.03966  0.01873  0.03810 -0.01110
0.010000  0.00215  0.02189  0.01036 -0.00216  0.00568
0.010000 -0.00405 -0.00746  0.02625  0.01203 -0.02664
0.010000 -0.05049 -0.02467  0.00277 -0.02701 -0.03421
0.010000  0.00925 -0.01574  0.02409 -0.00376 -0.02571
0.010000  0.00150 -0.01029  0.00242 -0.00487  0.00193
0.010000 -0.02992 -0.01838  0.00364 -0.00845 -0.04832
0.010000  0.00086 -0.02874 -0.00537 -0.00882 -0.03557
0.010000  0.01436  0.02348  0.00532  0.04026  0.01471
0.010000 -0.00345 -0.01874 -0.01064 -0.01730 -0.00330
0.010000  0.00554 -0.00136 -0.00965  0.01213 -0.03762
0.010000 -0.03334 -0.00718 -0.00472 -0.02005 -0.01484
0.010000  0.01004  0.08264  0.03488  0.01617 -0.01585
0.010000 -0.01996  0.00715 -0.00277 -0.02890 -0.01793
0.010000  0.08671  0.04513  0.02805  0.07878  0.01979
0.010000  0.05478  0.05729  0.03312  0.07748  0.02224
0.010000 -0.01351 -0.01379 -0.01789 -0.03042 -0.00891
0.010000 -0.00875  0.00831  0.01258 -0.00892 -0.03036
0.010000 -0.01927 -0.03730 -0.01412 -0.02770 -0.01285
0.010000 -0.02138 -0.01762  0.01351 -0.00165 -0.02410
0.010000 -0.03942 -0.01630  0.00179 -0.02634 -0.02165
0.010000  0.02453  0.01275 -0.00764  0.02189  0.01279
0.010000 -0.01051 -0.00587 -0.01364 -0.02430 -0.04428
0.010000  0.03112  0.01129  0.01355  0.02588 -0.01174
0.010000  0.00281  0.00201 -0.00114 -0.00715  0.00667
0.010000 -0.07049 -0.02564 -0.00325 -0.04204 -0.02726
0.010000 -0.04380 -0.03041 -0.01866 -0.04838 -0.04012
0.010000 -0.01663 -0.03019 -0.01015 -0.00965 -0.00354
0.010000  0.00022  0.00684 -0.00685 -0.00301 -0.00564
0.010000 -0.01412 -0.01893 -0.00748  0.00901 -0.01231
0.010000 -0.03099 -0.03443 -0.01982 -0.03130 -0.02439
0.010000 -0.04669 -0.01420 -0.01535 -0.03065 -0.03822
0.010000  0.01530  0.02799  0.01388  0.02486 -0.01329
0.010000 -0.03213 -0.03121 -0.01720 -0.04606 -0.02244
0.010000  0.01837 -0.00183 -0.01547  0.00792 -0.03417
0.010000 -0.02890 -0.00351  0.03843 -0.00082 -0.01991
0.010000  0.03799  0.00408  0.00152  0.00355  0.03316
0.010000 -0.00933 -0.01281 -0.01148 -0.00865 -0.01261
0.010000 -0.02613 -0.03140  0.00194 -0.00877 -0.01678
0.010000  0.02064  0.00386  0.00250  0.00003 -0.01062
0.010000  0.02316  0.01854  0.02188  0.02320 -0.01289
0.010000 -0.02067 -0.02998 -0.02033 -0.02803 -0.01278
0.010000 -0.01536  0.01433 -0.00355 -0.02016 -0.03300
0.010000  0.00772 -0.00059 -0.01345  0.01025 -0.00254
0.010000 -0.02287 -0.03258 -0.02009 -0.03099 -0.01160
0.010000  0.06373  0.04306  0.03860  0.04384  0.00465
0.010000  0.01169  0.01138  0.01969  0.01444 -0.01937
0.010000 -0.04143  0.01621 -0.00007 -0.01357 -0.01772
0.010000 -0.02794 -0.02615 -0.01827 -0.02596 -0.01890
0.010000 -0.01290 -0.00311 -0.00917 -0.01277 -0.00360
0.010000 -0.01474 -0.02400 -0.00488 -0.01456 -0.00445
0.010000  0.01628  0.00048  0.00291  0.04269 -0.02557
