# Scenario generation method from a paper by Hoyland, Kaut & Wallace
# Code by Michal Kaut (michal.kaut@iot.ntnu.n) & Diego Mathieu

#   prob   var  1   var  2   var  3   var  4   var  5
0.010000  0.04359  0.05989  0.01376  0.05356  0.01669
0.010000 -0.01729 -0.01495 -0.01088 -0.02184  0.01274
0.010000  0.01644  0.02315  0.01356  0.02170  0.00326
0.010000 -0.01407 -0.01493 -0.00600 -0.01637 -0.02272
0.010000 -0.01964 -0.02214 -0.01100 -0.01279 -0.01929
0.010000 -0.02211 -0.02405 -0.01259 -0.03540 -0.02301
0.010000 -0.02316 -0.03340 -0.02099 -0.01941 -0.02419
0.010000 -0.00392 -0.01528 -0.01303 -0.01794 -0.01037
0.010000 -0.03454 -0.02292 -0.01583 -0.01482 -0.04114
0.010000 -0.01869 -0.01308  0.02835 -0.01291  0.00039
0.010000  0.02765  0.01223 -0.00539  0.00662  0.00907
0.010000  0.06369  0.04753  0.00439  0.03845  0.01378
0.010000  0.03407  0.01723  0.01911  0.03878  0.00589
0.010000  0.02958  0.01514  0.01450  0.02664  0.00763
0.010000 -0.03224  0.03212  0.00200 -0.02284 -0.04278
0.010000  0.03988  0.01079  0.01100  0.01910  0.00982
0.010000 -0.00894 -0.02212 -0.01358 -0.01615 -0.01278
0.010000 -0.01545 -0.01697  0.00419 -0.00534 -0.00855
0.010000 -0.02815 -0.03422 -0.02037 -0.03253  0.00556
0.010000  0.04821  0.07719  0.02087  0.04055 -0.01755
0.010000 -0.02986 -0.01059  0.00584 -0.02463 -0.02209
0.010000 -0.00599 -0.00596 -0.01279 -0.01094  0.00468
0.010000  0.05436  0.01979  0.02528  0.04010  0.03656
0.010000 -0.02160 -0.00714 -0.00586 -0.02416 -0.01034
0.010000 -0.01223 -0.00752 -0.00044 -0.00920  0.00162
0.010000  0.01434 -0.00167  0.03650  0.01579  0.01430
0.010000  0.01876  0.00317 -0.00653  0.00262 -0.02945
0.010000 -0.02484 -0.01935  0.00158 -0.01966  0.00560
0.010000  0.01149 -0.00388  0.01030  0.01038  0.00337
0.010000 -0.03091 -0.03482 -0.00321 -0.03094 -0.06351
0.010000  0.03170  0.00405 -0.00081  0.00817  0.02327
0.010000 -0.01315 -0.02242  0.00554 -0.01676  0.00101
0.010000  0.01757  0.00393  0.03003  0.01633  0.00497
0.010000 -0.00229  0.00555  0.02921  0.00899 -0.01161
0.010000  0.00060 -0.00724 -0.01160 -0.01395 -0.01539
0.010000 -0.00173 -0.01601 -0.01557 -0.02112  0.00425
0.010000  0.00000  0.01510  0.01303  0.01924  0.00518
0.010000 -0.01636 -0.02433  0.00653  0.00061 -0.03077
0.010000 -0.01083 -0.01125  0.00229 -0.01067 -0.01504
0.010000 -0.00445 -0.01092 -0.01153  0.00165 -0.02417
0.010000  0.01335  0.01617 -0.00472  0.00365 -0.00245
0.010000 -0.02427 -0.01294 -0.00672 -0.01923 -0.00365
0.010000 -0.01453 -0.02407 -0.01735 -0.01568  0.00283
0.010000  0.02426  0.00090 -0.00218  0.06557  0.01696
0.010000  0.00894 -0.00389 -0.01162  0.00888 -0.00696
0.010000  0.00447  0.00315  0.01661  0.00283  0.00491
0.010000 -0.02110 -0.02362 -0.01868 -0.02757 -0.03442
0.010000 -0.00942 -0.01237 -0.00322 -0.00506 -0.00371
0.010000 -0.02012 -0.01779  0.02348 -0.00101 -0.00149
0.010000 -0.01916 -0.02132  0.00534 -0.02963 -0.00794
0.010000  0.00588 -0.00844 -0.01389 -0.01671 -0.00476
0.010000 -0.00059 -0.00552 -0.00539 -0.00247 -0.04269
0.010000  0.02134  0.04317  0.00404  0.01908 -0.01512
0.010000 -0.00748 -0.02329 -0.00864 -0.01201  0.00273
0.010000 -0.02741 -0.00308  0.01664 -0.01837 -0.02171
0.010000  0.02589  0.00690 -0.00063  0.02207  0.03770
0.010000 -0.02371 -0.02223 -0.00750 -0.02393 -0.01133
0.010000  0.00247 -0.00879 -0.00961 -0.00516  0.01569
0.010000 -0.02544 -0.01216 -0.00020 -0.02328 -0.00559
0.010000  0.02001  0.00151  0.00194  0.01318  0.00667
0.010000 -0.01269 -0.02163 -0.00280 -0.00939  0.00410
0.010000 -0.00548 -0.01827 -0.01731 -0.01650  0.00038
0.010000 -0.01130 -0.01059 -0.01149  0.01577  0.00189
0.010000 -0.01590 -0.01939 -0.00415 -0.01488 -0.01084
0.010000  0.00312  0.04327  0.03843  0.01148 -0.02820
0.010000 -0.01361 -0.00356 -0.01078 -0.01281 -0.01583
0.010000 -0.02606 -0.02768 -0.00756 -0.02740 -0.00707
0.010000  0.08740  0.07343  0.05244  0.09245  0.02467
0.010000  0.01061  0.00517  0.00045  0.01123 -0.02838
0.010000  0.02275  0.03122  0.03187  0.01503  0.01460
0.010000  0.00379  0.01564  0.05049  0.01646  0.01404
0.010000  0.01537  0.00929 -0.00539  0.00067 -0.00215
0.010000 -0.01822 -0.01028  0.00232 -0.01617 -0.04150
0.010000 -0.02061 -0.00578  0.00637 -0.02324 -0.01088
0.010000  0.00184  0.00397 -0.00339 -0.00629 -0.00150
0.010000  0.00736  0.00837  0.00068 -0.00548  0.00490
0.010000 -0.00797 -0.02044 -0.00677 -0.00914 -0.02021
0.010000 -0.01682 -0.01221 -0.01430  0.00071 -0.02602
0.010000 -0.00339  0.00691  0.02500 -0.00362 -0.01695
0.010000 -0.00649  0.00022  0.00004 -0.01530  0.00289
0.010000 -0.01036 -0.01061 -0.01424 -0.00337 -0.02682
0.010000  0.03676  0.00886  0.00712  0.01478  0.01143
0.010000  0.01240 -0.00276 -0.00586  0.02214 -0.01146
0.010000  0.00121  0.00215 -0.00435 -0.00245  0.00083
0.010000 -0.00116 -0.00817 -0.01370 -0.01741  0.01455
0.010000 -0.00989 -0.02389 -0.00560  0.01064 -0.00581
0.010000 -0.02263 -0.01133 -0.01028 -0.01563 -0.00653
0.010000  0.00814  0.01785 -0.00041 -0.00126 -0.02706
0.010000 -0.00284 -0.01262 -0.01392 -0.02256 -0.01103
0.010000 -0.02896 -0.02401 -0.01683 -0.03069  0.00786
0.010000 -0.00846  0.01159  0.02858  0.00139  0.01747
0.010000  0.00516 -0.01352 -0.01091 -0.00879 -0.00385
0.010000  0.00661  0.03447  0.00517  0.02623 -0.01945
0.010000 -0.01499 -0.02293 -0.01888 -0.03772 -0.01185
0.010000 -0.00699  0.01600 -0.00351  0.01898 -0.02618
0.010000 -0.01177 -0.01982 -0.00829 -0.01493  0.01864
0.010000  0.00976 -0.00930  0.05005  0.02005  0.00997
0.010000 -0.02672 -0.03175 -0.00083 -0.03501  0.00499
0.010000 -0.00497 -0.00820 -0.01332 -0.00020 -0.00975
0.010000 -0.01775  0.00648 -0.00707 -0.01909 -0.00437
