# Scenario generation method from a paper by Hoyland, Kaut & Wallace
# Code by Michal Kaut (michal.kaut@iot.ntnu.n) & Diego Mathieu

#   prob   var  1   var  2   var  3   var  4   var  5
0.010000 -0.02040  0.03026 -0.00764 -0.01228 -0.01562
0.010000 -0.03289  0.03753 -0.01650 -0.01420 -0.01896
0.010000 -0.03020 -0.01256 -0.02020  0.03177  0.04757
0.010000 -0.02277 -0.02293 -0.00778  0.00914 -0.02526
0.010000  0.03582  0.00772  0.01107  0.01919 -0.02368
0.010000  0.01850  0.02732  0.00826  0.04554  0.01726
0.010000 -0.01069 -0.00771  0.00076  0.06035  0.03303
0.010000  0.02411 -0.00682 -0.00209  0.02279  0.03466
0.010000 -0.02737  0.00163 -0.01249 -0.00765 -0.03486
0.010000 -0.01233  0.01073  0.00426  0.04397  0.01845
0.010000 -0.03298 -0.02382 -0.01441  0.00246  0.00167
0.010000  0.02899  0.01637  0.01449  0.00624  0.00899
0.010000 -0.02662 -0.00417 -0.01317 -0.00570 -0.02647
0.010000 -0.01640  0.01327  0.00643 -0.00722 -0.01267
0.010000  0.02529  0.00262  0.01867  0.06440  0.01541
0.010000  0.01037  0.04654 -0.00995 -0.01242  0.02537
0.010000 -0.00315  0.00472 -0.01341  0.05715  0.03017
0.010000  0.05921  0.01960  0.01317  0.01718 -0.00350
0.010000  0.06968  0.05753  0.01276 -0.00615  0.01935
0.010000 -0.03280  0.00731 -0.00283 -0.00504 -0.01599
0.010000 -0.01960  0.01989 -0.00317 -0.01017 -0.01318
0.010000  0.00295  0.02170  0.00565 -0.00314  0.03041
0.010000 -0.00987  0.00838 -0.00916 -0.00682  0.00082
0.010000  0.01959  0.00898 -0.00450  0.00004  0.01177
0.010000 -0.03144  0.00503 -0.01122 -0.00889 -0.05175
0.010000  0.05650  0.03014  0.01612  0.00717  0.02524
0.010000  0.02295  0.01703  0.00620 -0.00156  0.01430
0.010000  0.02181  0.00248  0.02253  0.04879  0.02842
0.010000  0.01639 -0.00454  0.00010  0.02511  0.02522
0.010000 -0.01152  0.00261  0.01364  0.00163  0.00738
0.010000  0.06566  0.04991  0.02997  0.02257 -0.00127
0.010000 -0.02433  0.02661 -0.00301 -0.01162 -0.04379
0.010000  0.07471  0.02248  0.01828  0.04954  0.04393
0.010000 -0.03236  0.00395 -0.01260 -0.00709  0.00125
0.010000 -0.01199  0.00926 -0.01152  0.00204 -0.01074
0.010000  0.01332  0.00269 -0.00489  0.01560 -0.03559
0.010000  0.03161 -0.00260  0.00015  0.04286  0.02468
0.010000 -0.00737 -0.01156  0.00034  0.01064 -0.01632
0.010000  0.04384  0.02089  0.00488  0.00291  0.01071
0.010000 -0.00485  0.00392  0.00695  0.00403  0.01441
0.010000  0.03437  0.01852  0.01933  0.00839  0.00324
0.010000 -0.02198  0.00081 -0.01638 -0.00730 -0.01034
0.010000 -0.01478  0.00328 -0.01190 -0.00651 -0.02210
0.010000  0.02069  0.02650  0.01241 -0.00545 -0.01058
0.010000 -0.03245  0.08255 -0.00367 -0.01412 -0.00048
0.010000 -0.01559  0.01773  0.00519 -0.00054  0.01624
0.010000  0.04210 -0.00858 -0.00496  0.06095  0.02546
0.010000  0.04958  0.02987  0.02179  0.02001  0.02112
0.010000 -0.01397  0.00834 -0.00990 -0.00772  0.01607
0.010000  0.00206 -0.01076 -0.00654  0.03123 -0.01591
0.010000  0.05402  0.00892  0.01495  0.04643  0.02744
0.010000 -0.01315  0.04027 -0.01406 -0.01388 -0.02151
0.010000 -0.01801 -0.00540 -0.00950 -0.00195 -0.01227
0.010000 -0.02742 -0.00710 -0.01273  0.00740  0.00554
0.010000 -0.03199 -0.01545 -0.00450  0.00120  0.01083
0.010000  0.06223  0.02365  0.01823  0.02113  0.02835
0.010000  0.03297  0.04494  0.01044 -0.00972 -0.00691
0.010000  0.00941  0.01801  0.00394 -0.00558  0.00976
0.010000  0.01433  0.01536  0.01134 -0.00107  0.00658
0.010000  0.03885  0.01336  0.00906  0.01780 -0.00065
0.010000 -0.02355 -0.00653 -0.00427 -0.00218  0.01741
0.010000  0.00659  0.03207  0.01505 -0.00873 -0.01858
0.010000 -0.00143  0.02264  0.02247 -0.00231  0.01252
0.010000  0.00385  0.01838  0.00468 -0.00633 -0.01732
0.010000 -0.02810 -0.00503 -0.01527 -0.00581  0.01496
0.010000 -0.00570  0.02639 -0.00019  0.00534  0.01292
0.010000  0.03731  0.02802  0.01381  0.00037  0.03065
0.010000  0.08212  0.04174  0.04492  0.07726  0.04619
0.010000  0.02650 -0.00844  0.01055  0.08522  0.02940
0.010000 -0.02119 -0.01412 -0.01388  0.07037  0.01361
0.010000 -0.02586 -0.00319 -0.01425  0.00101  0.00864
0.010000  0.00475  0.00942  0.00524  0.00171  0.02032
0.010000  0.04565  0.01247 -0.00219  0.01071  0.00869
0.010000  0.01134  0.00246 -0.00358  0.02249  0.00989
0.010000  0.03029  0.00315  0.00075  0.01573 -0.00547
0.010000  0.00846  0.01820  0.01437 -0.00205  0.00388
0.010000  0.01233  0.02195 -0.00301 -0.00757 -0.00034
0.010000 -0.00229 -0.00296  0.00988  0.08035  0.02978
0.010000 -0.03095 -0.00961  0.01461  0.06430  0.00444
0.010000 -0.00821  0.02234  0.00033 -0.00940 -0.01539
0.010000  0.05172  0.05753  0.01652 -0.01013 -0.02123
0.010000  0.02773  0.01417  0.00814  0.00458  0.01749
0.010000 -0.00654  0.06201 -0.00545 -0.01220 -0.00287
0.010000 -0.02952  0.00208 -0.00832 -0.00753 -0.00192
0.010000 -0.00057  0.00262 -0.02056 -0.00542  0.01156
0.010000  0.00118  0.01212  0.01398 -0.00167 -0.01388
0.010000  0.01744  0.02411  0.00798 -0.00581 -0.00522
0.010000  0.00566  0.00146  0.00729  0.06181  0.01287
0.010000  0.04756  0.01545  0.00648  0.01701  0.06502
0.010000 -0.01720 -0.01125  0.00707  0.03986  0.01722
0.010000 -0.03084 -0.01045 -0.02167  0.02071  0.02075
0.010000 -0.01881  0.00243 -0.01753 -0.00752  0.00686
0.010000 -0.00400  0.00896  0.00114 -0.00119 -0.01181
0.010000 -0.00904  0.00237 -0.01575 -0.00599  0.00958
0.010000  0.01535  0.00217  0.00148  0.00984  0.02636
0.010000 -0.02510 -0.01726 -0.00892  0.00863  0.00281
0.010000  0.04044  0.02094  0.00051  0.01034  0.00776
0.010000  0.00030  0.00695  0.00045 -0.00282 -0.00400
0.010000  0.00752  0.02173  0.00979 -0.00285  0.02549
0.010000 -0.02882 -0.00453 -0.01993 -0.00700  0.00809
