# Scenario generation method from a paper by Hoyland, Kaut & Wallace
# Code by Michal Kaut (michal.kaut@iot.ntnu.n) & Diego Mathieu

#   prob   var  1   var  2   var  3   var  4   var  5
0.010000  0.00381 -0.00867  0.00589 -0.05214  0.02817
0.010000 -0.00660 -0.01496  0.01053  0.01032 -0.02458
0.010000 -0.01918 -0.02275 -0.00755 -0.00539  0.00344
0.010000 -0.01087 -0.00134  0.00180  0.00257  0.01841
0.010000  0.00291  0.01258  0.01080  0.00620 -0.01650
0.010000 -0.00133 -0.00591 -0.00494 -0.01270  0.01774
0.010000 -0.02511 -0.01956 -0.00969 -0.00427 -0.02367
0.010000  0.00720 -0.01428  0.01478 -0.00206  0.01437
0.010000  0.01497  0.00341  0.01126  0.00966  0.01891
0.010000 -0.03790 -0.03361 -0.02413 -0.02026 -0.01139
0.010000 -0.00295  0.00427  0.00675 -0.00817  0.03428
0.010000 -0.01133 -0.02835 -0.01988 -0.01199 -0.03742
0.010000  0.00882  0.00106 -0.00524  0.00761 -0.04357
0.010000 -0.00336 -0.01163 -0.01359 -0.00672 -0.01900
0.010000  0.00247 -0.00277 -0.00593 -0.01523 -0.01247
0.010000  0.00203 -0.01249  0.01288 -0.01446 -0.01974
0.010000 -0.00457  0.00619 -0.00162  0.00578 -0.02684
0.010000  0.01124  0.01291  0.00162  0.00492 -0.03250
0.010000 -0.00255  0.01113  0.00786 -0.00209  0.02156
0.010000  0.00117  0.00541  0.00856  0.01294  0.01046
0.010000 -0.02603 -0.01500 -0.01290 -0.00655 -0.00945
0.010000 -0.04541 -0.02221 -0.03087 -0.01982 -0.02264
0.010000 -0.01626 -0.00257 -0.03389 -0.03527 -0.02177
0.010000 -0.03364 -0.02590 -0.01129 -0.01449  0.01288
0.010000 -0.02188 -0.02074 -0.00340 -0.02201  0.00817
0.010000  0.00826  0.00108 -0.00811  0.00584 -0.02651
0.010000  0.00998 -0.01067  0.00990  0.00743  0.00454
0.010000  0.01261 -0.00823  0.00657  0.01491 -0.05251
0.010000 -0.00912 -0.00473 -0.00075  0.00058  0.01627
0.010000 -0.02703 -0.02584 -0.02391 -0.01463 -0.00740
0.010000 -0.01368 -0.00932 -0.01778 -0.00861 -0.00742
0.010000 -0.01418 -0.02932  0.00668 -0.00458  0.00687
0.010000  0.00336 -0.00635 -0.00846 -0.00519 -0.02807
0.010000 -0.00619  0.00933 -0.01228  0.00996 -0.01184
0.010000  0.00939 -0.00788  0.00394  0.01024 -0.02609
0.010000 -0.01272 -0.01443 -0.01227 -0.00636  0.00817
0.010000  0.01413  0.00875  0.01640  0.01291 -0.01804
0.010000 -0.02341 -0.01515 -0.01111  0.00311 -0.00908
0.010000 -0.02047 -0.00021 -0.00299 -0.03037  0.00667
0.010000 -0.01468 -0.02748  0.00641 -0.01342 -0.00347
0.010000 -0.00050  0.00520  0.01319  0.02820 -0.00865
0.010000  0.02055  0.01747  0.01126  0.03256 -0.00669
0.010000  0.01915  0.01784  0.01321  0.01823 -0.01099
0.010000 -0.02927 -0.02900 -0.00948 -0.02527  0.01508
0.010000 -0.00214 -0.02458  0.01623 -0.00729 -0.00733
0.010000 -0.02116 -0.01518 -0.02885 -0.01015 -0.04933
0.010000 -0.00702 -0.00288  0.00928  0.00589  0.01609
0.010000 -0.03056 -0.02148 -0.02716 -0.01661 -0.01854
0.010000  0.01335  0.00063  0.00797  0.00221 -0.01161
0.010000  0.00033 -0.00042  0.00336  0.00663 -0.00135
0.010000  0.02436  0.00697  0.01050  0.00939 -0.00396
0.010000 -0.01738 -0.02772 -0.01114 -0.01055 -0.02141
0.010000  0.00521  0.00981 -0.01563  0.00550 -0.01199
0.010000 -0.00092 -0.00988  0.00694 -0.00537  0.00232
0.010000 -0.01572 -0.01180 -0.00421  0.00159 -0.00286
0.010000 -0.00497 -0.00207 -0.00387  0.00558  0.01297
0.010000  0.01191  0.01369 -0.01238  0.00970 -0.00594
0.010000 -0.00827 -0.00458  0.00217  0.00459 -0.00741
0.010000  0.02223  0.01296  0.01530  0.01036 -0.01012
0.010000  0.01685  0.01024  0.01573  0.01670  0.01858
0.010000 -0.00579 -0.02512  0.00580  0.00460 -0.05430
0.010000 -0.01981  0.00099 -0.00164  0.00854  0.01240
0.010000 -0.01796 -0.00877 -0.01646 -0.00455 -0.02193
0.010000 -0.00376 -0.00866 -0.01668 -0.01150 -0.03966
0.010000  0.00160  0.00311 -0.00985 -0.00515  0.01019
0.010000  0.01060  0.01183  0.01064  0.03325 -0.03939
0.010000  0.00772  0.01266 -0.00219 -0.00570  0.00399
0.010000  0.00473 -0.01733  0.01728  0.00609 -0.01485
0.010000 -0.01520 -0.01447 -0.01660 -0.01611 -0.00002
0.010000  0.00618  0.01054  0.00495  0.00891  0.00407
0.010000  0.00668  0.00240  0.00079  0.00620 -0.00436
0.010000 -0.01681 -0.00251 -0.01524 -0.00956  0.00809
0.010000  0.01793 -0.00566  0.00872  0.01086  0.01027
0.010000 -0.02423 -0.00961 -0.01896 -0.00134  0.01331
0.010000 -0.00785 -0.02492 -0.01156  0.00772 -0.03387
0.010000  0.00427  0.00633  0.01448  0.01683 -0.03002
0.010000 -0.01856  0.00042 -0.02274 -0.00583  0.00514
0.010000  0.01587  0.00595 -0.00444  0.00085  0.01052
0.010000 -0.01043 -0.00812  0.00310 -0.00137  0.00347
0.010000 -0.00955  0.00184 -0.00155 -0.00076 -0.00523
0.010000 -0.00869 -0.02138  0.00387  0.00055 -0.01238
0.010000 -0.03200 -0.03422 -0.03005 -0.03384  0.02298
0.010000 -0.03556 -0.03163 -0.02103 -0.01698 -0.00570
0.010000 -0.01225  0.00666 -0.01162  0.00415 -0.03205
0.010000 -0.02262 -0.00904 -0.01565 -0.01019 -0.01534
0.010000 -0.00743  0.00773 -0.00747 -0.00175  0.01473
0.010000  0.02740  0.00257  0.01874  0.02019 -0.01559
0.010000 -0.01178 -0.01855 -0.01933 -0.01304  0.00965
0.010000 -0.01320 -0.01784 -0.00571 -0.00854 -0.01475
0.010000 -0.00174  0.00964 -0.00004  0.01116 -0.01184
0.010000  0.00075 -0.00856  0.00217  0.00235  0.01545
0.010000 -0.05614 -0.02535 -0.03829 -0.05616 -0.02996
0.010000  0.03432  0.00845  0.01860  0.01230 -0.01924
0.010000 -0.00417 -0.02096 -0.01643 -0.01756 -0.00841
0.010000 -0.00538  0.00650 -0.01570  0.00793  0.00475
0.010000 -0.00009 -0.00761 -0.02293 -0.00152 -0.01912
0.010000 -0.00999 -0.01952 -0.01262 -0.01884  0.00708
0.010000  0.00569 -0.01460  0.01609  0.01607 -0.02963
0.010000 -0.02810 -0.01251 -0.00807 -0.00674  0.02619
0.010000 -0.04094 -0.02350 -0.03219 -0.02795 -0.01531
