# Scenario generation method from a paper by Hoyland, Kaut & Wallace
# Code by Michal Kaut (michal.kaut@iot.ntnu.n) & Diego Mathieu

#   prob   var  1   var  2   var  3   var  4   var  5
0.010000  0.01249  0.00641  0.01013 -0.00134  0.02866
0.010000  0.00181 -0.01095  0.00343  0.00447  0.00249
0.010000 -0.01344  0.00089  0.01495  0.00750 -0.00662
0.010000  0.02876  0.01177  0.00508  0.00991 -0.01408
0.010000 -0.00100  0.00040  0.00852 -0.00418 -0.00560
0.010000 -0.00416 -0.02084  0.00748 -0.00717 -0.00987
0.010000 -0.01006  0.00987 -0.02630  0.00520 -0.01193
0.010000  0.01179  0.01828 -0.00061  0.00217  0.01041
0.010000 -0.03841 -0.02465 -0.00759  0.00589  0.04496
0.010000 -0.00327 -0.02425  0.00168  0.00879 -0.00796
0.010000 -0.00551 -0.00072 -0.00583 -0.00497  0.00490
0.010000 -0.00506  0.01316  0.01670  0.00200  0.02082
0.010000 -0.00372 -0.00365  0.02222  0.00557 -0.01418
0.010000  0.00863 -0.00560  0.00193 -0.00770 -0.01369
0.010000 -0.01148 -0.01381  0.00913 -0.00735  0.01093
0.010000  0.00377  0.00187  0.00718  0.00001 -0.01185
0.010000 -0.00640 -0.01454 -0.00254 -0.00740  0.01933
0.010000 -0.02008 -0.01206 -0.00469  0.00583 -0.01438
0.010000  0.02392  0.00955  0.01752  0.00673 -0.00608
0.010000  0.00229 -0.01798 -0.00912 -0.00525 -0.02249
0.010000 -0.00191  0.00758 -0.01289 -0.00750  0.00427
0.010000 -0.01713 -0.03067  0.00283 -0.00552 -0.01789
0.010000 -0.01196  0.00408  0.02641  0.01599  0.01298
0.010000  0.00086 -0.00234 -0.00162 -0.00978 -0.01523
0.010000 -0.00730 -0.01243  0.00346  0.00128 -0.01360
0.010000 -0.03467 -0.03047 -0.00008 -0.00948  0.02148
0.010000 -0.02756 -0.03114 -0.01839 -0.00960  0.01026
0.010000  0.01397 -0.00239 -0.00634 -0.00126 -0.00503
0.010000 -0.00007  0.00877 -0.01140  0.00226 -0.00589
0.010000  0.01561  0.01645  0.00411  0.02790 -0.00520
0.010000 -0.02274 -0.00682 -0.01361 -0.01235 -0.00504
0.010000  0.00692 -0.01283 -0.00283 -0.01047 -0.01962
0.010000  0.02085 -0.00193 -0.00993 -0.00077 -0.01965
0.010000 -0.00595 -0.02317  0.00531 -0.01128 -0.01734
0.010000 -0.00145  0.01402  0.00225  0.00461  0.00116
0.010000 -0.03065 -0.03172 -0.00380  0.02536 -0.01876
0.010000 -0.01245 -0.02139 -0.00534 -0.00704  0.01587
0.010000 -0.00776 -0.00650 -0.01701 -0.00319 -0.01791
0.010000  0.00583 -0.01032 -0.01163  0.00520 -0.01607
0.010000 -0.04458 -0.02928 -0.00679 -0.00232 -0.01680
0.010000  0.00327  0.00725  0.00089 -0.00727  0.01288
0.010000 -0.01946 -0.02563  0.00684 -0.01318 -0.01061
0.010000 -0.02498 -0.03160  0.00592 -0.01076 -0.00296
0.010000 -0.00685 -0.02715  0.02252 -0.00891 -0.00792
0.010000  0.00039 -0.00930  0.01938 -0.00601 -0.00466
0.010000 -0.01770 -0.01249 -0.00099 -0.00525  0.00048
0.010000  0.01112  0.01836  0.01795 -0.00450  0.01266
0.010000  0.02596  0.01185  0.00709  0.01588 -0.02020
0.010000 -0.00959  0.00373 -0.01062  0.00180  0.02415
0.010000 -0.02852 -0.03201 -0.02513  0.00027  0.01914
0.010000 -0.00461  0.01320 -0.02773 -0.01022  0.00987
0.010000 -0.02580 -0.03075 -0.01255 -0.01149 -0.01064
0.010000  0.00278 -0.01881 -0.00235 -0.00842 -0.02098
0.010000 -0.00282 -0.01382 -0.00461 -0.00681 -0.01034
0.010000 -0.03318 -0.01645 -0.00025 -0.01033  0.00583
0.010000 -0.00054  0.00037  0.00082 -0.00505 -0.01279
0.010000  0.01047 -0.01195  0.00513 -0.00938 -0.02049
0.010000 -0.00236 -0.00323 -0.00962  0.00104 -0.01855
0.010000  0.03445  0.01038  0.01296  0.00165 -0.00194
0.010000 -0.02072 -0.01408 -0.00565 -0.00079 -0.00496
0.010000 -0.00913 -0.02650  0.00306 -0.00197 -0.01912
0.010000  0.00531  0.01041 -0.00207  0.01667  0.00695
0.010000  0.01848  0.01905 -0.01327 -0.00224 -0.00460
0.010000  0.01650  0.01908 -0.00736  0.02214  0.00473
0.010000 -0.02954 -0.02917 -0.01280 -0.00924  0.01344
0.010000  0.00428 -0.00933  0.00743  0.00124 -0.01620
0.010000  0.00134  0.01675 -0.00945 -0.00158  0.00166
0.010000  0.00637  0.00409  0.01314 -0.00586 -0.00940
0.010000 -0.02137 -0.02258 -0.02316 -0.00638  0.01011
0.010000  0.01321  0.01856  0.02310  0.00511  0.00345
0.010000 -0.05244 -0.02995 -0.02496 -0.01720 -0.01139
0.010000 -0.01446 -0.01116  0.00675 -0.01124 -0.00140
0.010000  0.00748 -0.00360  0.00453  0.01285 -0.01137
0.010000 -0.01658 -0.03113 -0.02436 -0.00619 -0.01243
0.010000  0.00479 -0.01405  0.00213 -0.00074  0.01238
0.010000 -0.01886 -0.02162 -0.01786  0.00151 -0.00895
0.010000  0.02226  0.01670 -0.00817  0.00217 -0.01835
0.010000  0.00804  0.01067  0.02609  0.00291 -0.00314
0.010000 -0.02204 -0.03175 -0.01307 -0.00524 -0.01041
0.010000 -0.02420 -0.03147 -0.02180 -0.01212 -0.00321
0.010000 -0.01827 -0.02396 -0.02696 -0.00318 -0.01796
0.010000 -0.01053 -0.02834 -0.02177 -0.00605 -0.01655
0.010000  0.00922 -0.00438 -0.00371 -0.00245  0.00424
0.010000 -0.01294 -0.00781 -0.00119  0.00615 -0.01470
0.010000 -0.00821 -0.00090  0.00120  0.01107 -0.01553
0.010000 -0.03185 -0.03277 -0.02015 -0.01416 -0.01283
0.010000 -0.04097 -0.02907 -0.03398 -0.00807  0.00328
0.010000 -0.02666 -0.03036 -0.02180 -0.01600 -0.01588
0.010000  0.01960  0.01598 -0.00186  0.00365  0.01915
0.010000 -0.03638 -0.02646 -0.01926  0.00069 -0.00304
0.010000 -0.01550  0.00160 -0.01435 -0.01187  0.00701
0.010000 -0.01100  0.00449 -0.02230 -0.00700 -0.01263
0.010000 -0.01604  0.00318 -0.00621  0.00130  0.01078
0.010000 -0.01395 -0.00606 -0.00353  0.00082  0.00921
0.010000 -0.01498 -0.00310 -0.01301  0.01750 -0.01399
0.010000 -0.00867 -0.02833  0.00685 -0.00461 -0.01856
0.010000  0.01477  0.01849  0.01200  0.01862  0.00907
0.010000  0.01745  0.01936  0.00266 -0.00403 -0.00154
0.010000 -0.02346 -0.02919 -0.02308 -0.00443  0.00152
0.010000  0.00984 -0.01372 -0.00700  0.00701 -0.01402
