# Scenario generation method from a paper by Hoyland, Kaut & Wallace
# Code by Michal Kaut (michal.kaut@iot.ntnu.n) & Diego Mathieu

#   prob   var  1   var  2   var  3   var  4   var  5
0.010000  0.01115 -0.01477  0.02637 -0.00592  0.00220
0.010000 -0.01695 -0.02385 -0.00675 -0.00251  0.00008
0.010000 -0.00492  0.01640 -0.01407 -0.02300 -0.00861
0.010000 -0.02648 -0.02766 -0.01527 -0.00699 -0.01009
0.010000  0.02389  0.01365  0.00193  0.01993 -0.00132
0.010000 -0.01262 -0.01302  0.00205 -0.01978  0.00036
0.010000  0.00060 -0.01669 -0.01018 -0.00182 -0.00793
0.010000 -0.05528 -0.02967  0.01420 -0.00902 -0.01201
0.010000  0.01296 -0.01115  0.01069  0.01242 -0.00061
0.010000 -0.02189 -0.01993 -0.01477  0.01238 -0.00549
0.010000  0.03182  0.03411 -0.00974  0.00016 -0.00292
0.010000  0.02951  0.00451 -0.00169  0.01755  0.00649
0.010000 -0.00851 -0.00653 -0.01586 -0.00432 -0.01313
0.010000  0.00503 -0.00541 -0.00957  0.00358  0.00771
0.010000  0.03448  0.00983  0.04449  0.02891  0.03391
0.010000 -0.01638 -0.00263 -0.01657 -0.00541  0.02471
0.010000 -0.01583 -0.01531  0.00169 -0.03850  0.00070
0.010000 -0.03153 -0.00373 -0.01044  0.00091 -0.00430
0.010000 -0.02831  0.01170 -0.02217 -0.02612 -0.02093
0.010000  0.01494 -0.00099 -0.00172 -0.00901  0.00278
0.010000 -0.01107 -0.00300 -0.01465 -0.01100 -0.00254
0.010000 -0.01528  0.01338 -0.01975 -0.01323  0.00002
0.010000 -0.00113 -0.02076  0.00132 -0.00757 -0.00366
0.010000  0.02559  0.03332  0.00552 -0.01842  0.00935
0.010000 -0.01993 -0.02726 -0.01498 -0.00738 -0.00223
0.010000  0.04131  0.00355  0.00778  0.02568  0.00326
0.010000 -0.00333 -0.00010  0.00654  0.04807 -0.00285
0.010000 -0.02563  0.00799 -0.00169 -0.03894 -0.00949
0.010000  0.00242 -0.01864 -0.00923 -0.00560 -0.00356
0.010000 -0.00386 -0.00603  0.00093 -0.01310  0.00229
0.010000  0.00369 -0.00895  0.00803  0.00580 -0.00378
0.010000 -0.00056 -0.01697 -0.01045 -0.00049 -0.00885
0.010000  0.00715  0.02000  0.00261  0.00166 -0.00188
0.010000  0.01830 -0.00746  0.00633  0.02124  0.01713
0.010000  0.06234  0.03161  0.03531  0.01405  0.02274
0.010000 -0.00169  0.02896 -0.00637  0.02194 -0.00784
0.010000 -0.01420 -0.00811 -0.00488 -0.03111 -0.00709
0.010000 -0.03038 -0.00757 -0.01236 -0.02051 -0.00773
0.010000  0.05240  0.01080  0.02784  0.02015  0.01134
0.010000 -0.02331 -0.02207 -0.01196  0.00725 -0.00891
0.010000  0.00947  0.00767  0.00681  0.00900  0.01167
0.010000 -0.02482 -0.02693 -0.01170 -0.02442 -0.00510
0.010000 -0.00224 -0.01720 -0.00714 -0.01437  0.00024
0.010000 -0.03571 -0.02759  0.00726 -0.01772  0.00579
0.010000 -0.00279  0.00344 -0.01183 -0.00549 -0.00690
0.010000 -0.02405 -0.02211 -0.01543 -0.00780 -0.00052
0.010000  0.01393  0.01910 -0.00881 -0.00057 -0.00330
0.010000 -0.03417 -0.02327 -0.00991 -0.01708 -0.00210
0.010000  0.00790 -0.01565  0.00564  0.00773 -0.00223
0.010000 -0.02259  0.00361  0.02047 -0.02835 -0.00033
0.010000 -0.02737 -0.02419 -0.01539 -0.01246 -0.00623
0.010000 -0.00750  0.00916 -0.01112  0.00357 -0.00809
0.010000 -0.00698 -0.01771  0.01803  0.02724  0.00156
0.010000 -0.03947 -0.02625 -0.01204 -0.00020 -0.01190
0.010000  0.00642  0.02035  0.01331  0.00539 -0.00034
0.010000 -0.01314 -0.02441 -0.00240  0.02199  0.00337
0.010000 -0.01004 -0.00908 -0.00608  0.01056 -0.00547
0.010000  0.08889  0.03833  0.04975  0.01226  0.03372
0.010000 -0.01473  0.00506  0.03988 -0.01673  0.00112
0.010000  0.03758  0.03417  0.00526  0.00329  0.01892
0.010000 -0.00953 -0.02292 -0.00788 -0.00480  0.00262
0.010000  0.00002  0.01177 -0.01187 -0.00264  0.00077
0.010000  0.00180 -0.01254  0.02273 -0.00625  0.00066
0.010000  0.02090  0.02243  0.01426  0.00544  0.00856
0.010000  0.01712  0.01068  0.02947  0.00616  0.02014
0.010000 -0.07211 -0.03036 -0.00924 -0.02072 -0.01686
0.010000 -0.01158 -0.00520  0.02150  0.00029  0.00217
0.010000 -0.00596  0.00188 -0.01598 -0.00210 -0.01052
0.010000 -0.03279 -0.02408 -0.01220 -0.00983  0.00170
0.010000  0.00435 -0.00539  0.00353 -0.01083 -0.01133
0.010000  0.02744  0.02381 -0.00797  0.01021  0.00964
0.010000  0.00571  0.00219 -0.00194  0.00993 -0.00165
0.010000 -0.03745 -0.02214 -0.01596 -0.01085 -0.00594
0.010000 -0.00647 -0.01646 -0.00486  0.01018  0.00100
0.010000 -0.02057 -0.02710  0.00551 -0.00467 -0.00439
0.010000  0.01029 -0.00325  0.03713  0.00882  0.00334
0.010000 -0.01811 -0.02578 -0.00608 -0.00662  0.00183
0.010000 -0.00801 -0.01913 -0.01174 -0.00728 -0.00430
0.010000  0.01600  0.02848  0.00751  0.00028  0.00470
0.010000 -0.02122 -0.02742 -0.01542  0.02283 -0.01085
0.010000 -0.02931 -0.01856  0.00354 -0.01395  0.00573
0.010000 -0.01367 -0.00145 -0.01255  0.01301 -0.00959
0.010000 -0.01210 -0.01226 -0.01609  0.00191 -0.00759
0.010000 -0.00439 -0.02261  0.01225  0.02019  0.00499
0.010000 -0.00544 -0.01499  0.02230 -0.01112  0.02482
0.010000  0.02234 -0.00789  0.00509  0.00145  0.01195
0.010000 -0.01870 -0.02696 -0.00801 -0.00635 -0.00256
0.010000 -0.00902  0.00642  0.00678 -0.05641  0.00726
0.010000 -0.04898 -0.02948 -0.02151 -0.02700 -0.02195
0.010000 -0.04189 -0.02894  0.00259 -0.02508  0.00137
0.010000  0.01956 -0.01131 -0.00442 -0.00831 -0.00538
0.010000 -0.04491 -0.03004  0.00887 -0.02129 -0.00548
0.010000 -0.01752 -0.01738 -0.01589  0.00382 -0.00948
0.010000 -0.01055 -0.02058  0.02874  0.00339  0.00031
0.010000  0.01203 -0.00481 -0.00645  0.00819  0.00696
0.010000 -0.01931 -0.00975  0.00384 -0.00826 -0.00067
0.010000  0.00867  0.01011 -0.01261 -0.02625  0.02113
0.010000  0.00305  0.01302 -0.00960 -0.02336 -0.00119
0.010000  0.00120 -0.01817  0.02011  0.01585  0.00730
0.010000  0.04602  0.01240  0.01868  0.00225  0.00738
