# Scenario generation method from a paper by Hoyland, Kaut & Wallace
# Code by Michal Kaut (michal.kaut@iot.ntnu.n) & Diego Mathieu

#   prob   var  1   var  2   var  3   var  4   var  5
0.010000 -0.00576 -0.00952 -0.01319 -0.01202 -0.02657
0.010000  0.00062  0.01003  0.00021 -0.00512  0.00753
0.010000  0.01429 -0.00004 -0.00693  0.00241 -0.01539
0.010000 -0.02415 -0.01947 -0.01407 -0.03541 -0.03010
0.010000  0.00248 -0.00740 -0.00925 -0.01051  0.01567
0.010000 -0.00520 -0.00450 -0.01012  0.01657 -0.00471
0.010000  0.02042  0.01514  0.00841  0.01239 -0.01615
0.010000 -0.00973 -0.01570  0.01716  0.01221 -0.02677
0.010000  0.03756  0.04446  0.02181  0.03744  0.00138
0.010000  0.00859 -0.00456  0.02743  0.02126 -0.00661
0.010000  0.00441  0.03212  0.00747  0.01063 -0.00347
0.010000  0.05444  0.03878  0.01475  0.03426  0.00984
0.010000  0.00785 -0.00011 -0.00604  0.01647 -0.01546
0.010000  0.00934  0.00822 -0.00671  0.00166  0.01728
0.010000 -0.03100 -0.01120 -0.01526 -0.02233 -0.04906
0.010000 -0.03356 -0.01939 -0.01592 -0.02442 -0.01650
0.010000 -0.00058  0.00309 -0.00975 -0.02636 -0.01193
0.010000  0.00507  0.00996 -0.00520  0.01353  0.01355
0.010000 -0.02499 -0.02563 -0.01590 -0.02382  0.00350
0.010000 -0.02031 -0.01711 -0.01610 -0.02994 -0.01276
0.010000  0.01616  0.02691  0.05523  0.03275  0.01779
0.010000  0.02722  0.02196  0.01154  0.02016 -0.00455
0.010000 -0.03502 -0.03039 -0.01517 -0.02484 -0.00541
0.010000 -0.00292  0.01925 -0.00396 -0.00599 -0.01468
0.010000 -0.01030 -0.02239 -0.01569 -0.02549 -0.00336
0.010000 -0.00463 -0.00529 -0.01246 -0.01627  0.00924
0.010000  0.01010  0.01952  0.03385  0.01572 -0.02275
0.010000 -0.00746 -0.00750  0.00187  0.00184 -0.02213
0.010000  0.01928  0.00598 -0.00535  0.00045 -0.01119
0.010000  0.00311  0.03549  0.02900  0.00188 -0.00303
0.010000  0.02289  0.01458 -0.00251  0.00544 -0.01384
0.010000  0.00643 -0.00839 -0.01240  0.00131 -0.01057
0.010000  0.01089 -0.00108  0.05247  0.00942 -0.00667
0.010000 -0.00916 -0.01221 -0.01065 -0.00240  0.01346
0.010000  0.00002 -0.01274  0.01498 -0.01304  0.01549
0.010000  0.00185  0.00735  0.00628  0.01563 -0.01501
0.010000 -0.04052 -0.01845 -0.01702 -0.02579 -0.05523
0.010000 -0.04602 -0.02799 -0.01638 -0.02592 -0.02230
0.010000 -0.01758 -0.02284 -0.01521 -0.02246  0.00589
0.010000  0.03274  0.02323  0.00406  0.01327  0.02251
0.010000 -0.00802 -0.01908  0.02943 -0.01522 -0.00236
0.010000  0.01340 -0.00032  0.03500  0.01286  0.00911
0.010000 -0.00117  0.01729  0.00507  0.00111 -0.00898
0.010000  0.00123 -0.00639  0.00180 -0.00680 -0.02342
0.010000 -0.01382  0.00020  0.03354 -0.00967  0.00728
0.010000 -0.05615 -0.03352 -0.01283 -0.04426 -0.02985
0.010000 -0.05004 -0.02802 -0.00052 -0.02955 -0.03697
0.010000 -0.02588 -0.00871  0.00230 -0.00980 -0.03073
0.010000 -0.01566 -0.00651  0.00953 -0.01520  0.00077
0.010000 -0.00689 -0.00820 -0.01368 -0.02766 -0.03375
0.010000 -0.03663 -0.00939 -0.01025 -0.00302 -0.03037
0.010000  0.01254  0.01336  0.00708  0.01670 -0.00625
0.010000 -0.02333 -0.01809 -0.01603  0.00705 -0.04376
0.010000 -0.02178  0.00045 -0.00334 -0.01595 -0.03901
0.010000  0.03499  0.00201 -0.00634  0.01931  0.04185
0.010000  0.04408  0.01317  0.00759  0.02458  0.02411
0.010000 -0.00859  0.00547 -0.00017 -0.00602 -0.00867
0.010000 -0.02680 -0.03054 -0.00042 -0.02478  0.00191
0.010000  0.00375  0.00157 -0.01021 -0.00389  0.00634
0.010000  0.01170  0.00362  0.00451  0.01436  0.01812
0.010000  0.02423  0.01257 -0.00324  0.01268  0.00786
0.010000 -0.01961 -0.01528 -0.00376  0.03278  0.00642
0.010000 -0.03844 -0.02917 -0.01677 -0.03011 -0.01026
0.010000  0.06355  0.04298  0.01891  0.05046  0.02397
0.010000 -0.01088 -0.01559 -0.01018 -0.02669 -0.03483
0.010000 -0.02103 -0.02324 -0.00696 -0.02682 -0.01492
0.010000 -0.00349 -0.01190  0.00130 -0.01513 -0.02526
0.010000 -0.00176 -0.02078 -0.01406 -0.00679 -0.02146
0.010000 -0.01504 -0.01059 -0.01233 -0.01087 -0.03118
0.010000 -0.01322 -0.02080 -0.00856 -0.01402 -0.01526
0.010000  0.03072  0.01513  0.00203  0.00945 -0.00216
0.010000  0.02567  0.02803  0.02807  0.00775 -0.01077
0.010000 -0.01892 -0.01819 -0.00974 -0.01461  0.00423
0.010000 -0.01824 -0.02119 -0.01560 -0.01047 -0.00955
0.010000 -0.07183 -0.03754 -0.01483 -0.03067 -0.04013
0.010000 -0.00633  0.01524  0.01992  0.00667 -0.01898
0.010000 -0.01146 -0.02056  0.00580  0.00600  0.01658
0.010000  0.04851  0.08221  0.04055  0.08000 -0.01470
0.010000 -0.02985 -0.02214 -0.01089 -0.03545 -0.03290
0.010000 -0.02776 -0.02236 -0.01204 -0.01815 -0.00136
0.010000  0.08726  0.04629  0.02572  0.08544  0.02591
0.010000 -0.01204 -0.01504  0.00138 -0.01616  0.01161
0.010000 -0.00234 -0.00187 -0.01065 -0.00566 -0.00779
0.010000 -0.04298 -0.02100 -0.01715 -0.03499 -0.02207
0.010000  0.02162  0.01026 -0.00371  0.01230 -0.00786
0.010000 -0.03223 -0.03285 -0.01519 -0.04066 -0.05634
0.010000 -0.02878 -0.00938 -0.01489 -0.01774 -0.02925
0.010000 -0.00406 -0.01146 -0.00311 -0.01117 -0.02848
0.010000 -0.02254 -0.03489 -0.01637 -0.02010 -0.01391
0.010000  0.01716  0.07446  0.04079  0.02331 -0.00508
0.010000 -0.01629  0.01210  0.00429  0.00275 -0.00934
0.010000 -0.01263  0.00365 -0.01000  0.00228 -0.00722
0.010000  0.04053  0.01948  0.02252  0.04138  0.00771
0.010000  0.01521  0.01055 -0.00091  0.00482  0.02355
0.010000 -0.01693  0.01396 -0.00772 -0.01677 -0.02526
0.010000  0.00575 -0.01426  0.00564  0.01566 -0.00745
0.010000  0.01819  0.00045 -0.00576  0.00222  0.00584
0.010000 -0.01443 -0.01883 -0.01592 -0.02860  0.00133
0.010000  0.00714  0.00933  0.02839  0.02990 -0.01251
0.010000  0.02889  0.00201  0.00690  0.01005  0.00716
