# Scenario generation method from a paper by Hoyland, Kaut & Wallace
# Code by Michal Kaut (michal.kaut@iot.ntnu.n) & Diego Mathieu

#   prob   var  1   var  2   var  3   var  4   var  5
0.010000  0.05280  0.01512  0.02047 -0.01008 -0.00662
0.010000  0.05105  0.02491  0.01762  0.02034 -0.00509
0.010000 -0.01698  0.03024  0.00302  0.01597  0.00337
0.010000 -0.03148 -0.00521 -0.00444 -0.00719 -0.00363
0.010000 -0.02045 -0.03402 -0.01335 -0.00518 -0.01309
0.010000 -0.05044 -0.02103 -0.00697  0.00297 -0.05101
0.010000  0.04155  0.07944  0.01763 -0.01669  0.00043
0.010000  0.06214  0.03857  0.01639  0.00775  0.01288
0.010000  0.00509  0.02339 -0.00451 -0.01446  0.00757
0.010000  0.04010  0.01484  0.00894 -0.00586  0.00682
0.010000  0.01172  0.01714 -0.00524 -0.00661 -0.01982
0.010000  0.02937  0.00139 -0.00068  0.00292  0.02485
0.010000 -0.04250  0.00708 -0.03012 -0.00344  0.01346
0.010000  0.00949  0.02821  0.01039 -0.00648 -0.00089
0.010000 -0.04555 -0.00753 -0.02539 -0.00119 -0.01873
0.010000 -0.01813 -0.02294  0.00198 -0.00209 -0.00858
0.010000 -0.06403 -0.03535 -0.02667  0.01073 -0.01749
0.010000 -0.04103  0.01645  0.00493  0.01448 -0.00801
0.010000 -0.04876  0.02915  0.00216  0.01086 -0.02061
0.010000 -0.02402 -0.00098  0.00421 -0.00548  0.00494
0.010000 -0.01022 -0.01253 -0.02152  0.00095 -0.00991
0.010000 -0.00471  0.04115  0.00654  0.00331 -0.02039
0.010000  0.01396  0.02077 -0.00900 -0.00328  0.02025
0.010000 -0.00690 -0.02312 -0.00674  0.00038  0.02328
0.010000 -0.02163 -0.04941 -0.00369 -0.00135 -0.00774
0.010000 -0.00145 -0.01231 -0.01363 -0.00142  0.02131
0.010000  0.03064  0.02916  0.01263 -0.00405 -0.00919
0.010000  0.00838  0.03007  0.00644 -0.00537 -0.01582
0.010000 -0.02645  0.01955  0.00349 -0.00192 -0.03605
0.010000 -0.02768 -0.01508  0.00214 -0.00597 -0.02708
0.010000  0.00618 -0.03655 -0.04111 -0.00485 -0.01300
0.010000 -0.02523  0.05031  0.00664 -0.01134  0.00316
0.010000  0.01623  0.02573  0.00159  0.00410  0.01279
0.010000  0.05647  0.02889  0.00696 -0.00263  0.00517
0.010000 -0.03959  0.01290  0.00230  0.00569  0.00473
0.010000 -0.03278 -0.00101 -0.00747  0.00669  0.00031
0.010000 -0.00036  0.00628 -0.00567 -0.00071 -0.00764
0.010000  0.03193  0.01636 -0.01784  0.00900  0.02624
0.010000 -0.01584  0.00575 -0.00852 -0.00112  0.00899
0.010000  0.00073 -0.00728  0.00837  0.02858  0.00629
0.010000  0.01509  0.01997  0.01477 -0.00821 -0.01616
0.010000  0.03591 -0.01223 -0.00320 -0.00389  0.01075
0.010000  0.00181  0.05326  0.01333  0.00637  0.00610
0.010000  0.05982  0.02886  0.01418  0.00583  0.01839
0.010000  0.05461  0.04386  0.01725 -0.01190  0.02062
0.010000  0.01853  0.02840  0.00150  0.01114  0.02634
0.010000 -0.05217 -0.01754 -0.03968 -0.01312 -0.01894
0.010000 -0.06577  0.01557 -0.00596 -0.00271 -0.01517
0.010000 -0.06187 -0.00063 -0.00737 -0.00831 -0.03248
0.010000  0.02565  0.03134  0.01435 -0.00911 -0.00180
0.010000  0.03323  0.00934 -0.00452  0.01274 -0.01200
0.010000  0.00399  0.03933  0.01443  0.00012 -0.00687
0.010000 -0.00581 -0.00163  0.00375  0.00634 -0.01095
0.010000  0.04611  0.00245  0.01435 -0.00628 -0.01581
0.010000  0.04455 -0.01115  0.01546  0.00352  0.00474
0.010000  0.05838  0.03680  0.01177  0.00600  0.02315
0.010000 -0.01133 -0.00750  0.00388 -0.00894 -0.03270
0.010000 -0.05776 -0.03443 -0.01995  0.01180 -0.00457
0.010000 -0.03410 -0.00667 -0.01771  0.00214 -0.02257
0.010000  0.02443 -0.04236 -0.00145  0.00893  0.01928
0.010000  0.02687 -0.00493 -0.01966  0.01211  0.01277
0.010000  0.00290  0.00439  0.00439  0.00057  0.00063
0.010000  0.00728  0.04319  0.00514  0.00214 -0.01233
0.010000  0.03456  0.05939  0.01029 -0.00101  0.01675
0.010000  0.01969  0.03874  0.01279 -0.01629  0.00046
0.010000  0.01284  0.01637  0.00457  0.00384  0.02058
0.010000 -0.02282  0.01697 -0.00672 -0.00352 -0.00088
0.010000  0.01738  0.01729  0.00519  0.02248  0.02826
0.010000 -0.06803  0.00936 -0.03546  0.01805 -0.00882
0.010000 -0.03544 -0.00304 -0.03444 -0.00875 -0.00437
0.010000  0.02323  0.00465 -0.00739 -0.00560  0.03012
0.010000 -0.05396  0.01708 -0.00600  0.00798 -0.00991
0.010000 -0.01357 -0.02671 -0.01347  0.01271 -0.01477
0.010000 -0.00911 -0.02121 -0.00628  0.00582 -0.04060
0.010000 -0.04713 -0.00291 -0.01502  0.00413  0.00101
0.010000  0.04303 -0.00539 -0.00403 -0.00038  0.02364
0.010000 -0.04401  0.03297 -0.00811  0.01465 -0.03691
0.010000  0.03728  0.00714 -0.01108 -0.00327  0.00274
0.010000 -0.06620 -0.08075 -0.03516  0.01202 -0.02844
0.010000 -0.02893  0.00722  0.00180  0.00294 -0.01274
0.010000  0.03867  0.04556  0.02047 -0.01228 -0.00991
0.010000  0.04936  0.05438  0.02084 -0.01038  0.00338
0.010000  0.06346  0.02188  0.02197  0.00195 -0.01357
0.010000  0.06031 -0.01012  0.01476  0.00097  0.00608
0.010000 -0.05977 -0.03028 -0.03653 -0.00374  0.00368
0.010000 -0.01929  0.01102 -0.02088 -0.01036 -0.02082
0.010000  0.02811  0.03280 -0.00207 -0.01383  0.01302
0.010000 -0.00800 -0.03463  0.00162  0.00809 -0.02075
0.010000  0.02204  0.02110  0.00993  0.00943  0.00638
0.010000 -0.01245 -0.00131 -0.00675 -0.01106 -0.01343
0.010000 -0.03680 -0.00816 -0.01067  0.00335 -0.03679
0.010000 -0.00253  0.01477 -0.00400  0.00279  0.01487
0.010000  0.04771  0.04561  0.02068  0.01404  0.02258
0.010000 -0.03020 -0.01992 -0.01736 -0.00637 -0.00464
0.010000  0.02086  0.00591  0.01095 -0.01165 -0.00824
0.010000 -0.00362 -0.03610 -0.05121  0.01733  0.00844
0.010000 -0.01470  0.00958  0.00653  0.00092  0.01226
0.010000  0.01060 -0.00323  0.01028 -0.00669 -0.00360
0.010000 -0.03818 -0.01044 -0.04054 -0.00594 -0.04266
0.010000 -0.05582  0.01071 -0.00430 -0.00299 -0.01804
