# Scenario generation method from a paper by Hoyland, Kaut & Wallace
# Code by Michal Kaut (michal.kaut@iot.ntnu.n) & Diego Mathieu

#   prob   var  1   var  2   var  3   var  4   var  5
0.010000  0.04502  0.00415  0.01862  0.00983  0.02193
0.010000 -0.02110 -0.00581 -0.01112 -0.01431 -0.00658
0.010000 -0.03627 -0.02844 -0.01388  0.06844 -0.04252
0.010000 -0.03336 -0.01060 -0.01493 -0.00404 -0.04429
0.010000 -0.02186  0.00142  0.02374  0.00778  0.00720
0.010000  0.05281  0.02295  0.05232  0.00699  0.06545
0.010000 -0.00891  0.01590  0.00146 -0.02234 -0.01207
0.010000  0.04996  0.02154  0.03181  0.01720  0.06522
0.010000 -0.00009 -0.00931  0.00021  0.05404 -0.00188
0.010000  0.06948  0.03184  0.03439  0.00242 -0.03653
0.010000  0.00970 -0.02914 -0.00846  0.03155 -0.04854
0.010000  0.00245 -0.01006  0.06146  0.06799  0.04767
0.010000  0.02380  0.01334  0.02372  0.00381 -0.02472
0.010000  0.03211  0.00971  0.01396 -0.00499  0.07345
0.010000 -0.03778 -0.00612 -0.01364  0.02676 -0.01656
0.010000 -0.02948 -0.02305 -0.00463  0.01621  0.01724
0.010000 -0.03486 -0.03291 -0.01721  0.06726  0.00397
0.010000 -0.03558 -0.01608 -0.01490 -0.01914 -0.06891
0.010000  0.01366  0.01746  0.00921 -0.01745  0.04524
0.010000  0.05967  0.02370  0.01969 -0.00236 -0.00963
0.010000  0.02774  0.00235  0.04874  0.07378  0.03334
0.010000  0.01791 -0.01640  0.00313  0.06212 -0.02657
0.010000  0.03060  0.01408  0.00764  0.03014 -0.00337
0.010000  0.00598 -0.00355  0.00222 -0.01085 -0.02749
0.010000 -0.03690 -0.02280 -0.01681  0.02255 -0.03450
0.010000  0.02256  0.01793  0.00263 -0.01511 -0.01544
0.010000  0.03705  0.00302  0.00729  0.04265  0.05728
0.010000  0.01067  0.00108 -0.00408  0.00646  0.02456
0.010000  0.09298  0.02393  0.08195  0.05309  0.03383
0.010000  0.00160 -0.02270 -0.00972 -0.01035 -0.02963
0.010000  0.01682 -0.00150  0.00397  0.06953  0.03720
0.010000 -0.01808 -0.01026 -0.01189  0.00388 -0.05452
0.010000 -0.02338  0.00464 -0.01047  0.03708 -0.00930
0.010000 -0.02796 -0.01196  0.00309  0.06962  0.02953
0.010000 -0.03028 -0.00224 -0.01299 -0.01353  0.03588
0.010000 -0.03182 -0.01478 -0.01463  0.04537 -0.00993
0.010000 -0.00577 -0.00652 -0.00883  0.02606  0.03291
0.010000 -0.01123 -0.00958 -0.00110 -0.01327  0.02461
0.010000 -0.00092 -0.01418 -0.00464  0.02500 -0.01866
0.010000 -0.02490  0.00356 -0.00867  0.04684 -0.04249
0.010000  0.00689  0.00438  0.00264  0.04741 -0.04830
0.010000  0.01574  0.00665  0.00392 -0.01106  0.05507
0.010000  0.03532 -0.00243  0.02117  0.07740  0.01994
0.010000 -0.01046 -0.00493 -0.00995  0.01336 -0.04320
0.010000 -0.03105 -0.03436 -0.01380  0.07296  0.03835
0.010000  0.05600  0.03101  0.03040  0.00930  0.08913
0.010000  0.00075 -0.00212  0.00514  0.02849  0.03559
0.010000 -0.01353  0.00072 -0.00735 -0.02067  0.00616
0.010000 -0.01581 -0.01487 -0.01135 -0.00880  0.02520
0.010000 -0.02643 -0.02543 -0.01127  0.06746 -0.05789
0.010000 -0.03668 -0.00243 -0.01280 -0.01679  0.01698
0.010000 -0.00256 -0.01814 -0.00844  0.03222 -0.02299
0.010000 -0.03411 -0.01429 -0.01408  0.02666  0.03283
0.010000  0.00875 -0.01714 -0.00363  0.00500 -0.00169
0.010000  0.00420  0.00916 -0.00358  0.04243  0.05536
0.010000 -0.02873 -0.00789 -0.01307  0.05469 -0.01750
0.010000  0.02018  0.00432  0.00346 -0.00726  0.05159
0.010000 -0.00337 -0.00011  0.00196 -0.01543  0.07259
0.010000 -0.03773 -0.03032 -0.01272  0.01702 -0.00016
0.010000 -0.02414 -0.00743 -0.01262 -0.02005 -0.03769
0.010000 -0.01883 -0.01492 -0.01075 -0.01358 -0.01776
0.010000 -0.02566  0.00132 -0.01146 -0.01190 -0.04862
0.010000  0.04739  0.01041  0.01085  0.07663 -0.02733
0.010000 -0.00813 -0.00788 -0.00510 -0.01536 -0.01035
0.010000  0.00508 -0.00800 -0.00578 -0.01361  0.00324
0.010000 -0.02262 -0.00751 -0.01135  0.05613 -0.00174
0.010000 -0.00418  0.02111 -0.00394  0.00426  0.07868
0.010000 -0.02035  0.00284 -0.01065  0.01626  0.06487
0.010000 -0.01732 -0.01261 -0.00897 -0.00200  0.00027
0.010000  0.00782 -0.01211 -0.00354 -0.00856 -0.02801
0.010000 -0.01656 -0.00640 -0.01137  0.05814  0.01050
0.010000  0.01264  0.00853  0.00312 -0.01399 -0.00298
0.010000  0.01469  0.00026 -0.00103 -0.01372  0.03979
0.010000  0.02136 -0.00896  0.01335  0.01423  0.04903
0.010000  0.01903  0.01554  0.00103 -0.01069 -0.00252
0.010000 -0.00968 -0.02692 -0.00875 -0.00949 -0.00967
0.010000  0.00332 -0.03974 -0.01080  0.00791  0.01169
0.010000 -0.00498  0.00674 -0.00603 -0.01940  0.02725
0.010000 -0.02719 -0.00309 -0.01288 -0.01907  0.05484
0.010000 -0.01200  0.00238 -0.00555 -0.01706  0.01130
0.010000  0.02507 -0.01460 -0.00290  0.07751 -0.05122
0.010000  0.02914  0.02006  0.00852 -0.01684  0.02967
0.010000 -0.02950  0.00563 -0.01108 -0.02208  0.03179
0.010000  0.04079 -0.00932  0.04570  0.06822  0.06767
0.010000 -0.00656  0.01255 -0.00634  0.00963  0.01307
0.010000 -0.01276  0.00885 -0.00556  0.00757  0.00068
0.010000  0.04283  0.01187  0.01004  0.06707  0.00529
0.010000  0.03368  0.02443  0.02965  0.04811  0.03698
0.010000 -0.01505  0.00922  0.00085 -0.02085  0.00607
0.010000 -0.01959 -0.01943 -0.01346 -0.01813  0.01993
0.010000 -0.03259 -0.04723 -0.01679 -0.01074 -0.06559
0.010000  0.02639  0.02334  0.00560  0.05053 -0.02360
0.010000 -0.00175 -0.01575  0.00743  0.07547 -0.01472
0.010000  0.06402  0.02288  0.02009  0.02230  0.03161
0.010000 -0.00735 -0.02370  0.00479  0.02871  0.04054
0.010000 -0.01429 -0.00063 -0.00742 -0.01913  0.08187
0.010000  0.01165  0.00849  0.02622 -0.00271  0.00403
0.010000 -0.03743 -0.01769 -0.01611 -0.01740  0.03885
0.010000  0.03887  0.01757  0.02567  0.01894  0.03085
0.010000  0.07707  0.02447  0.02798  0.02890  0.00064
