# Scenario generation method from a paper by Hoyland, Kaut & Wallace
# Code by Michal Kaut (michal.kaut@iot.ntnu.n) & Diego Mathieu

#   prob   var  1   var  2   var  3   var  4   var  5
0.010000 -0.04542 -0.01700 -0.01382  0.05785 -0.05363
0.010000 -0.00013 -0.02302 -0.00562  0.02130  0.04407
0.010000 -0.04134  0.00592 -0.01629  0.03204 -0.02556
0.010000 -0.02334  0.00994 -0.00134  0.06679  0.06979
0.010000 -0.03076 -0.03453 -0.02514 -0.01602 -0.05622
0.010000  0.07001  0.02473  0.09555  0.08531  0.05836
0.010000  0.00766  0.00016 -0.00809  0.04085  0.06067
0.010000 -0.00118 -0.00963 -0.00150 -0.01051  0.06513
0.010000  0.01508 -0.00447  0.01314  0.02769  0.05985
0.010000 -0.04438 -0.05003 -0.02671 -0.00650 -0.05874
0.010000  0.00094  0.00912 -0.00384 -0.00403 -0.02885
0.010000  0.03188  0.00382  0.00354 -0.00315  0.06675
0.010000 -0.04034 -0.01280 -0.02131 -0.01334 -0.04770
0.010000 -0.05077 -0.03589 -0.02586 -0.01351 -0.04484
0.010000 -0.00628 -0.00929 -0.01355 -0.00467 -0.04417
0.010000  0.01378  0.00182  0.00227  0.06168  0.06039
0.010000 -0.03644 -0.02244 -0.00599  0.05199  0.00116
0.010000  0.06035  0.00237  0.02339  0.07133 -0.04081
0.010000  0.05004  0.05482  0.04413  0.03633  0.08537
0.010000  0.01776 -0.00291  0.01105 -0.00508 -0.04169
0.010000  0.00650  0.00227 -0.00632 -0.00814  0.05750
0.010000 -0.02612 -0.03805 -0.02423  0.02167  0.01207
0.010000  0.03375 -0.00257  0.00688  0.02054 -0.04015
0.010000 -0.01020 -0.00806  0.02912  0.00560 -0.03821
0.010000 -0.02056 -0.02055 -0.00489  0.06946  0.04688
0.010000  0.04462  0.01447  0.02299  0.06157  0.01224
0.010000  0.07663  0.06551  0.05448  0.01827 -0.00427
0.010000  0.04722 -0.00160  0.00755 -0.01044 -0.04434
0.010000 -0.02427 -0.03317 -0.02451 -0.01655 -0.05611
0.010000  0.05312  0.04460  0.03631  0.00991  0.04838
0.010000  0.02205 -0.00250  0.01463 -0.00559  0.04482
0.010000 -0.01964 -0.01451 -0.01245  0.00928  0.05360
0.010000  0.00312  0.00147 -0.00621  0.04920 -0.04903
0.010000  0.01916 -0.00147 -0.00120  0.01299  0.05466
0.010000 -0.04968 -0.02674 -0.02506 -0.01380 -0.00737
0.010000  0.00535 -0.00375 -0.00646  0.01994  0.06200
0.010000 -0.03838 -0.02763 -0.02456  0.00354  0.00347
0.010000 -0.02983 -0.00922 -0.00644  0.06516 -0.01064
0.010000 -0.05494 -0.03413 -0.02538 -0.01445 -0.03563
0.010000  0.03009  0.00459  0.02374 -0.00129  0.00560
0.010000  0.03570  0.00774  0.01195  0.01613 -0.03370
0.010000  0.08593  0.07545  0.06294  0.02777  0.08576
0.010000 -0.01116 -0.02756 -0.01653  0.04136 -0.05845
0.010000 -0.03264 -0.01992 -0.02076 -0.00974 -0.05154
0.010000  0.03775  0.01169  0.01402 -0.00370 -0.02588
0.010000 -0.01307 -0.00748 -0.00496 -0.01044 -0.04685
0.010000 -0.04647 -0.03283 -0.02551 -0.01530 -0.04883
0.010000  0.00884  0.00442  0.00507 -0.00697  0.07206
0.010000  0.10589  0.07945  0.07693  0.06775  0.08692
0.010000 -0.00528  0.01371  0.01162  0.07733 -0.03201
0.010000 -0.03548 -0.02989 -0.00719 -0.01069  0.03433
0.010000 -0.03453 -0.02604 -0.01701  0.00812 -0.05449
0.010000 -0.05567 -0.02739 -0.02509 -0.00011 -0.05325
0.010000  0.01251 -0.00240  0.02516  0.02814 -0.03991
0.010000  0.03990  0.02451  0.01806 -0.00240  0.01351
0.010000 -0.05089 -0.02800 -0.02507  0.05439 -0.05522
0.010000 -0.00325 -0.00861 -0.01385  0.02060  0.05602
0.010000  0.01004  0.00068 -0.00157 -0.00992  0.00292
0.010000 -0.02519 -0.01221 -0.01986 -0.00174 -0.05041
0.010000 -0.04860 -0.02427 -0.02427 -0.01485 -0.00677
0.010000 -0.03358 -0.01552 -0.02243 -0.01496 -0.05025
0.010000 -0.01777 -0.02271 -0.02167 -0.01595  0.04204
0.010000 -0.01212  0.00189 -0.01184  0.05456 -0.00791
0.010000  0.02058  0.00018  0.00534 -0.00876  0.05005
0.010000  0.01126 -0.01290  0.05093  0.02487  0.02255
0.010000 -0.02797 -0.03297 -0.01574 -0.00797 -0.05501
0.010000 -0.02242 -0.01957 -0.01945  0.06331  0.03861
0.010000 -0.03170 -0.03181 -0.02206 -0.01368 -0.04881
0.010000  0.05652  0.04538  0.05572  0.02324  0.02388
0.010000 -0.02149 -0.01388 -0.01296  0.06819 -0.05581
0.010000 -0.05569 -0.02332 -0.02486 -0.01452  0.00141
0.010000  0.00423  0.00005 -0.00908 -0.01131 -0.03772
0.010000 -0.02704 -0.02793 -0.02325 -0.01514 -0.05245
0.010000 -0.00427 -0.01909 -0.01430 -0.01346 -0.00514
0.010000 -0.00222 -0.00987 -0.00886 -0.00795 -0.04992
0.010000  0.01641 -0.00645  0.00325 -0.01003  0.00546
0.010000  0.04219  0.01454  0.01752 -0.00353  0.07423
0.010000 -0.05399 -0.01446 -0.02400  0.01441 -0.04090
0.010000 -0.00826 -0.01629 -0.01902 -0.00543 -0.01834
0.010000 -0.04336  0.02190 -0.00669  0.00489  0.02174
0.010000 -0.02890 -0.03443 -0.02496 -0.01637 -0.05213
0.010000 -0.01871 -0.02140  0.00899  0.00763  0.06007
0.010000  0.02356 -0.00407 -0.00532 -0.01296  0.06000
0.010000 -0.01684  0.00987  0.01574  0.01802  0.07641
0.010000 -0.00728 -0.00189  0.01479  0.00688  0.03064
0.010000 -0.01496 -0.00962 -0.01821 -0.00964 -0.04984
0.010000  0.02511  0.00853  0.01602  0.05260 -0.03385
0.010000 -0.03936 -0.07633 -0.02835 -0.01662 -0.05437
0.010000 -0.03741 -0.03343 -0.02535  0.04709 -0.05911
0.010000 -0.05186 -0.01117 -0.02019  0.06357  0.04521
0.010000  0.02837  0.02310  0.04598  0.06697  0.05584
0.010000 -0.05294 -0.04825 -0.02020  0.05116 -0.06085
0.010000 -0.04234 -0.05907 -0.02675  0.01490 -0.06200
0.010000  0.02671  0.03536  0.04018  0.03618  0.05083
0.010000 -0.01402 -0.06334 -0.02626  0.02164 -0.06347
0.010000 -0.01590 -0.02198 -0.02188  0.05407 -0.05796
0.010000  0.00202 -0.00429  0.01395  0.07607  0.06166
0.010000 -0.04753 -0.03830 -0.02445 -0.00538 -0.05249
0.010000 -0.00923  0.00242 -0.00903  0.00283 -0.04431
0.010000  0.06476  0.01601  0.05337  0.06348  0.06523
