# Scenario generation method from a paper by Hoyland, Kaut & Wallace
# Code by Michal Kaut (michal.kaut@iot.ntnu.n) & Diego Mathieu

#   prob   var  1   var  2   var  3   var  4   var  5
0.010000 -0.05947 -0.04874 -0.02444 -0.05532 -0.02688
0.010000  0.06294  0.05793  0.01385  0.09010  0.01607
0.010000  0.07478  0.00703  0.01631  0.07114  0.03513
0.010000  0.02754 -0.00104 -0.00937  0.05667  0.00057
0.010000 -0.07169 -0.04934 -0.00836 -0.04662 -0.03156
0.010000  0.02527 -0.01987  0.01596  0.04331 -0.00799
0.010000  0.07290  0.02727  0.08303  0.02284  0.05655
0.010000 -0.06873 -0.04993 -0.02939 -0.05075 -0.06496
0.010000 -0.02243 -0.02826  0.00307 -0.01743 -0.03151
0.010000  0.06395  0.01565  0.06663  0.02865  0.08258
0.010000 -0.03672 -0.03504  0.00103 -0.05689 -0.03115
0.010000 -0.07033 -0.04796 -0.03724 -0.02134 -0.05099
0.010000  0.04740  0.02904  0.02041  0.06964  0.03240
0.010000 -0.00535 -0.02919 -0.01913 -0.00863  0.00297
0.010000  0.05573 -0.00323  0.03613  0.02440  0.03605
0.010000  0.07592  0.05466  0.08279  0.00094  0.02723
0.010000  0.01115  0.03796 -0.00793 -0.00528 -0.06124
0.010000  0.01279  0.04282 -0.00873  0.06069 -0.03944
0.010000  0.05407  0.05822  0.05428  0.04378  0.04627
0.010000 -0.07288 -0.04742 -0.03389 -0.06215 -0.07490
0.010000 -0.03490 -0.02870 -0.02712 -0.02182 -0.03657
0.010000  0.07411  0.06537  0.04572  0.09085 -0.00547
0.010000  0.01606 -0.02502 -0.00539  0.00454  0.00441
0.010000 -0.00368 -0.03369 -0.01996  0.04637  0.01256
0.010000  0.03744  0.05100  0.01764  0.01373  0.02275
0.010000 -0.02594 -0.01694 -0.02331 -0.03735 -0.01198
0.010000 -0.03751 -0.04735  0.00884 -0.01706  0.01887
0.010000 -0.04983 -0.04837 -0.01852 -0.02746 -0.01147
0.010000  0.06555  0.05329  0.00975  0.02522  0.04821
0.010000 -0.03308 -0.04084 -0.02445 -0.01390 -0.03552
0.010000 -0.05367 -0.04849 -0.02864 -0.04624 -0.03150
0.010000  0.04075  0.04156  0.03757  0.03810  0.03185
0.010000 -0.03856 -0.02716  0.01358 -0.05608 -0.00271
0.010000  0.00788 -0.01426  0.03697 -0.03267  0.02836
0.010000  0.03413 -0.01029  0.04569  0.06171  0.03455
0.010000 -0.04414 -0.04805 -0.01839 -0.05397 -0.03479
0.010000  0.07607  0.04381  0.03190  0.04142  0.01564
0.010000  0.00624 -0.03120 -0.01775  0.02937  0.02757
0.010000 -0.06518 -0.03355 -0.02932 -0.06149 -0.07984
0.010000  0.05073  0.06490  0.00655  0.03252  0.03829
0.010000 -0.03128 -0.03617 -0.00287 -0.04443 -0.04191
0.010000 -0.07160 -0.04853 -0.03665 -0.02847  0.00323
0.010000 -0.01210 -0.01522  0.00063 -0.01192 -0.01360
0.010000 -0.01040  0.02922 -0.01487 -0.00580  0.02700
0.010000  0.03578  0.00425  0.02523  0.01427 -0.00389
0.010000 -0.04792 -0.04810 -0.02283 -0.05772 -0.00271
0.010000 -0.06330 -0.04995 -0.02982 -0.05023 -0.04572
0.010000 -0.05753 -0.04775 -0.02629 -0.06067 -0.02390
0.010000 -0.01380  0.01758 -0.01752 -0.02407 -0.02848
0.010000 -0.00035 -0.02437  0.03022 -0.03698  0.00534
0.010000  0.07157  0.06503  0.05793 -0.00380  0.01814
0.010000 -0.05560 -0.04853  0.04827 -0.03852 -0.01213
0.010000  0.03909  0.05075  0.02644  0.03106  0.04313
0.010000 -0.04227 -0.04519 -0.00381 -0.03408  0.00785
0.010000  0.07142  0.04979  0.06418  0.07526  0.07344
0.010000  0.07514  0.01304  0.02111  0.04227  0.03422
0.010000  0.06233  0.05235  0.00806  0.06503  0.02415
0.010000  0.02919 -0.00814  0.01334 -0.02135  0.01060
0.010000 -0.05174 -0.04874  0.00106 -0.04281 -0.01630
0.010000  0.06712  0.07044  0.07291  0.03159  0.03242
0.010000 -0.02771 -0.04181  0.00717 -0.02359 -0.00804
0.010000  0.02426 -0.01893 -0.00829 -0.01354  0.02810
0.010000 -0.06139 -0.04934 -0.03351 -0.02073 -0.04207
0.010000  0.07630  0.00951  0.01878  0.04601  0.07043
0.010000  0.05739  0.02549  0.00633  0.03645  0.02542
0.010000  0.04574  0.06016  0.01703 -0.00100  0.03734
0.010000 -0.02068 -0.04399 -0.01960  0.04372 -0.00435
0.010000  0.06069 -0.00018  0.00495  0.01298  0.05134
0.010000  0.00130  0.03408 -0.00080 -0.02471 -0.00720
0.010000  0.07015  0.04477  0.01006  0.02101  0.07252
0.010000  0.00460 -0.02285  0.02266  0.01482  0.04770
0.010000 -0.00703 -0.02055  0.02653 -0.03079  0.00236
0.010000  0.02262  0.01851  0.05096 -0.01903 -0.00775
0.010000 -0.06700 -0.04970 -0.02481 -0.05988 -0.05066
0.010000 -0.01895 -0.00693 -0.00210  0.00502  0.00690
0.010000  0.05240  0.02486  0.00657  0.01830  0.00606
0.010000 -0.00201 -0.03884  0.00343  0.00318  0.01103
0.010000 -0.01551 -0.02052  0.00593 -0.02103  0.00733
0.010000  0.06866  0.06453  0.03936  0.04595  0.02757
0.010000  0.01770  0.01734 -0.00969  0.02201  0.02030
0.010000 -0.07265 -0.04991 -0.03487 -0.05954 -0.00432
0.010000  0.01934 -0.00313 -0.00698  0.01328  0.05326
0.010000 -0.00871 -0.01701  0.02573 -0.03250 -0.01002
0.010000  0.05905 -0.00294  0.04801  0.04120  0.00173
0.010000  0.00952 -0.02401 -0.00369  0.02559  0.01791
0.010000  0.03083  0.05445  0.00626  0.05296  0.01638
0.010000 -0.02949 -0.02357  0.01088 -0.03509  0.01973
0.010000  0.04407 -0.01528  0.04534 -0.00581  0.03245
0.010000 -0.02418  0.00768 -0.01960  0.02079 -0.01843
0.010000  0.02590 -0.01514  0.03198 -0.00930  0.03147
0.010000 -0.06641 -0.05019 -0.02536 -0.02388 -0.01048
0.010000  0.03248 -0.01739  0.01851 -0.00126  0.02601
0.010000  0.00295 -0.00992 -0.00459  0.01570 -0.03492
0.010000 -0.04602 -0.04390 -0.02726 -0.04860 -0.05110
0.010000  0.01443 -0.03065 -0.00608 -0.02748  0.02499
0.010000 -0.04041 -0.00681  0.01239 -0.01240 -0.03148
0.010000  0.04907 -0.01206  0.03840  0.05463  0.02451
0.010000  0.02098  0.03132  0.00917 -0.02944 -0.02275
0.010000  0.04241 -0.01321  0.03991  0.00090  0.04092
0.010000 -0.01723 -0.00426 -0.00050 -0.04939 -0.02677
