# Scenario generation method from a paper by Hoyland, Kaut & Wallace
# Code by Michal Kaut (michal.kaut@iot.ntnu.n) & Diego Mathieu

#   prob   var  1   var  2   var  3   var  4   var  5
0.010000 -0.02303 -0.03371  0.00487 -0.02631 -0.00427
0.010000 -0.01294 -0.00730 -0.00632 -0.00020 -0.02530
0.010000  0.03199 -0.00106 -0.00143  0.01743 -0.01605
0.010000  0.02511  0.00936  0.00468  0.02005 -0.01104
0.010000 -0.03399 -0.04177  0.00600 -0.05719 -0.02176
0.010000  0.05600  0.02472  0.01898  0.02859 -0.00244
0.010000  0.01495 -0.00514 -0.04987 -0.00317 -0.00500
0.010000 -0.04874 -0.00624  0.01330 -0.03536  0.00718
0.010000 -0.01850 -0.03038 -0.00367 -0.00370 -0.02937
0.010000 -0.00635  0.00354 -0.03686 -0.00710 -0.00027
0.010000  0.00819  0.00977  0.03225  0.02008 -0.00134
0.010000 -0.04316 -0.03661  0.00600 -0.04746 -0.01246
0.010000 -0.00241 -0.02426  0.01331 -0.01590 -0.00306
0.010000 -0.00962  0.02915  0.00276 -0.04370  0.01953
0.010000  0.02660  0.01457 -0.00559  0.01468 -0.01474
0.010000 -0.00040  0.00398 -0.00442  0.00689 -0.02080
0.010000  0.00897 -0.02040  0.00041  0.01461 -0.02278
0.010000 -0.00439 -0.00575 -0.01599  0.00659 -0.02354
0.010000  0.00375 -0.00776 -0.01336 -0.00526 -0.00754
0.010000 -0.03511 -0.01959  0.00114 -0.01126 -0.01562
0.010000  0.04529  0.01745  0.00549  0.02709 -0.00261
0.010000 -0.05105 -0.03888 -0.01003 -0.06137 -0.01445
0.010000  0.01313 -0.00207 -0.03389 -0.01390 -0.00728
0.010000 -0.00307 -0.00614  0.00498 -0.01030 -0.00690
0.010000 -0.00831 -0.03763 -0.00040 -0.01197 -0.00328
0.010000  0.02373  0.01070  0.01740  0.02553  0.01493
0.010000  0.00165 -0.00708 -0.02730 -0.01173  0.00592
0.010000 -0.01429 -0.01521 -0.01828 -0.00766 -0.01308
0.010000 -0.00108 -0.02273 -0.01913 -0.00100 -0.01510
0.010000  0.00667 -0.01617  0.01161 -0.00289 -0.01420
0.010000 -0.02147 -0.02386  0.02549  0.00723 -0.01076
0.010000  0.00304 -0.01148 -0.01423  0.00659  0.01081
0.010000 -0.03750 -0.05057 -0.03934 -0.07551 -0.03029
0.010000  0.02122  0.03076 -0.01624  0.01201  0.01091
0.010000  0.00742  0.02123  0.00411  0.01684  0.01295
0.010000 -0.06106 -0.03453 -0.01960 -0.06890 -0.00951
0.010000 -0.02718 -0.02608 -0.00545 -0.00730 -0.02052
0.010000  0.03701  0.01171 -0.02273 -0.00540 -0.00339
0.010000 -0.02071  0.00186  0.01410 -0.02957 -0.01192
0.010000 -0.01361 -0.01557  0.00882 -0.01455  0.00257
0.010000 -0.06698 -0.04640 -0.04329 -0.06222 -0.01409
0.010000 -0.01707  0.00278 -0.03037 -0.02707 -0.01753
0.010000 -0.03627 -0.05199 -0.00801 -0.04105 -0.03039
0.010000  0.02006  0.04096  0.02306  0.02235  0.00225
0.010000 -0.03292  0.03380  0.01323 -0.00967  0.00082
0.010000 -0.00570 -0.00719  0.01055  0.01227 -0.00986
0.010000 -0.03879 -0.02364 -0.00146 -0.03672 -0.02285
0.010000 -0.00766  0.01477 -0.02700 -0.03029  0.00254
0.010000 -0.02547 -0.01542  0.02101 -0.01889 -0.00815
0.010000  0.01226  0.00981 -0.01959  0.00707 -0.01439
0.010000  0.02244  0.00621 -0.00256  0.00871 -0.00031
0.010000 -0.02898 -0.02959  0.01474 -0.00656 -0.02226
0.010000 -0.00175 -0.00649 -0.00314 -0.01938  0.01392
0.010000 -0.01227 -0.02093 -0.02228 -0.01991 -0.01674
0.010000 -0.04015 -0.01185 -0.01554 -0.02117  0.00002
0.010000 -0.02992 -0.03174 -0.00147 -0.02476 -0.00500
0.010000 -0.01636  0.01018  0.00006 -0.01941  0.00051
0.010000  0.03428 -0.00016 -0.01057 -0.00774 -0.00737
0.010000 -0.03189 -0.04319 -0.01745 -0.03985 -0.03137
0.010000 -0.04669 -0.03549 -0.02550 -0.04889  0.01788
0.010000 -0.02631 -0.01975 -0.02637 -0.02503 -0.00929
0.010000  0.00446  0.02167 -0.01168 -0.01244 -0.00311
0.010000  0.01589 -0.00339  0.01398  0.00954 -0.00429
0.010000 -0.00373 -0.02390 -0.02697 -0.00140 -0.01187
0.010000 -0.01923 -0.00445 -0.02956 -0.00809 -0.01319
0.010000  0.01688  0.01529  0.01294  0.00676  0.01604
0.010000 -0.03089 -0.02156  0.00565 -0.00388 -0.02023
0.010000 -0.01997 -0.02819 -0.01351 -0.02894 -0.02828
0.010000 -0.02464  0.02005  0.01003 -0.00390  0.00192
0.010000  0.03000  0.02377 -0.00359  0.02107 -0.01480
0.010000 -0.00701  0.00237  0.00258  0.01169 -0.00429
0.010000  0.01789  0.02531 -0.00155  0.00985  0.00301
0.010000  0.01895 -0.00317 -0.00783  0.01317 -0.01109
0.010000  0.01058  0.02217 -0.01037 -0.02613  0.01977
0.010000 -0.01778 -0.01282  0.02342  0.00886 -0.01733
0.010000 -0.02224 -0.01780 -0.01123 -0.04764  0.00776
0.010000 -0.01498 -0.03511  0.01930 -0.00162 -0.02519
0.010000 -0.01094 -0.04136 -0.01178 -0.01248 -0.02596
0.010000 -0.02382 -0.02583  0.01668  0.00514 -0.00812
0.010000  0.00977 -0.02311  0.00152  0.00840 -0.00924
0.010000  0.00096  0.00685 -0.02697  0.00004 -0.02238
0.010000 -0.04160 -0.04004 -0.01252 -0.04030 -0.00156
0.010000  0.04044  0.02705 -0.01033  0.02435 -0.00954
0.010000 -0.05373 -0.01698  0.02617 -0.00891 -0.01765
0.010000  0.01403 -0.01790  0.03262  0.01356 -0.00107
0.010000  0.00027  0.03211 -0.01169  0.01390  0.02563
0.010000 -0.00505 -0.01680 -0.00860  0.00654 -0.01006
0.010000 -0.08053 -0.04461  0.00900 -0.06413 -0.02595
0.010000  0.00592  0.01219 -0.02204  0.00061 -0.01456
0.010000  0.02822  0.07860  0.03433  0.02686  0.00498
0.010000 -0.01160 -0.02220 -0.00708  0.00350 -0.01614
0.010000  0.00234  0.01780 -0.00791 -0.01692  0.03136
0.010000  0.00519  0.00968 -0.00782  0.01035  0.02623
0.010000 -0.01028 -0.04550  0.03809  0.01001 -0.02582
0.010000 -0.05695 -0.05094 -0.02477 -0.05163 -0.02971
0.010000 -0.00896  0.02158  0.01678  0.01406 -0.01642
0.010000  0.01141  0.03799 -0.01650 -0.01956  0.01905
0.010000 -0.01567 -0.00983  0.00082 -0.00354 -0.01374
0.010000 -0.02807 -0.03776  0.00100 -0.01340 -0.00344
0.010000 -0.04485 -0.02023 -0.01510 -0.06535  0.02010
