# Scenario generation method from a paper by Hoyland, Kaut & Wallace
# Code by Michal Kaut (michal.kaut@iot.ntnu.n) & Diego Mathieu

#   prob   var  1   var  2   var  3   var  4   var  5
0.010000 -0.00991 -0.01948 -0.02263 -0.00422 -0.00986
0.010000 -0.01700 -0.02220  0.00106  0.00170  0.00287
0.010000 -0.03606 -0.02892 -0.01489 -0.01490 -0.00739
0.010000 -0.02753 -0.01777  0.01064 -0.00042 -0.00608
0.010000 -0.00210  0.00074 -0.00666 -0.00966  0.00489
0.010000  0.01791 -0.01040  0.01025 -0.00714 -0.00394
0.010000 -0.00568  0.00332 -0.03522 -0.01151 -0.01336
0.010000  0.02551  0.02217 -0.00358  0.01062 -0.00189
0.010000 -0.01035  0.00725  0.00451  0.02272  0.01654
0.010000 -0.00488 -0.00839 -0.01536 -0.00269  0.01422
0.010000 -0.00090  0.00975  0.00085 -0.00223  0.00584
0.010000 -0.00817 -0.00283 -0.01069 -0.00319 -0.01836
0.010000 -0.00289 -0.01989 -0.00042 -0.00893 -0.02089
0.010000  0.00111 -0.00478 -0.00952 -0.00601 -0.01890
0.010000  0.00829  0.01712 -0.00008  0.00163 -0.00974
0.010000  0.00320 -0.00506 -0.01049  0.00671 -0.01027
0.010000  0.02164  0.00964  0.00155 -0.00011 -0.01350
0.010000 -0.00528  0.00057 -0.01775 -0.00391  0.00965
0.010000 -0.00329 -0.01757  0.01554 -0.00160 -0.01283
0.010000  0.00406  0.00232 -0.00143  0.00125  0.01042
0.010000 -0.00609 -0.02639 -0.00829  0.01508 -0.01861
0.010000 -0.02532 -0.03320  0.01878 -0.01389 -0.01410
0.010000  0.02863  0.00485  0.02131  0.00390  0.00393
0.010000 -0.00010  0.00950 -0.00108 -0.00230  0.00086
0.010000 -0.01760 -0.03204 -0.00223 -0.00196 -0.01219
0.010000  0.01518  0.01183  0.01626 -0.00064 -0.01248
0.010000 -0.00170 -0.01409 -0.01301  0.00387  0.00801
0.010000  0.01900  0.02050  0.01207  0.01398 -0.00332
0.010000  0.00450 -0.01060  0.01109 -0.00739 -0.01092
0.010000 -0.00130  0.00817  0.01046  0.01045  0.02467
0.010000 -0.00946 -0.01198  0.00624 -0.01009  0.02165
0.010000  0.01297  0.00092 -0.00617  0.00613 -0.02191
0.010000  0.01692 -0.00113 -0.00307 -0.00221 -0.01607
0.010000  0.01167  0.01403  0.03219  0.01733  0.02961
0.010000 -0.00249 -0.00170 -0.00305  0.00333  0.00816
0.010000  0.01602 -0.00782  0.01188  0.00993 -0.01888
0.010000 -0.00903 -0.02541 -0.00419 -0.00366 -0.01649
0.010000 -0.02343 -0.00546 -0.02409 -0.01245  0.00194
0.010000 -0.01370 -0.03051 -0.00876 -0.00319 -0.01352
0.010000  0.00882 -0.00315  0.01882 -0.00530  0.00730
0.010000  0.00586 -0.01332  0.01099 -0.01004  0.02951
0.010000 -0.01422 -0.01074 -0.00866  0.00760 -0.01463
0.010000 -0.00774 -0.00925  0.00928  0.00256 -0.01395
0.010000 -0.02880 -0.03185  0.00431  0.02373 -0.00641
0.010000 -0.02434 -0.03266 -0.01729 -0.01207 -0.01858
0.010000  0.01047  0.00977 -0.00829 -0.00466  0.01122
0.010000  0.00680  0.01895 -0.00544  0.00083  0.00334
0.010000  0.01440  0.01512  0.00863  0.01580 -0.01002
0.010000 -0.01127  0.00394 -0.01009 -0.00664  0.01178
0.010000 -0.01888 -0.01787 -0.00322 -0.01183 -0.01372
0.010000 -0.01320 -0.00456  0.00678 -0.00347 -0.00320
0.010000 -0.00691  0.00048  0.00355 -0.00438 -0.00205
0.010000  0.00633 -0.01718 -0.00250  0.00603 -0.00248
0.010000 -0.01081 -0.02986  0.02017 -0.00198 -0.01713
0.010000  0.01106 -0.01271  0.02100 -0.00764 -0.00811
0.010000 -0.00408  0.00869 -0.00660  0.00187 -0.01326
0.010000  0.00194  0.00253 -0.00352 -0.00286 -0.00539
0.010000 -0.05429 -0.03352 -0.02697 -0.01600 -0.00828
0.010000  0.00153 -0.00068  0.00565  0.00318 -0.01400
0.010000 -0.01222 -0.01935 -0.02648 -0.01017 -0.01387
0.010000 -0.00368 -0.00106  0.00178 -0.00199 -0.00037
0.010000 -0.00448 -0.01136 -0.02785 -0.00502 -0.00506
0.010000 -0.03022 -0.02217 -0.01374 -0.01189  0.00445
0.010000 -0.01270 -0.02231 -0.01545  0.01175 -0.01129
0.010000  0.02334  0.01420  0.00960  0.00173 -0.01192
0.010000  0.00236 -0.01672  0.01128 -0.00465 -0.00563
0.010000  0.00495  0.01121  0.00052 -0.00430  0.00829
0.010000  0.00278  0.01041 -0.00365  0.00441  0.00820
0.010000  0.00071 -0.00222  0.01576 -0.00479 -0.00466
0.010000  0.00990 -0.00088 -0.00436 -0.00367 -0.02119
0.010000 -0.01528 -0.02979 -0.02466 -0.00920 -0.02447
0.010000 -0.03184 -0.03331  0.00387 -0.01331 -0.00431
0.010000  0.00779 -0.00495  0.00169  0.00033 -0.00924
0.010000 -0.01584 -0.02028 -0.01728 -0.00286  0.00752
0.010000 -0.03375 -0.03346 -0.00986 -0.01501  0.02556
0.010000 -0.00050  0.01341  0.01298  0.01730 -0.00554
0.010000 -0.01174  0.00714  0.00152  0.00258  0.04144
0.010000 -0.01955 -0.00529 -0.00603  0.00381 -0.00898
0.010000 -0.00860 -0.02937 -0.01277  0.00259 -0.01877
0.010000  0.00935  0.01385  0.00554  0.00309  0.00626
0.010000 -0.04353 -0.02670 -0.00948 -0.01382 -0.00416
0.010000  0.00540  0.01621  0.00194 -0.00118 -0.00626
0.010000 -0.02176 -0.01592  0.00391 -0.00814 -0.00451
0.010000  0.00030  0.00402  0.00729  0.00173 -0.00510
0.010000  0.01230 -0.01290  0.00614 -0.00618 -0.02123
0.010000 -0.02025 -0.02571 -0.02141 -0.01370  0.02249
0.010000  0.01367 -0.00207 -0.00096 -0.00786 -0.01972
0.010000  0.00363 -0.00298  0.00257 -0.00361 -0.01006
0.010000 -0.00733  0.00812  0.01468  0.00740  0.00049
0.010000 -0.01823 -0.02895 -0.02836 -0.00186 -0.01045
0.010000 -0.01641 -0.01427 -0.00928 -0.00669  0.00274
0.010000  0.00729  0.01922 -0.01074  0.01978  0.00855
0.010000 -0.01474 -0.01757 -0.01506 -0.01131 -0.01464
0.010000 -0.00650  0.01062  0.00179  0.02672 -0.00951
0.010000 -0.02638 -0.03076 -0.00802  0.00578 -0.02049
0.010000  0.02022  0.02193  0.00151  0.00547  0.00290
0.010000 -0.03908 -0.01550 -0.01422 -0.00655  0.00286
0.010000  0.03582  0.01276 -0.00905  0.01777 -0.01969
0.010000 -0.02257 -0.02378 -0.00875 -0.00909 -0.00251
0.010000 -0.02099 -0.02096 -0.00382 -0.00148 -0.01688
