# Scenario generation method from a paper by Hoyland, Kaut & Wallace
# Code by Michal Kaut (michal.kaut@iot.ntnu.n) & Diego Mathieu

#   prob   var  1   var  2   var  3   var  4   var  5
0.010000  0.00933  0.01683  0.02147 -0.01642  0.00646
0.010000  0.00048  0.00512  0.02284  0.00104 -0.03265
0.010000 -0.00102 -0.01839 -0.00594  0.00622  0.02207
0.010000 -0.02435 -0.01393 -0.01098 -0.00998  0.00313
0.010000 -0.03595 -0.06631 -0.01485 -0.01946  0.00163
0.010000 -0.01622 -0.01565 -0.01251  0.00054 -0.01988
0.010000 -0.00418 -0.00566  0.01504  0.00475  0.00913
0.010000  0.00636 -0.01029  0.01131  0.00579  0.00519
0.010000  0.01163  0.01750  0.01904 -0.01023  0.01690
0.010000  0.01907 -0.00592  0.02151  0.00839  0.01564
0.010000  0.01769  0.00464  0.01049  0.00795 -0.00007
0.010000 -0.00669  0.00574 -0.00043 -0.02373  0.01678
0.010000 -0.00337 -0.00084  0.00467  0.00555  0.04397
0.010000 -0.00935 -0.02469  0.00296 -0.01813 -0.01581
0.010000 -0.00027 -0.00046  0.01427 -0.01130  0.00982
0.010000  0.01133  0.00389  0.01926 -0.00238  0.03607
0.010000  0.01936 -0.00828  0.01612  0.00817  0.02104
0.010000  0.00121 -0.00690 -0.00673  0.00017  0.03706
0.010000  0.01966  0.01683  0.01428 -0.01997  0.00833
0.010000  0.00662  0.00471 -0.00113  0.00488 -0.00114
0.010000 -0.03129 -0.03510 -0.00401 -0.00815 -0.02846
0.010000 -0.02981 -0.02558 -0.00757 -0.00260  0.01390
0.010000  0.00906  0.00527 -0.00462 -0.00053 -0.00760
0.010000 -0.03936 -0.02119 -0.01510 -0.02647 -0.00066
0.010000  0.01971  0.02896  0.01531  0.00790 -0.00412
0.010000  0.01343 -0.00498  0.00098 -0.02287  0.00266
0.010000  0.00534  0.08358  0.00419 -0.01316  0.01201
0.010000  0.01656 -0.02542 -0.00700 -0.01027  0.01913
0.010000  0.01830  0.00246  0.00261  0.00550  0.00579
0.010000 -0.01121  0.00395 -0.01107 -0.00056 -0.04622
0.010000 -0.02637 -0.03902 -0.00801 -0.00479 -0.00661
0.010000  0.01910  0.06608  0.00071  0.00458  0.00622
0.010000 -0.02699 -0.00836 -0.00632 -0.00258 -0.01828
0.010000  0.01874  0.05774  0.02042 -0.00188  0.01806
0.010000  0.01187  0.03383  0.02529  0.00754  0.00747
0.010000  0.00192 -0.02793 -0.00635  0.00345 -0.00248
0.010000 -0.03750 -0.02375 -0.01370 -0.01217 -0.01886
0.010000  0.00847  0.01170  0.00355  0.00174 -0.01744
0.010000 -0.02187 -0.03161 -0.00835  0.00109 -0.03441
0.010000  0.01944  0.01799  0.02607  0.00806 -0.00383
0.010000  0.01615  0.00756  0.00445  0.00512 -0.01196
0.010000  0.00599  0.00795 -0.00209  0.00678 -0.02220
0.010000 -0.00584  0.01806  0.00874 -0.00441 -0.03899
0.010000 -0.00318  0.00381  0.00467  0.00521  0.01017
0.010000 -0.00500 -0.00474  0.01096  0.00537  0.02116
0.010000 -0.01158 -0.02084 -0.01144 -0.00706  0.01346
0.010000 -0.01315 -0.01371 -0.01177 -0.02484 -0.01767
0.010000  0.01799  0.00076  0.00411 -0.00105 -0.00672
0.010000  0.01239  0.00141 -0.00371  0.00189 -0.01185
0.010000  0.01858  0.02559  0.01659  0.00811  0.02590
0.010000  0.00263  0.02051 -0.00398  0.00595 -0.03765
0.010000 -0.02309 -0.04960 -0.00261 -0.00385 -0.00893
0.010000 -0.02068 -0.02276 -0.01241 -0.02578 -0.04854
0.010000  0.01602  0.00438  0.01387  0.00114  0.00903
0.010000 -0.03281 -0.01870 -0.00767 -0.00800 -0.02392
0.010000  0.01390  0.00761 -0.00556  0.00738  0.04592
0.010000  0.01022  0.00552 -0.00479  0.00698  0.04932
0.010000 -0.00179  0.01222  0.01208 -0.01820 -0.00539
0.010000 -0.02838 -0.01223 -0.01144 -0.00475 -0.05172
0.010000  0.01485  0.04129  0.01471  0.00036  0.00841
0.010000  0.01957  0.00715  0.02379  0.00843  0.00221
0.010000  0.01573  0.01260  0.01171  0.00519 -0.01220
0.010000  0.01694  0.00226  0.01578  0.00814  0.03573
0.010000 -0.07355  0.00255 -0.01680 -0.02689 -0.05098
0.010000  0.01341  0.01002  0.00757  0.00026 -0.02795
0.010000  0.01927  0.03955  0.02619  0.00089 -0.05663
0.010000  0.01828  0.01003 -0.00488  0.00743  0.01894
0.010000  0.00786 -0.00124 -0.00626  0.00682  0.02447
0.010000  0.00964  0.01170  0.00696 -0.02054  0.00408
0.010000  0.00332  0.00525 -0.00072 -0.00090 -0.03071
0.010000 -0.01839 -0.01412 -0.01264  0.00019  0.03324
0.010000 -0.01952 -0.00605 -0.00229 -0.02753 -0.03973
0.010000  0.00725 -0.07592 -0.00499  0.00697  0.00060
0.010000 -0.00756  0.00850 -0.00916 -0.01061 -0.00241
0.010000 -0.01217 -0.00833 -0.00920 -0.00635 -0.01696
0.010000  0.01731  0.00408  0.00082  0.00669  0.03831
0.010000  0.00238  0.00569 -0.00250 -0.01549 -0.02807
0.010000  0.01438  0.00885  0.00162 -0.00650 -0.03633
0.010000 -0.00845 -0.02276 -0.01099 -0.00042 -0.01251
0.010000 -0.00257 -0.00560 -0.00899  0.00047 -0.01128
0.010000  0.01966  0.00473  0.00421  0.00033  0.00732
0.010000  0.00468 -0.00821 -0.00668  0.00405  0.01978
0.010000  0.01530  0.00556 -0.00561  0.00723  0.02905
0.010000  0.01487  0.00719 -0.00379  0.00276  0.02168
0.010000 -0.03312 -0.02643  0.00067 -0.00343 -0.07304
0.010000  0.01766  0.01275  0.02409 -0.00218 -0.01295
0.010000  0.01291 -0.00426  0.00752  0.00064  0.00358
0.010000  0.00401 -0.00743 -0.00328  0.00659  0.02197
0.010000 -0.02565  0.01439 -0.00622 -0.00892 -0.01371
0.010000  0.01955  0.01549 -0.00365 -0.01556 -0.05243
0.010000  0.01078  0.02209  0.01948 -0.00608 -0.03516
0.010000 -0.01027 -0.05071 -0.00282  0.00456  0.02656
0.010000 -0.03883 -0.03588 -0.01496 -0.02428 -0.05203
0.010000  0.01695 -0.01177  0.02555 -0.00354 -0.00420
0.010000 -0.01729 -0.01739  0.01174 -0.00102  0.02332
0.010000  0.01971  0.07873  0.02615 -0.01146 -0.01190
0.010000 -0.03437 -0.04359 -0.00708 -0.00672 -0.03245
0.010000 -0.01517 -0.02020  0.00792 -0.00916 -0.01090
0.010000 -0.01415 -0.01473 -0.01156  0.00015 -0.00585
0.010000  0.01884  0.00246  0.02437  0.00825  0.00433
