# Scenario generation method from a paper by Hoyland, Kaut & Wallace
# Code by Michal Kaut (michal.kaut@iot.ntnu.n) & Diego Mathieu

#   prob   var  1   var  2   var  3   var  4   var  5
0.010000 -0.00764  0.01867 -0.00681 -0.01411 -0.01439
0.010000 -0.00262 -0.00920 -0.00495 -0.03362 -0.00289
0.010000 -0.04020 -0.02759 -0.01044 -0.05406 -0.01188
0.010000 -0.02673  0.00803 -0.01039 -0.03293 -0.01438
0.010000  0.02540  0.03649 -0.00158  0.00056  0.00086
0.010000 -0.02938 -0.00625 -0.01018  0.01442 -0.00376
0.010000 -0.05112 -0.04903 -0.01082 -0.00991 -0.00373
0.010000 -0.02804  0.00591 -0.01045 -0.02993 -0.02442
0.010000 -0.00361 -0.00168 -0.00570 -0.05633  0.00161
0.010000  0.09335  0.06408  0.03478  0.06530  0.02532
0.010000  0.02649  0.00066  0.00410  0.00551  0.00356
0.010000  0.02325  0.02081 -0.00083  0.02465  0.01408
0.010000 -0.01499 -0.01267 -0.00579 -0.01341 -0.01896
0.010000 -0.01609 -0.00260 -0.00847 -0.01935  0.00462
0.010000 -0.02546 -0.00580 -0.00936 -0.06290 -0.00851
0.010000 -0.01719 -0.02978 -0.00650 -0.02321  0.00131
0.010000  0.01304  0.02645  0.00520  0.01071 -0.01078
0.010000  0.00132  0.02279 -0.00734  0.00573 -0.00103
0.010000 -0.00866  0.01941  0.01111  0.04005  0.03607
0.010000  0.02871  0.03511 -0.00139 -0.00642  0.00716
0.010000 -0.04404 -0.01766 -0.01096 -0.01976 -0.06268
0.010000  0.00230 -0.03480  0.03342  0.02101  0.02764
0.010000  0.02432  0.05872 -0.00051  0.00422  0.00286
0.010000  0.00717  0.00980 -0.00269  0.04183 -0.01407
0.010000  0.04660  0.04760  0.00378  0.05886 -0.00058
0.010000 -0.02179 -0.02066 -0.00167 -0.01528 -0.00030
0.010000  0.05488  0.05471  0.00987  0.01959 -0.00013
0.010000  0.03334  0.05958  0.00112  0.03986 -0.01713
0.010000  0.03701  0.04719  0.01667  0.04721  0.01327
0.010000  0.00034  0.03692 -0.00821 -0.05647 -0.00169
0.010000  0.02759  0.02988  0.06860  0.07776  0.06839
0.010000  0.06561  0.05420  0.01686  0.06336  0.02611
0.010000  0.03576  0.06103 -0.00326  0.03466 -0.02802
0.010000 -0.02299 -0.04813 -0.00561 -0.01542  0.00940
0.010000  0.01908  0.01151 -0.00016  0.02968  0.00926
0.010000 -0.04206 -0.04288 -0.00998 -0.02679 -0.01464
0.010000  0.04512  0.04894  0.00254  0.04065  0.00363
0.010000 -0.00461  0.00875 -0.00202  0.01365 -0.00120
0.010000  0.03099  0.01676  0.00337 -0.00630  0.02435
0.010000  0.08427  0.05778  0.07569  0.07945  0.06927
0.010000  0.01206 -0.02648  0.00319  0.04776 -0.03108
0.010000  0.02220  0.05088  0.01463  0.04748  0.00230
0.010000  0.01503 -0.00501  0.04056  0.03030  0.04443
0.010000  0.01107  0.01036  0.01514 -0.00448  0.00435
0.010000  0.07480  0.05800  0.02390  0.01905 -0.00135
0.010000  0.05136  0.06513  0.00201  0.03721  0.02333
0.010000 -0.00562  0.01970 -0.00115 -0.04668 -0.00161
0.010000 -0.01074 -0.03529  0.00661  0.01968  0.01045
0.010000 -0.00163  0.01694 -0.00379  0.02009  0.01096
0.010000  0.02011  0.01405  0.00233 -0.02689 -0.00261
0.010000  0.02115 -0.00130  0.00948 -0.02269  0.02323
0.010000  0.00912 -0.01307  0.00440  0.05694 -0.01588
0.010000 -0.04618 -0.01797 -0.01121 -0.00966 -0.01209
0.010000  0.00620  0.04663 -0.00816 -0.05107 -0.02202
0.010000  0.07893  0.05361  0.03048  0.07067  0.02157
0.010000 -0.01832  0.02572 -0.01023 -0.05731 -0.01368
0.010000 -0.04852 -0.04598 -0.01064 -0.06168 -0.00372
0.010000 -0.01946 -0.01227 -0.00815 -0.04702 -0.00715
0.010000  0.06088  0.06375  0.06645  0.07865  0.02163
0.010000 -0.00663 -0.00218 -0.00646 -0.04819 -0.00886
0.010000 -0.03076  0.00615 -0.01067 -0.02862 -0.03944
0.010000 -0.03518 -0.05293 -0.00788 -0.06085  0.01367
0.010000  0.05308  0.04879  0.02211  0.03371  0.02373
0.010000  0.07133  0.03498  0.05670  0.07576  0.05207
0.010000  0.04228  0.06499 -0.00151  0.05249 -0.03406
0.010000 -0.05403 -0.01917 -0.01135 -0.06503 -0.03092
0.010000 -0.01391  0.01374 -0.00900 -0.02650  0.00473
0.010000  0.03454  0.00911  0.01384  0.02081  0.08169
0.010000  0.00425  0.04186 -0.00361 -0.01748 -0.02205
0.010000 -0.05664 -0.05540 -0.01091 -0.00571 -0.01248
0.010000  0.04813  0.05842  0.00908 -0.00250 -0.00157
0.010000 -0.01284  0.01140  0.03217  0.04813  0.00849
0.010000  0.01704 -0.01762  0.00479 -0.04043  0.00987
0.010000  0.03958  0.04974  0.00876  0.01186  0.00424
0.010000  0.04368  0.05500  0.00090  0.02908  0.00346
0.010000  0.01404 -0.00501  0.00404 -0.02676  0.03197
0.010000  0.01009  0.03919  0.04749  0.05954  0.01616
0.010000  0.03215  0.06186  0.01492  0.01347  0.01616
0.010000 -0.03366 -0.05034 -0.00768 -0.06236 -0.00879
0.010000  0.00328  0.04270 -0.00827 -0.05393 -0.02547
0.010000 -0.00064 -0.00431 -0.00526  0.01858  0.02166
0.010000 -0.03844 -0.05168 -0.00772 -0.02789  0.00868
0.010000  0.05676  0.04173  0.02978  0.03191  0.00479
0.010000  0.04091  0.00250  0.01507  0.04167  0.01821
0.010000 -0.03218 -0.01764 -0.00014  0.03082 -0.01305
0.010000  0.00522 -0.02019  0.02053  0.05879  0.03916
0.010000 -0.00970 -0.03284 -0.00392 -0.05598  0.01306
0.010000  0.04972  0.02859  0.06747  0.07276  0.04915
0.010000  0.06315  0.06139  0.01123 -0.02119  0.01468
0.010000 -0.02421  0.01602 -0.01061  0.00774 -0.05143
0.010000  0.02984  0.06164 -0.00245  0.00217  0.01922
0.010000 -0.01178 -0.01352 -0.00538 -0.05124 -0.02102
0.010000  0.00814 -0.01675  0.03580 -0.00188  0.03068
0.010000  0.06831  0.06155  0.02744  0.01593  0.01020
0.010000  0.05876  0.06872  0.01315 -0.01935  0.04402
0.010000  0.03828 -0.00595  0.05035  0.05307  0.02374
0.010000  0.01806 -0.01917  0.01434  0.02469  0.03478
0.010000 -0.02061 -0.03519 -0.00641  0.02789 -0.03580
0.010000  0.01604  0.00707  0.00041 -0.02567  0.02301
0.010000 -0.03678 -0.03788 -0.00953 -0.04610  0.00064
