# Scenario generation method from a paper by Hoyland, Kaut & Wallace
# Code by Michal Kaut (michal.kaut@iot.ntnu.n) & Diego Mathieu

#   prob   var  1   var  2   var  3   var  4   var  5
0.010000 -0.00768 -0.02920  0.00117 -0.00586 -0.00333
0.010000 -0.01121 -0.01878 -0.01010  0.00238  0.01599
0.010000 -0.05404 -0.01965 -0.00022 -0.01342 -0.01567
0.010000 -0.02011 -0.03636  0.01354  0.01111  0.00390
0.010000 -0.00584  0.01739  0.01518  0.01303  0.00501
0.010000 -0.02469  0.01745 -0.00521 -0.00988 -0.01983
0.010000  0.00223 -0.02768  0.01089  0.00360 -0.00233
0.010000 -0.04466 -0.04145 -0.01710  0.01206  0.00353
0.010000 -0.02619 -0.03329  0.00342  0.00756  0.00740
0.010000  0.02731 -0.01322 -0.00995 -0.00584  0.01251
0.010000  0.03460  0.00558  0.01312 -0.00746  0.02042
0.010000  0.02954 -0.01354  0.01344 -0.01171  0.00402
0.010000 -0.00677  0.03963 -0.00820 -0.00011 -0.00768
0.010000 -0.02993  0.01684 -0.00862  0.02031  0.00008
0.010000  0.03750  0.00304  0.03108  0.00904  0.00977
0.010000 -0.02844  0.00796  0.01165  0.00366 -0.01265
0.010000  0.00808  0.00327  0.01000 -0.01236  0.04016
0.010000 -0.01373  0.02147  0.00257 -0.01386 -0.00172
0.010000  0.00115  0.04144  0.01264  0.01175 -0.00133
0.010000  0.01489  0.01978  0.02547  0.00336  0.03398
0.010000  0.04446  0.02218  0.02659  0.01287  0.00008
0.010000 -0.03292  0.00632 -0.01896 -0.02003 -0.01753
0.010000 -0.01206 -0.03189 -0.02251 -0.01262 -0.00881
0.010000  0.01202 -0.01848 -0.00852  0.00144  0.00694
0.010000 -0.04300 -0.04205 -0.00723 -0.02146 -0.01307
0.010000 -0.04907  0.02826 -0.00744 -0.02304 -0.01112
0.010000 -0.02088  0.01497  0.00594  0.00141  0.00780
0.010000 -0.04637  0.02307 -0.00558 -0.00186 -0.01803
0.010000 -0.01855 -0.02795 -0.00793 -0.00109 -0.00258
0.010000 -0.01034  0.04373  0.00664  0.00662  0.00165
0.010000 -0.01618 -0.00916 -0.00200  0.01407 -0.00025
0.010000  0.00935 -0.00847 -0.00451  0.00446  0.00211
0.010000 -0.01698 -0.00782 -0.01423 -0.00966 -0.01128
0.010000 -0.05001 -0.04023 -0.01543 -0.00070 -0.00537
0.010000 -0.00393  0.04495  0.00652 -0.02932 -0.01197
0.010000  0.02522 -0.01175  0.00088 -0.00400  0.00078
0.010000 -0.04218 -0.01173 -0.02893 -0.01919 -0.00983
0.010000 -0.02242 -0.02909 -0.01312 -0.00372  0.00891
0.010000  0.05405  0.04381  0.01122 -0.00553  0.01586
0.010000 -0.03142 -0.03680 -0.01912  0.00450  0.00838
0.010000  0.01641 -0.00755  0.00991  0.00960  0.01117
0.010000 -0.02694 -0.02048 -0.01250 -0.02187 -0.00848
0.010000 -0.03367  0.00347 -0.00437  0.00162 -0.00507
0.010000 -0.03901 -0.01179 -0.00067 -0.00661 -0.00996
0.010000 -0.05616 -0.04399 -0.00362 -0.00626 -0.00867
0.010000  0.00009 -0.02786 -0.00230 -0.01217  0.01531
0.010000  0.00334  0.00120  0.00115 -0.00066 -0.00295
0.010000 -0.04551 -0.03432 -0.01846  0.00298 -0.00590
0.010000 -0.03823 -0.04102 -0.02230  0.01879  0.00173
0.010000  0.04075  0.03808  0.02729  0.00185  0.00556
0.010000 -0.04815 -0.01432 -0.03293 -0.01263 -0.01863
0.010000  0.03196  0.01195 -0.00041  0.01057  0.00381
0.010000  0.01343  0.04830 -0.01580  0.00409  0.00129
0.010000 -0.03518 -0.03334 -0.02268 -0.00765  0.00195
0.010000 -0.01290  0.03941  0.00597 -0.00570  0.00775
0.010000 -0.02544 -0.01557  0.00060 -0.00043 -0.00779
0.010000  0.02326  0.02103  0.02557  0.00980  0.01744
0.010000  0.00448  0.01447  0.00993 -0.00905 -0.00252
0.010000 -0.01456 -0.02276 -0.01331  0.00680  0.00741
0.010000 -0.01537 -0.00204 -0.00027 -0.00305 -0.00433
0.010000 -0.05098 -0.04131 -0.02453  0.01357 -0.01472
0.010000  0.04879  0.05040  0.02980 -0.00822  0.00757
0.010000 -0.00947 -0.00026 -0.00061 -0.01816 -0.00695
0.010000 -0.03217 -0.03505 -0.02850 -0.01564  0.01199
0.010000 -0.05612 -0.00341  0.00699  0.01329 -0.00474
0.010000 -0.00296 -0.01248  0.01242  0.00620  0.00453
0.010000  0.01966 -0.01203  0.00742  0.01033 -0.00215
0.010000  0.00684  0.03763  0.01205 -0.00281  0.02291
0.010000 -0.05703 -0.03756 -0.04768  0.01182 -0.00831
0.010000 -0.04058 -0.00656 -0.00302 -0.00343 -0.01385
0.010000 -0.04382  0.00186 -0.01546 -0.01987 -0.01656
0.010000 -0.03670  0.02234  0.00024  0.00653 -0.00744
0.010000 -0.01777 -0.03049 -0.01167  0.00596  0.00755
0.010000 -0.05299 -0.04221 -0.02479  0.02169 -0.00381
0.010000 -0.00489 -0.00939  0.01304 -0.01080  0.00832
0.010000 -0.04138 -0.00597 -0.01942  0.00560 -0.01339
0.010000 -0.02165  0.02648 -0.00903 -0.00937 -0.01190
0.010000 -0.03442  0.00068 -0.00316 -0.00321 -0.00992
0.010000 -0.02769 -0.03698 -0.03457  0.00687  0.00142
0.010000  0.07079  0.05155 -0.00006 -0.01074  0.00852
0.010000 -0.00094  0.03140  0.00341  0.00056 -0.00288
0.010000 -0.03068 -0.02095  0.00561  0.00223 -0.00701
0.010000 -0.05197 -0.03088 -0.00820 -0.00344 -0.00064
0.010000  0.00564 -0.02512  0.00587 -0.00063  0.00251
0.010000  0.01066  0.04221  0.01450 -0.00942  0.00546
0.010000 -0.04726 -0.02028 -0.01115 -0.00861 -0.00445
0.010000 -0.03746 -0.03216 -0.01233 -0.00294 -0.01064
0.010000  0.02141 -0.01759  0.01290 -0.01300  0.00583
0.010000 -0.00858  0.03184 -0.00428 -0.00186 -0.01116
0.010000 -0.03979 -0.03029  0.02196 -0.01941  0.00802
0.010000 -0.00196 -0.00491  0.00053  0.00074  0.00460
0.010000 -0.02318 -0.01250 -0.00333 -0.01704 -0.00087
0.010000 -0.01933  0.01134  0.01312 -0.00671  0.01086
0.010000  0.06085  0.04929  0.03863 -0.00353  0.01071
0.010000 -0.05511 -0.02828 -0.00806  0.00322 -0.00431
0.010000 -0.02918  0.01855  0.00554  0.02996 -0.00214
0.010000  0.09406  0.05120  0.04435  0.00815  0.02516
0.010000 -0.03594 -0.01734  0.00503 -0.00124 -0.00393
0.010000  0.01800  0.02068  0.01342 -0.01114  0.01393
0.010000 -0.02393 -0.02115 -0.01517 -0.00336 -0.00832
