# Scenario generation method from a paper by Hoyland, Kaut & Wallace
# Code by Michal Kaut (michal.kaut@iot.ntnu.n) & Diego Mathieu

#   prob   var  1   var  2   var  3   var  4   var  5
0.010000 -0.02454 -0.01039 -0.00376  0.01653 -0.01614
0.010000  0.00169  0.02733 -0.00981  0.02320  0.09531
0.010000  0.04135  0.02800  0.02713  0.02127  0.00177
0.010000 -0.03173 -0.03904 -0.02009 -0.00196 -0.02336
0.010000 -0.02128  0.00004 -0.01769  0.00065 -0.03352
0.010000 -0.01745  0.01077  0.03049  0.00771  0.00277
0.010000 -0.01382  0.00857  0.03944  0.03178  0.05024
0.010000  0.03017 -0.00255  0.03670 -0.02155  0.03039
0.010000  0.01944  0.02329 -0.00708 -0.00404 -0.01913
0.010000 -0.01453  0.00228  0.01227  0.02504 -0.01301
0.010000  0.00368  0.02338  0.00760  0.02593 -0.00612
0.010000 -0.00426 -0.02902 -0.00884 -0.02881  0.02854
0.010000 -0.00161  0.00518 -0.01284 -0.01367 -0.02485
0.010000 -0.03419 -0.04869 -0.02455 -0.03086 -0.01466
0.010000 -0.00293 -0.00958  0.02304  0.01420  0.05045
0.010000  0.00569  0.00965 -0.00732  0.00240 -0.01146
0.010000  0.00037  0.02363 -0.01620  0.02112 -0.02011
0.010000 -0.01597  0.01297  0.01813  0.01333  0.03148
0.010000  0.00842  0.00588  0.00487  0.01039  0.04033
0.010000 -0.03429 -0.02621 -0.02626 -0.00224  0.01288
0.010000  0.01709  0.01458  0.02985  0.00821 -0.00456
0.010000 -0.00760 -0.01212 -0.01239 -0.01560 -0.02088
0.010000  0.02106  0.00760  0.01087  0.01388 -0.01071
0.010000 -0.00693 -0.00297 -0.01135  0.01262  0.00150
0.010000 -0.00029  0.02171  0.03243  0.00152 -0.00353
0.010000 -0.00964  0.01083 -0.02131  0.01629 -0.00549
0.010000 -0.00360 -0.01070 -0.00734 -0.02218  0.03616
0.010000  0.00502  0.02272  0.00451  0.00797 -0.00197
0.010000  0.00911  0.00426  0.01488 -0.00538  0.01048
0.010000  0.02536  0.01905 -0.00042  0.00012 -0.01581
0.010000  0.02817  0.03652  0.01323  0.00822  0.00647
0.010000 -0.03012 -0.00703  0.01136  0.01771 -0.01147
0.010000 -0.00626 -0.02172  0.00676  0.00583  0.00153
0.010000  0.04291  0.03625  0.00433  0.00031  0.03148
0.010000  0.01864  0.00238  0.01478  0.01448 -0.00092
0.010000 -0.00227 -0.00502  0.01284  0.01743  0.01689
0.010000 -0.02713 -0.01777 -0.01884 -0.00375 -0.03128
0.010000  0.04390  0.04039  0.04119  0.02734  0.02660
0.010000  0.01409  0.01965 -0.00081  0.00630 -0.01389
0.010000  0.00773 -0.02017 -0.01185 -0.00448  0.00620
0.010000 -0.02288 -0.03332 -0.00850 -0.01141 -0.01737
0.010000  0.00301 -0.01968  0.00800  0.00250  0.02370
0.010000  0.01483 -0.00803 -0.00778 -0.00271  0.02854
0.010000  0.00981  0.00038  0.00050 -0.00371 -0.01640
0.010000  0.02915  0.02450  0.02796 -0.00408  0.02758
0.010000  0.03342  0.03824  0.02811  0.00025  0.03958
0.010000  0.00103  0.00007 -0.00880  0.00079 -0.02318
0.010000 -0.00828 -0.01171 -0.00916 -0.02409 -0.01608
0.010000 -0.02986 -0.02441 -0.02355 -0.00373  0.00155
0.010000 -0.02538 -0.03939 -0.02646 -0.01222 -0.00059
0.010000  0.02188  0.00645  0.01319  0.01083 -0.00955
0.010000 -0.01671  0.01504 -0.01141  0.01185 -0.01921
0.010000  0.02627  0.02751 -0.00502  0.01687 -0.00954
0.010000 -0.01171  0.00420  0.01922  0.02079  0.00214
0.010000  0.03230  0.00798  0.05691 -0.00672  0.07916
0.010000  0.01192 -0.02124  0.02019 -0.00543  0.03259
0.010000  0.03709  0.03320 -0.00070 -0.00183 -0.01246
0.010000 -0.02207 -0.02597 -0.00411 -0.02694  0.03393
0.010000 -0.02802 -0.00888 -0.01151  0.01873 -0.02746
0.010000 -0.02893 -0.01294 -0.02556 -0.01919  0.01797
0.010000 -0.02625  0.00014 -0.00553 -0.01467  0.01624
0.010000  0.00235 -0.01588 -0.01231 -0.04026  0.02327
0.010000 -0.01033  0.00065 -0.01585  0.00873 -0.01742
0.010000 -0.00492  0.00937 -0.00405  0.01964  0.02898
0.010000 -0.01241 -0.00984 -0.01067 -0.02191  0.00572
0.010000 -0.01311 -0.02696  0.00543 -0.06074  0.02915
0.010000 -0.00559 -0.00698 -0.00407  0.01088 -0.00726
0.010000  0.01264  0.02547 -0.00821  0.01302 -0.02356
0.010000 -0.03351 -0.02679 -0.02371  0.00497 -0.01529
0.010000  0.01786  0.01672  0.00962  0.01104  0.02579
0.010000  0.00637  0.02476  0.02018  0.02436  0.01976
0.010000  0.03122  0.02268  0.03662  0.01566 -0.00159
0.010000  0.02024  0.00806  0.00997  0.00714  0.01965
0.010000  0.01336  0.01690 -0.00080  0.01305 -0.01448
0.010000  0.03844  0.03255  0.01008 -0.01489  0.01360
0.010000  0.00435  0.01636  0.00502  0.02291 -0.01899
0.010000  0.02721  0.01424  0.03329  0.01960  0.05799
0.010000 -0.01819 -0.01582 -0.02405  0.00636 -0.02964
0.010000  0.03459  0.03989  0.03632  0.02339  0.03715
0.010000 -0.01972 -0.00914 -0.00333  0.01425 -0.01075
0.010000 -0.02049 -0.01357 -0.00467  0.01666 -0.01560
0.010000  0.02446  0.01954  0.02579  0.02262 -0.00443
0.010000  0.03985  0.03838  0.01536  0.02404 -0.02467
0.010000  0.02273  0.00955 -0.00517 -0.00146 -0.01235
0.010000 -0.03265 -0.01928  0.00407  0.02189 -0.01775
0.010000  0.01558  0.00179  0.00394 -0.01810 -0.00438
0.010000 -0.02370 -0.00412  0.01004  0.02396  0.03288
0.010000 -0.00095  0.02879 -0.00276  0.01821 -0.02534
0.010000  0.01633  0.02497  0.00575 -0.01276 -0.01585
0.010000  0.01121  0.02083 -0.01235  0.01350 -0.00472
0.010000 -0.01525 -0.01737 -0.01057 -0.03298 -0.02194
0.010000 -0.03079 -0.06097 -0.01409 -0.05255  0.02133
0.010000 -0.00896 -0.01383 -0.01670  0.00449  0.03451
0.010000  0.03581  0.03358  0.03335  0.00958  0.01393
0.010000  0.02359  0.02865  0.04504  0.02513  0.00551
0.010000  0.04438  0.04172  0.02958  0.01529  0.00946
0.010000  0.01051 -0.00534  0.04098  0.02158  0.03668
0.010000 -0.01102 -0.05269 -0.00108 -0.02687  0.04750
0.010000 -0.01895  0.00779  0.01075  0.02856 -0.00800
0.010000  0.00705 -0.01747 -0.01175 -0.03045  0.03366
