# Scenario generation method from a paper by Hoyland, Kaut & Wallace
# Code by Michal Kaut (michal.kaut@iot.ntnu.n) & Diego Mathieu

#   prob   var  1   var  2   var  3   var  4   var  5
0.010000  0.08762  0.01674  0.07848  0.04168  0.04605
0.010000 -0.00234  0.00813 -0.00682 -0.01734  0.02913
0.010000  0.04077  0.01897  0.01682  0.01712  0.01637
0.010000 -0.02923 -0.00330 -0.01518 -0.02004  0.03113
0.010000 -0.03464 -0.02084 -0.01549  0.00668  0.03001
0.010000  0.03431  0.01323  0.01031 -0.01268  0.00563
0.010000 -0.00717 -0.00839 -0.00501 -0.00013  0.01739
0.010000  0.02710 -0.00558  0.00264  0.04051 -0.00802
0.010000  0.04432  0.03065  0.02352 -0.00804  0.01724
0.010000 -0.01370 -0.01611 -0.01423 -0.00427 -0.02548
0.010000  0.01345  0.01481 -0.00191 -0.01912  0.04923
0.010000  0.01936 -0.00261 -0.00164  0.07129 -0.00840
0.010000 -0.03077 -0.02093 -0.01824  0.06503 -0.02196
0.010000 -0.03338 -0.02095 -0.01859  0.05212 -0.06491
0.010000 -0.01462 -0.01265 -0.00707 -0.00187 -0.02246
0.010000  0.05459  0.01231  0.01870  0.01310  0.05584
0.010000  0.02443  0.02701  0.00584 -0.02021 -0.00472
0.010000 -0.03543 -0.00538  0.03080  0.05828  0.00577
0.010000  0.01119  0.00953 -0.00379  0.02570  0.03267
0.010000  0.02575  0.00395  0.00295 -0.00819  0.05304
0.010000  0.00063 -0.01142 -0.00991 -0.00113  0.01747
0.010000 -0.03001 -0.00214 -0.01806  0.02921  0.02123
0.010000 -0.03221 -0.02085  0.02970  0.07791  0.00092
0.010000  0.04815  0.00007  0.02102  0.07794  0.05092
0.010000  0.05953  0.02232  0.03926  0.05429 -0.02040
0.010000  0.06227  0.02807  0.04442  0.05664  0.05637
0.010000  0.02313 -0.00015  0.00115  0.03816  0.07705
0.010000  0.01576 -0.00452 -0.00376  0.00927  0.04417
0.010000  0.00899 -0.00455 -0.00359  0.00650  0.00130
0.010000 -0.03411 -0.01390 -0.00369 -0.00795  0.06914
0.010000 -0.02346 -0.01342 -0.01303 -0.01312  0.04604
0.010000 -0.03510  0.00027  0.01635 -0.00024  0.07786
0.010000 -0.01093 -0.00945 -0.00322 -0.00656  0.04583
0.010000 -0.01278  0.00839 -0.00712 -0.01430 -0.00775
0.010000 -0.00622  0.00903 -0.00695 -0.01853 -0.05162
0.010000  0.01008  0.02846  0.00106 -0.01451 -0.01939
0.010000  0.04620  0.03464  0.02534 -0.01646  0.01348
0.010000 -0.02485  0.00354 -0.01286 -0.01986  0.00114
0.010000 -0.00906 -0.01967 -0.01009  0.05610 -0.01651
0.010000 -0.02261  0.00055 -0.01386 -0.02019  0.02253
0.010000  0.03132  0.01270  0.00823  0.06798  0.01245
0.010000  0.05019  0.00546  0.02342  0.05442  0.05320
0.010000  0.01814  0.01093 -0.00275  0.05299 -0.00119
0.010000  0.00266 -0.00182 -0.00569  0.06875  0.01112
0.010000 -0.03288 -0.02085 -0.01840  0.06508 -0.06104
0.010000  0.00578 -0.01072 -0.00420  0.02475  0.00977
0.010000 -0.02087  0.02037  0.00414 -0.01199  0.04796
0.010000  0.03908  0.02235  0.01657 -0.01662  0.03771
0.010000 -0.00136  0.00708  0.00018 -0.01601 -0.00004
0.010000  0.03280  0.01839  0.01051 -0.01541  0.07968
0.010000 -0.00526 -0.01108 -0.01018 -0.00445  0.01771
0.010000 -0.01822  0.01561 -0.00896 -0.02006 -0.00148
0.010000 -0.03545 -0.02079 -0.01615  0.01057 -0.05784
0.010000 -0.02174  0.01822 -0.01189 -0.02197  0.05707
0.010000 -0.03352  0.00651 -0.01606  0.00903  0.01959
0.010000 -0.02516 -0.01942 -0.01107  0.05843  0.01152
0.010000  0.00791  0.01716  0.00027  0.01185  0.00602
0.010000  0.00369 -0.01290 -0.00660  0.00333 -0.01823
0.010000 -0.01186 -0.01590  0.00306  0.01243 -0.00615
0.010000 -0.02682  0.00086 -0.01274 -0.01979 -0.05983
0.010000  0.06525  0.01965  0.04633  0.00778  0.03003
0.010000  0.01694  0.00124 -0.00211 -0.00670 -0.03428
0.010000 -0.03150 -0.01943 -0.00832  0.01496  0.03901
0.010000 -0.00332  0.00475 -0.00987 -0.01904  0.05505
0.010000  0.03744  0.03536  0.01786  0.02956  0.06121
0.010000  0.06852  0.02340  0.01012  0.04804 -0.00674
0.010000  0.01231  0.02089  0.00194  0.03124  0.06241
0.010000  0.03585  0.00938  0.00685 -0.00488  0.07254
0.010000  0.02059 -0.00636 -0.00121  0.02511  0.03859
0.010000  0.02185  0.02928  0.00459 -0.01999 -0.05083
0.010000 -0.00429  0.02410 -0.00788  0.01076  0.01734
0.010000 -0.03566 -0.01881 -0.01434  0.03904  0.03629
0.010000 -0.01643  0.00078  0.00102  0.02449 -0.02247
0.010000  0.07220  0.00812  0.01397  0.06856 -0.02510
0.010000 -0.02844 -0.01269  0.01914  0.04253 -0.01244
0.010000  0.05698  0.03746  0.03968 -0.01749  0.06800
0.010000 -0.03069 -0.01192 -0.00292  0.07158 -0.00863
0.010000 -0.01000 -0.00212 -0.00180 -0.00289 -0.01077
0.010000 -0.01733 -0.00594 -0.01162  0.01679 -0.00127
0.010000 -0.02432 -0.00643 -0.00516 -0.01292 -0.00968
0.010000  0.05234 -0.00048  0.02524  0.07832  0.02033
0.010000  0.04252  0.01531  0.01838  0.05429  0.03283
0.010000  0.02848  0.01016  0.00569 -0.00552  0.02151
0.010000  0.00164 -0.01249 -0.01022  0.07199  0.02415
0.010000 -0.01552 -0.01045 -0.01307  0.04001 -0.05506
0.010000  0.00683  0.00891  0.00017 -0.01699 -0.02249
0.010000  0.00473  0.00937 -0.00649 -0.01211  0.03229
0.010000 -0.03476 -0.00813 -0.01604  0.02353 -0.01819
0.010000 -0.00036  0.00295 -0.00146  0.00023 -0.04563
0.010000 -0.00188  0.00100 -0.00417  0.01928  0.02267
0.010000  0.08149  0.01693  0.07051  0.02163  0.08329
0.010000 -0.01911 -0.01076 -0.00001  0.07367 -0.05234
0.010000 -0.02764 -0.01667 -0.01514  0.02203  0.02356
0.010000 -0.02600  0.00811 -0.01434 -0.02123 -0.00311
0.010000  0.02989  0.01288  0.00713  0.00883 -0.00975
0.010000  0.07643  0.01523  0.04382  0.07743  0.00763
0.010000  0.01460  0.01200 -0.00201 -0.01700  0.02405
0.010000 -0.00812  0.01542 -0.00197  0.01771  0.00774
0.010000 -0.03569 -0.01382  0.00843  0.04519  0.04290
0.010000 -0.01999 -0.01618  0.00679  0.03421  0.00170
