# Scenario generation method from a paper by Hoyland, Kaut & Wallace
# Code by Michal Kaut (michal.kaut@iot.ntnu.n) & Diego Mathieu

#   prob   var  1   var  2   var  3   var  4   var  5
0.010000 -0.00171 -0.00435 -0.00444 -0.01371 -0.01982
0.010000  0.03136  0.05951 -0.00897  0.01157  0.00145
0.010000  0.00767 -0.01583 -0.01584  0.00616 -0.00783
0.010000  0.02389 -0.00644 -0.00679  0.02541 -0.01365
0.010000 -0.00009 -0.01440 -0.00443 -0.00572 -0.01883
0.010000 -0.03638  0.00209  0.00132  0.00040 -0.02529
0.010000 -0.01796 -0.02478 -0.02742 -0.02325 -0.02290
0.010000 -0.01718  0.01062 -0.02321 -0.03406 -0.01665
0.010000  0.01665  0.00482 -0.02973 -0.00423 -0.00722
0.010000  0.02667  0.00731 -0.00712  0.00416 -0.01225
0.010000 -0.03233 -0.02566 -0.02079 -0.04838 -0.02910
0.010000 -0.00643  0.01395 -0.00479 -0.00349 -0.00655
0.010000 -0.00251  0.03760 -0.01005  0.00382 -0.01607
0.010000 -0.00874  0.01562  0.03095 -0.00367  0.00116
0.010000 -0.01874 -0.01109 -0.02626 -0.02805 -0.01487
0.010000 -0.06404 -0.03826  0.00842 -0.05391  0.01975
0.010000 -0.01563 -0.01509 -0.01187 -0.01555 -0.02319
0.010000 -0.04667 -0.03606  0.00085 -0.02744  0.02714
0.010000 -0.00090 -0.02729 -0.01977 -0.01636 -0.00692
0.010000 -0.01486 -0.03313 -0.01785 -0.01260 -0.02066
0.010000 -0.02605 -0.02633 -0.01147 -0.01243 -0.02497
0.010000  0.01146 -0.01398  0.01538 -0.00709  0.01616
0.010000  0.02258  0.00275  0.01300  0.02161 -0.00596
0.010000 -0.03138 -0.03899 -0.01727 -0.02585  0.01580
0.010000 -0.02437 -0.00705 -0.00646 -0.01006 -0.02253
0.010000 -0.00797  0.02105 -0.01785 -0.00019  0.00335
0.010000  0.01347 -0.00067  0.01641  0.00816 -0.00115
0.010000  0.00241 -0.00865 -0.00654 -0.01032 -0.00272
0.010000  0.00860 -0.01071  0.03843  0.01918 -0.03599
0.010000  0.01049  0.03481  0.04938  0.01388  0.00866
0.010000  0.01246  0.01280 -0.01454  0.00305  0.00660
0.010000  0.04708  0.01155  0.00074  0.02520 -0.00474
0.010000  0.00412 -0.00469  0.00079  0.02700  0.00126
0.010000  0.00326 -0.02124 -0.00516 -0.02121  0.00353
0.010000 -0.05244 -0.02666  0.00824 -0.01195 -0.02960
0.010000  0.02815  0.03970  0.04573  0.03342  0.02283
0.010000  0.04148  0.02397  0.02340  0.04114  0.01336
0.010000 -0.02690 -0.03809 -0.00840 -0.05987 -0.02292
0.010000 -0.04229 -0.04123 -0.04152 -0.07291  0.00926
0.010000 -0.02520 -0.00266 -0.01045 -0.01090 -0.02463
0.010000 -0.02777 -0.02836  0.02465  0.00950 -0.00438
0.010000  0.00587  0.03587 -0.00310  0.01037  0.00988
0.010000 -0.03746 -0.02756 -0.02620 -0.03671 -0.03175
0.010000 -0.02954 -0.00518 -0.00681 -0.02638  0.00087
0.010000  0.02525  0.05599  0.00820  0.02534  0.02034
0.010000 -0.00566  0.00873  0.00248 -0.00379 -0.00074
0.010000 -0.01104 -0.02579 -0.00072 -0.00156 -0.00175
0.010000  0.03496  0.04235 -0.00516  0.02367 -0.00103
0.010000 -0.04838 -0.03268 -0.00143 -0.03128 -0.03003
0.010000 -0.00409 -0.02373 -0.00645  0.01871 -0.01807
0.010000  0.03310 -0.00030  0.01573  0.01542  0.00469
0.010000 -0.05831 -0.04175 -0.03494 -0.07353 -0.03135
0.010000 -0.01333 -0.03412 -0.00412 -0.04073 -0.01414
0.010000  0.01557  0.04029  0.03991  0.02548 -0.01091
0.010000  0.00954 -0.02029 -0.02436  0.00559 -0.01992
0.010000  0.02971 -0.00354 -0.03738  0.00535 -0.00421
0.010000  0.01451 -0.01210 -0.01305  0.00456 -0.01628
0.010000 -0.02865 -0.03265 -0.00103 -0.02079 -0.02170
0.010000 -0.03430 -0.04048 -0.02459 -0.02488 -0.02466
0.010000 -0.03532 -0.04060 -0.04526 -0.06054 -0.03715
0.010000  0.04411  0.00934  0.04834  0.08534 -0.00136
0.010000  0.00157  0.00475  0.00173  0.01115 -0.01586
0.010000 -0.00951 -0.02204 -0.00770  0.00339 -0.02197
0.010000 -0.00488 -0.00978  0.00162 -0.02193 -0.01365
0.010000 -0.05501 -0.04211 -0.02818 -0.04416  0.00353
0.010000 -0.01180 -0.00870 -0.01420 -0.02322 -0.02079
0.010000 -0.01027 -0.03059  0.01162 -0.01086 -0.01148
0.010000  0.05053  0.01337 -0.02598  0.01214  0.00447
0.010000 -0.02032 -0.01787 -0.02675 -0.03676 -0.02150
0.010000  0.01892  0.05527  0.01241  0.03150  0.00150
0.010000 -0.02192 -0.03698 -0.02836 -0.02323 -0.02301
0.010000  0.02132  0.01009  0.01449  0.03322 -0.00460
0.010000 -0.02273 -0.03169 -0.01373 -0.01791 -0.02163
0.010000  0.08464  0.08327  0.00892  0.06584  0.04834
0.010000 -0.03330  0.00763 -0.01722 -0.02670 -0.00702
0.010000  0.02010 -0.00650 -0.03176 -0.00874  0.00622
0.010000 -0.02354 -0.01092  0.01462 -0.02201 -0.01948
0.010000 -0.01410 -0.00501 -0.01524 -0.02183 -0.00377
0.010000  0.00499  0.02161 -0.01430 -0.03338 -0.01064
0.010000  0.00677  0.07467  0.03452  0.03070  0.02092
0.010000 -0.04510 -0.04124  0.04381 -0.02512 -0.01334
0.010000 -0.01257 -0.02769  0.00317 -0.02166 -0.00594
0.010000 -0.03045 -0.03923 -0.03135 -0.02411 -0.01217
0.010000  0.03912  0.02256  0.00196  0.01082  0.02350
0.010000 -0.03859 -0.03879 -0.00587 -0.02759 -0.01249
0.010000 -0.03977 -0.04109 -0.01240 -0.02798 -0.02958
0.010000 -0.02111 -0.03280  0.00454 -0.01146 -0.01302
0.010000 -0.01641 -0.00809  0.01007 -0.01209  0.00418
0.010000  0.01777  0.05116  0.00683  0.01843 -0.00659
0.010000 -0.04365 -0.00315  0.02691 -0.02383 -0.01464
0.010000  0.05467  0.03009  0.00681  0.01753  0.00237
0.010000 -0.00330  0.00840 -0.01544 -0.00434 -0.00015
0.010000  0.03695  0.00138 -0.01716  0.06596 -0.00398
0.010000  0.06752  0.04009  0.03280  0.03715  0.00755
0.010000  0.00074 -0.02277  0.00889 -0.00162 -0.00783
0.010000  0.05995  0.05127 -0.00714  0.03011  0.02052
0.010000 -0.01953 -0.03553 -0.00249 -0.01751 -0.02031
0.010000 -0.00720 -0.01335  0.00178 -0.02044 -0.01348
0.010000 -0.04100 -0.04117 -0.02951 -0.05934 -0.03422
0.010000 -0.05027 -0.04172 -0.02527 -0.05626 -0.01841
