# Scenario generation method from a paper by Hoyland, Kaut & Wallace
# Code by Michal Kaut (michal.kaut@iot.ntnu.n) & Diego Mathieu

#   prob   var  1   var  2   var  3   var  4   var  5
0.010000  0.04641  0.05363 -0.02389  0.02105  0.02739
0.010000 -0.00128  0.00688 -0.01385 -0.02768  0.00856
0.010000  0.00385 -0.02241  0.01658  0.01458 -0.02275
0.010000 -0.01763  0.02421 -0.01740 -0.02210 -0.00542
0.010000  0.03083 -0.00837 -0.01808  0.00637 -0.00282
0.010000 -0.05090 -0.05949 -0.00197 -0.06230 -0.01630
0.010000  0.00124 -0.02171  0.00297 -0.00760 -0.00143
0.010000 -0.02071  0.01510 -0.02436 -0.01353 -0.00663
0.010000 -0.01534 -0.03965 -0.02290 -0.00740 -0.00034
0.010000 -0.01382 -0.02282 -0.00340  0.00033 -0.01911
0.010000  0.05528  0.02515 -0.00052  0.01961  0.02540
0.010000  0.01709  0.04379  0.04451  0.02558  0.02818
0.010000 -0.01077 -0.00689 -0.04918 -0.03253 -0.01755
0.010000  0.00566 -0.01044 -0.00587  0.01053 -0.01355
0.010000  0.02706  0.03135  0.00100  0.02415 -0.00925
0.010000  0.00948  0.01546 -0.00393  0.01240 -0.00595
0.010000 -0.03047 -0.01883 -0.00215 -0.01723 -0.00605
0.010000  0.00210 -0.01685  0.01248  0.00229  0.00354
0.010000 -0.03988 -0.04979 -0.01392 -0.02300 -0.02485
0.010000 -0.03223 -0.03080  0.01509  0.00377 -0.04520
0.010000 -0.00768 -0.00300  0.00278 -0.00728  0.00063
0.010000  0.01475  0.00751  0.02073  0.02309 -0.00176
0.010000 -0.00612 -0.00411  0.03003  0.01101 -0.01756
0.010000 -0.00292  0.02766  0.02273  0.02209 -0.00178
0.010000  0.01364  0.01008 -0.02598  0.00051 -0.00124
0.010000  0.01960 -0.00001 -0.02103 -0.02146 -0.00620
0.010000 -0.03312 -0.01926  0.00183  0.00094 -0.01668
0.010000 -0.00690  0.00215 -0.04011 -0.00704 -0.00948
0.010000  0.01256  0.04883 -0.02020  0.00108  0.00142
0.010000  0.02886 -0.00414 -0.00908 -0.00118 -0.00018
0.010000  0.02234  0.02208  0.01166  0.02365 -0.01228
0.010000  0.02382  0.03039 -0.01630  0.02250  0.01513
0.010000  0.00659 -0.00954 -0.01454 -0.00558 -0.00458
0.010000  0.02094 -0.00469  0.00979 -0.00538 -0.00858
0.010000 -0.02793 -0.02953 -0.01663 -0.00447 -0.03820
0.010000 -0.03496 -0.01130 -0.02016 -0.03427 -0.01698
0.010000 -0.03686 -0.00647  0.01053 -0.00336 -0.03010
0.010000 -0.02962 -0.03192 -0.01462 -0.04386 -0.01236
0.010000 -0.02228  0.00836  0.00186 -0.00967  0.02731
0.010000 -0.01306 -0.02547 -0.01178 -0.00227  0.00863
0.010000 -0.04315 -0.01644 -0.00668 -0.03151 -0.00973
0.010000 -0.00846 -0.02368 -0.00770 -0.00425 -0.00314
0.010000  0.00753  0.03004 -0.00731 -0.02404  0.00758
0.010000 -0.01916 -0.00289 -0.02148 -0.00763  0.01590
0.010000 -0.04945 -0.02655 -0.02288 -0.07258  0.00966
0.010000  0.03300 -0.00106 -0.00994  0.02163  0.00544
0.010000  0.03545  0.03929  0.01986  0.02517  0.00123
0.010000 -0.07655 -0.02002 -0.02501 -0.05012 -0.00674
0.010000 -0.04093 -0.05703 -0.02288 -0.04378 -0.01310
0.010000  0.00039 -0.00746  0.02697  0.01035 -0.00331
0.010000 -0.02386 -0.00341  0.01316  0.00237  0.01138
0.010000 -0.03590 -0.00524 -0.00132 -0.00084 -0.01468
0.010000 -0.02307 -0.00965 -0.00205 -0.03181 -0.01684
0.010000 -0.03885 -0.04224 -0.01769 -0.04893 -0.00621
0.010000  0.00297  0.00978 -0.01274 -0.04342  0.01105
0.010000  0.00849  0.00575 -0.03422  0.01315 -0.01773
0.010000 -0.05244 -0.03496 -0.00614 -0.01742 -0.01474
0.010000  0.01150  0.01818 -0.01232  0.00889 -0.01873
0.010000 -0.00210 -0.01038 -0.00788  0.01068 -0.01909
0.010000 -0.06257 -0.04705  0.00689 -0.05160 -0.02575
0.010000  0.00475 -0.00572 -0.03352 -0.03578 -0.00636
0.010000 -0.05589 -0.04064  0.00519 -0.01677 -0.01352
0.010000 -0.03784 -0.03000 -0.02706 -0.01900 -0.01965
0.010000 -0.04431 -0.03111 -0.00161 -0.05484 -0.01169
0.010000 -0.04807 -0.01996 -0.02998 -0.06196 -0.00682
0.010000 -0.03134 -0.03616 -0.00784 -0.01956 -0.01953
0.010000 -0.00533  0.00182  0.00788  0.00162  0.00073
0.010000 -0.05410 -0.03309  0.00095 -0.03852 -0.03425
0.010000  0.04177  0.01982 -0.01452  0.02361 -0.00047
0.010000 -0.04202 -0.03127 -0.00124 -0.01350 -0.01275
0.010000 -0.00453 -0.03111 -0.00177 -0.00424 -0.03543
0.010000 -0.06955 -0.04052  0.02832 -0.04183 -0.02599
0.010000 -0.03403 -0.02408 -0.01445 -0.03901 -0.01075
0.010000 -0.06005 -0.01933 -0.01359 -0.07044  0.00380
0.010000 -0.01458  0.03608  0.03071  0.02222  0.01346
0.010000 -0.01230 -0.01975  0.00574 -0.02662 -0.00330
0.010000 -0.00045  0.06284  0.00957 -0.00501  0.02639
0.010000 -0.00923 -0.01690 -0.02090 -0.00880 -0.00584
0.010000 -0.02466 -0.02883 -0.01260 -0.01679 -0.01101
0.010000 -0.02628 -0.02453 -0.03120 -0.01991 -0.00730
0.010000  0.01590  0.00249 -0.01952  0.00726 -0.00646
0.010000 -0.01839  0.00444  0.02047 -0.01735  0.01121
0.010000 -0.02877 -0.01095  0.01666  0.00331 -0.01692
0.010000 -0.00373 -0.03833 -0.00558 -0.00539 -0.01361
0.010000 -0.02547 -0.03622 -0.02052 -0.03360 -0.02587
0.010000 -0.02149 -0.02125  0.02154 -0.03755  0.00485
0.010000 -0.06560 -0.01561 -0.01396 -0.05950 -0.01453
0.010000 -0.04551 -0.05010 -0.00093 -0.04949 -0.02778
0.010000  0.02539  0.00650  0.00665  0.02035  0.00635
0.010000  0.01048  0.03013  0.00692  0.00978 -0.00251
0.010000 -0.01153 -0.00634  0.02183 -0.00637 -0.00488
0.010000  0.01832  0.00601  0.00335  0.00077  0.00796
0.010000 -0.04676 -0.03015  0.01062 -0.00905 -0.02052
0.010000  0.03830 -0.00771  0.02377  0.02407  0.01290
0.010000 -0.01994 -0.03637  0.00336 -0.00510 -0.02701
0.010000 -0.01000 -0.00917  0.01258 -0.00946 -0.00224
0.010000 -0.02710 -0.01309 -0.03994 -0.02606 -0.02747
0.010000 -0.01610 -0.00571 -0.00994 -0.00316 -0.01488
0.010000 -0.01686 -0.02910 -0.00433 -0.00381 -0.02846
0.010000 -0.05785 -0.05279 -0.03561 -0.06850 -0.01936
