# Scenario generation method from a paper by Hoyland, Kaut & Wallace
# Code by Michal Kaut (michal.kaut@iot.ntnu.n) & Diego Mathieu

#   prob   var  1   var  2   var  3   var  4   var  5
0.010000  0.01025  0.00608  0.00913 -0.04055 -0.00729
0.010000 -0.01806 -0.00286 -0.01010  0.02126 -0.02557
0.010000 -0.03529  0.00146 -0.01085  0.00652 -0.02253
0.010000  0.01323 -0.01012  0.00643 -0.00103  0.00818
0.010000 -0.00398  0.00186 -0.00380  0.00154 -0.01278
0.010000 -0.01503 -0.00617 -0.00194 -0.01636 -0.00109
0.010000  0.00837  0.00122  0.00050  0.01225  0.00533
0.010000  0.01232 -0.01170 -0.00281  0.03271  0.04930
0.010000  0.00424 -0.00526  0.00754  0.00903 -0.00718
0.010000 -0.00942 -0.01009 -0.00871 -0.01157  0.01196
0.010000  0.00801  0.00803  0.00634  0.00976 -0.00889
0.010000 -0.01723  0.01044 -0.00810 -0.03050  0.01458
0.010000 -0.00760 -0.00364 -0.00865 -0.02780 -0.00280
0.010000 -0.00009  0.00170 -0.00607  0.01376  0.00299
0.010000  0.00558  0.00101  0.00046 -0.03870 -0.00009
0.010000 -0.00077 -0.00863 -0.00709 -0.00585  0.01023
0.010000 -0.01437 -0.00359 -0.00433  0.00584 -0.03335
0.010000 -0.01198 -0.01508 -0.00702 -0.00044  0.00298
0.010000 -0.02338 -0.01560  0.00168 -0.00534 -0.03531
0.010000  0.00730 -0.01322  0.00960 -0.00075 -0.00491
0.010000  0.00911 -0.00013  0.00269  0.01018  0.01896
0.010000  0.01065  0.00736  0.00586 -0.03383  0.00247
0.010000 -0.00552  0.00443 -0.00172 -0.01196 -0.01435
0.010000  0.01146  0.01085  0.00681 -0.01507  0.04652
0.010000 -0.02656 -0.01664 -0.00299  0.00922 -0.01628
0.010000  0.00525  0.00545  0.00339 -0.01702  0.00163
0.010000  0.00948 -0.00410  0.00970 -0.01921 -0.02512
0.010000 -0.01572  0.00257 -0.00411 -0.03460 -0.01288
0.010000  0.01872 -0.00210  0.00072  0.00368 -0.00517
0.010000  0.00874 -0.01363 -0.00199 -0.02599  0.00696
0.010000  0.00491 -0.00846  0.01535  0.00250  0.00313
0.010000  0.00358 -0.00697  0.01415 -0.00175 -0.01266
0.010000  0.01473 -0.00012  0.01601  0.00111 -0.01544
0.010000 -0.01143 -0.01598 -0.00277 -0.00752 -0.01437
0.010000 -0.03134 -0.02070 -0.00262 -0.02269 -0.00113
0.010000  0.00325 -0.00810  0.00424  0.00918 -0.00205
0.010000 -0.01991 -0.02043 -0.00523  0.00593 -0.03887
0.010000  0.02229 -0.01183  0.00750  0.01585 -0.00556
0.010000 -0.00436  0.00335 -0.00785 -0.04359  0.00407
0.010000 -0.00474 -0.01167 -0.00644 -0.00153 -0.01433
0.010000  0.00059 -0.00061  0.00846 -0.01061 -0.00151
0.010000 -0.02864 -0.01781 -0.00848  0.01253  0.00630
0.010000  0.01421 -0.00955  0.01809 -0.01904 -0.02155
0.010000  0.00592 -0.01462  0.00639  0.01520 -0.03016
0.010000  0.00225 -0.01076 -0.00333  0.00525 -0.01104
0.010000  0.01528  0.01447  0.01598 -0.01889 -0.00100
0.010000  0.01105 -0.01532 -0.00207  0.01862  0.02311
0.010000 -0.04466 -0.00939 -0.01150 -0.06244 -0.01110
0.010000 -0.01312 -0.00692 -0.00891 -0.00085  0.02315
0.010000 -0.01040  0.00476  0.00764 -0.02306 -0.01716
0.010000 -0.01091 -0.00236  0.00924 -0.03327 -0.02462
0.010000  0.00092 -0.00565 -0.00565  0.02173  0.01232
0.010000  0.00159 -0.00699  0.01646  0.00115 -0.01750
0.010000  0.02079 -0.00367 -0.00338  0.03401  0.00544
0.010000 -0.00849 -0.00084 -0.00545 -0.00045  0.00850
0.010000  0.00626 -0.00652  0.00577 -0.00747 -0.01427
0.010000  0.02509 -0.00277  0.01567  0.00725 -0.01130
0.010000  0.00766 -0.00281  0.01680 -0.00772 -0.02266
0.010000 -0.00894 -0.01576 -0.00876  0.00883  0.01876
0.010000 -0.00990 -0.00504  0.00624 -0.01123 -0.01465
0.010000 -0.01373 -0.00556  0.00044 -0.00463 -0.00038
0.010000 -0.02210 -0.01182 -0.01038  0.01097 -0.01678
0.010000  0.00695  0.00272 -0.00529 -0.00133 -0.00671
0.010000 -0.00324  0.01035  0.01016 -0.00059 -0.01770
0.010000  0.00192  0.00979 -0.00256 -0.02873  0.00687
0.010000  0.01587  0.00144  0.00575 -0.00015 -0.00291
0.010000 -0.00042  0.00309 -0.00465 -0.03585  0.02245
0.010000 -0.01254 -0.00872 -0.00480 -0.01155  0.00530
0.010000 -0.00717 -0.00879 -0.00289 -0.02011  0.02814
0.010000  0.00025 -0.01152  0.00085  0.01396  0.00733
0.010000 -0.00111  0.00354 -0.00515  0.01354  0.02292
0.010000  0.00126 -0.00966 -0.00732 -0.05014  0.02990
0.010000  0.00986 -0.00972  0.01669 -0.00280 -0.01544
0.010000  0.01716  0.01225 -0.00342  0.00776  0.00931
0.010000  0.01189  0.00190  0.00882 -0.00193 -0.00020
0.010000  0.01277 -0.00780 -0.00368  0.01389 -0.00923
0.010000  0.00661 -0.00183 -0.00514  0.01564  0.02079
0.010000 -0.01646 -0.00878  0.00989 -0.02635 -0.02788
0.010000  0.00291  0.00193 -0.00444 -0.04475  0.03274
0.010000  0.01371  0.00866  0.00507  0.00642  0.02520
0.010000  0.00258 -0.01362  0.00615  0.00165 -0.00988
0.010000 -0.00513 -0.01893  0.00551 -0.01432  0.01110
0.010000 -0.00146 -0.00906 -0.00359 -0.02829  0.00932
0.010000 -0.00251 -0.00582 -0.00749  0.00487 -0.00132
0.010000 -0.00674  0.00341 -0.00403 -0.00336  0.02805
0.010000 -0.00287 -0.00466 -0.00811  0.00484 -0.01133
0.010000  0.01790  0.01429 -0.00165 -0.01548  0.00250
0.010000 -0.00361 -0.01353  0.00994 -0.01070 -0.01326
0.010000  0.01966 -0.01068 -0.00112  0.01113  0.00012
0.010000  0.00458  0.00794  0.01285 -0.04975 -0.01831
0.010000 -0.00592 -0.00184 -0.00863  0.01766 -0.01765
0.010000  0.00391  0.00333 -0.00503 -0.02920  0.00901
0.010000 -0.02095  0.00250 -0.01047 -0.01577  0.00229
0.010000 -0.01895 -0.01981  0.00354  0.02428 -0.03145
0.010000  0.01649  0.00438  0.00188 -0.02814 -0.00278
0.010000 -0.00804  0.00620 -0.00891  0.01242 -0.01632
0.010000 -0.00633 -0.00734 -0.00309 -0.01579  0.00902
0.010000 -0.02485 -0.01114 -0.00788  0.00397 -0.00258
0.010000 -0.00181  0.01005  0.00183 -0.01073 -0.02106
0.010000 -0.00216 -0.00371 -0.00794 -0.01193  0.01494
