# Scenario generation method from a paper by Hoyland, Kaut & Wallace
# Code by Michal Kaut (michal.kaut@iot.ntnu.n) & Diego Mathieu

#   prob   var  1   var  2   var  3   var  4   var  5
0.010000  0.01183 -0.01429  0.00433  0.00929  0.01427
0.010000  0.00150 -0.00710  0.00623 -0.00679 -0.02211
0.010000  0.04645  0.00894  0.01020  0.00795  0.01820
0.010000  0.04158  0.06216  0.01285 -0.01316  0.02387
0.010000  0.00922  0.05789  0.01459  0.00075  0.00562
0.010000 -0.05615 -0.02300 -0.04262  0.00216  0.00876
0.010000 -0.01850 -0.03245 -0.00497  0.00405  0.03399
0.010000 -0.01230  0.03047  0.00367 -0.00582  0.00050
0.010000 -0.03596 -0.00465 -0.01090 -0.01144 -0.02996
0.010000 -0.04096  0.01448  0.00653 -0.00192 -0.03250
0.010000  0.02933  0.03478  0.01535  0.00474 -0.00736
0.010000  0.02114  0.00898  0.01216 -0.00971  0.01185
0.010000 -0.03971 -0.01100 -0.00638  0.01307 -0.01482
0.010000  0.03904  0.08791  0.01479  0.00357  0.02183
0.010000 -0.04719 -0.03225 -0.01613 -0.00989 -0.00578
0.010000  0.04691  0.01429 -0.00524  0.01777  0.02860
0.010000 -0.00230 -0.05768 -0.02786  0.00194  0.00775
0.010000  0.00792 -0.00624 -0.01020 -0.00923 -0.05248
0.010000  0.00278  0.00633  0.00443  0.00145 -0.00336
0.010000 -0.05940 -0.01205 -0.00388 -0.01036 -0.03643
0.010000 -0.01726 -0.04512 -0.03248  0.00284 -0.00357
0.010000 -0.05865 -0.02924 -0.01054 -0.00820 -0.01136
0.010000 -0.02099  0.00454 -0.00361  0.01523 -0.00796
0.010000 -0.02721  0.03026 -0.02225 -0.00443  0.01059
0.010000 -0.05663 -0.03247 -0.04106  0.01652 -0.00345
0.010000  0.01052  0.01990  0.01305  0.00068  0.01581
0.010000 -0.01604 -0.01609 -0.00564 -0.01516 -0.02278
0.010000  0.02658 -0.02220 -0.01612 -0.00083  0.00191
0.010000 -0.05440 -0.04912 -0.03391 -0.00099 -0.02255
0.010000 -0.01975 -0.03695 -0.02301 -0.00204  0.01482
0.010000 -0.00482  0.01349  0.00669 -0.00523 -0.00584
0.010000  0.04400  0.03930  0.01601 -0.00542  0.02203
0.010000 -0.04221  0.00186 -0.01150 -0.01010 -0.02003
0.010000  0.03071  0.02225  0.00635 -0.00279  0.00626
0.010000 -0.00607  0.01081  0.00669 -0.01353  0.00151
0.010000 -0.05324  0.00610 -0.05427 -0.00952 -0.02145
0.010000 -0.01478  0.00613  0.00506  0.01099 -0.01273
0.010000 -0.05767  0.02221 -0.00517  0.01782 -0.03669
0.010000 -0.00981 -0.03461 -0.03648  0.01287  0.01923
0.010000  0.02796  0.02859  0.01493  0.00977  0.01926
0.010000  0.04599  0.03598  0.01561 -0.00048  0.01090
0.010000 -0.04471  0.01517  0.00600 -0.00611 -0.03443
0.010000  0.03348 -0.00243  0.00086 -0.00258  0.00229
0.010000  0.02385 -0.00348 -0.01478  0.00288  0.00916
0.010000  0.04028  0.01397  0.01366 -0.01099  0.00520
0.010000 -0.00104 -0.03459 -0.02805 -0.00693  0.01910
0.010000  0.03210  0.02859  0.01244  0.00188  0.00054
0.010000 -0.06085 -0.02931 -0.03629  0.00993 -0.02853
0.010000 -0.06095  0.01137  0.00108  0.00461  0.00349
0.010000 -0.04842 -0.01859 -0.01219 -0.00808 -0.00273
0.010000 -0.04595 -0.00333 -0.00673  0.01800 -0.00859
0.010000  0.01979  0.05231  0.00042 -0.01086  0.00835
0.010000  0.04508  0.04140  0.01407  0.00139  0.00833
0.010000  0.04283  0.02391  0.00895  0.00084 -0.02308
0.010000 -0.06136 -0.04680 -0.02221  0.03015 -0.00475
0.010000 -0.01602  0.00352  0.00347 -0.01426  0.00154
0.010000 -0.04851 -0.03953 -0.04935 -0.01280 -0.01655
0.010000 -0.06033 -0.02758 -0.01058  0.00986  0.00051
0.010000 -0.03345 -0.05737 -0.01887 -0.00459 -0.03248
0.010000  0.01225  0.00067  0.00491 -0.00333  0.01691
0.010000  0.01579 -0.01809 -0.00720 -0.00435 -0.01197
0.010000  0.00663  0.00498  0.00702 -0.00148 -0.00581
0.010000  0.04456  0.06539  0.01552  0.00640 -0.00213
0.010000 -0.05553 -0.01629 -0.02093  0.00535  0.00766
0.010000 -0.00732 -0.03900 -0.00341  0.01180 -0.01392
0.010000  0.03486 -0.00371  0.00038  0.00640  0.02314
0.010000 -0.05086  0.01184  0.00128 -0.00346 -0.03283
0.010000 -0.02971 -0.01366 -0.01481 -0.01689  0.00493
0.010000  0.02521 -0.00642 -0.00807 -0.00428 -0.00210
0.010000 -0.03095 -0.00559 -0.00590  0.00665  0.00521
0.010000  0.00023  0.03888  0.01318 -0.01123  0.03297
0.010000 -0.03846  0.00810  0.00143  0.00162 -0.00446
0.010000  0.01446  0.02520  0.01024 -0.00827 -0.00068
0.010000 -0.03470  0.02474 -0.00608  0.00477 -0.01505
0.010000 -0.05206 -0.01782 -0.01248 -0.01412 -0.02976
0.010000  0.01712  0.03896  0.01279  0.01237  0.00792
0.010000  0.01845 -0.00468 -0.00974 -0.00241  0.02076
0.010000  0.02249  0.02895  0.01474 -0.01347 -0.01202
0.010000  0.03623  0.00815  0.01130 -0.01409  0.00352
0.010000 -0.03220 -0.05365 -0.02761  0.00639 -0.01609
0.010000  0.00406  0.02819  0.00179  0.00314  0.01903
0.010000 -0.05955 -0.00060 -0.01126 -0.00062 -0.02366
0.010000 -0.02472 -0.03138 -0.00337 -0.01573  0.00401
0.010000  0.03895  0.01766  0.00547 -0.00926  0.02505
0.010000 -0.03721  0.02810 -0.00869  0.02053  0.01147
0.010000 -0.04964 -0.03232 -0.01907 -0.00064  0.00623
0.010000 -0.00857 -0.02109 -0.00437  0.01278  0.00988
0.010000 -0.01105  0.01043  0.00230 -0.00189 -0.01954
0.010000  0.00534  0.02959  0.01287 -0.00542  0.00314
0.010000  0.03760  0.04234  0.01615  0.01128  0.01187
0.010000 -0.02846  0.04778  0.00646 -0.00833  0.01068
0.010000 -0.01354  0.05823  0.01253  0.01226 -0.02849
0.010000 -0.02223 -0.00162 -0.03960 -0.00290  0.02135
0.010000  0.04665  0.01773  0.01458 -0.00655  0.00781
0.010000 -0.06133 -0.01565 -0.00571 -0.00704 -0.02908
0.010000 -0.02348 -0.05772 -0.01615  0.00388 -0.03362
0.010000  0.01315  0.04099  0.01525  0.00142  0.00167
0.010000 -0.04346  0.03577 -0.01773  0.00240  0.00818
0.010000 -0.00356 -0.02794 -0.00048 -0.00319 -0.00522
0.010000 -0.02597 -0.02974 -0.01895  0.01194  0.00161
