# Scenario generation method from a paper by Hoyland, Kaut & Wallace
# Code by Michal Kaut (michal.kaut@iot.ntnu.n) & Diego Mathieu

#   prob   var  1   var  2   var  3   var  4   var  5
0.010000 -0.01787 -0.01921 -0.02498  0.00630  0.01981
0.010000  0.05306  0.02856  0.01435 -0.00164  0.02657
0.010000 -0.04527 -0.02664 -0.01896  0.01667 -0.00986
0.010000 -0.06222 -0.00037 -0.02086  0.00609 -0.02918
0.010000 -0.03395 -0.00725 -0.00337 -0.00459 -0.01039
0.010000  0.01850 -0.01268 -0.00027  0.00507  0.00028
0.010000 -0.03813  0.00284 -0.01367  0.00969 -0.00910
0.010000  0.00662 -0.00851 -0.01526 -0.00038  0.01961
0.010000  0.01317  0.02409  0.00713 -0.00853 -0.00890
0.010000 -0.05261 -0.01126 -0.02431 -0.00039 -0.03394
0.010000 -0.01527  0.02253 -0.00160  0.01180  0.00279
0.010000 -0.01397  0.00601  0.00635 -0.00731 -0.02043
0.010000 -0.03533  0.00796  0.00309  0.00374 -0.01214
0.010000 -0.00623  0.01369 -0.02071 -0.00199  0.00104
0.010000  0.01449 -0.01277 -0.00899  0.00425  0.02155
0.010000  0.05950  0.00680 -0.00218 -0.00392  0.01615
0.010000  0.04610  0.02848  0.01827 -0.00160  0.01170
0.010000 -0.02181 -0.03145 -0.00907  0.00209 -0.01076
0.010000  0.00792  0.03490  0.00423 -0.00214  0.00114
0.010000 -0.02984  0.02124 -0.00172 -0.01396 -0.03054
0.010000  0.04139  0.04499  0.01697 -0.00911  0.01985
0.010000  0.02815  0.01863  0.01465 -0.01182 -0.00688
0.010000  0.02957  0.01878  0.00466  0.00691  0.00486
0.010000  0.00146  0.00144 -0.01932  0.00237  0.00444
0.010000  0.04294  0.04071  0.01479  0.00187  0.03183
0.010000 -0.01657  0.02491 -0.00253 -0.01656 -0.03137
0.010000  0.03244 -0.08731 -0.01310 -0.01088  0.02185
0.010000  0.06612  0.04725  0.01209  0.02474  0.01768
0.010000  0.00403 -0.01724 -0.01837  0.01483  0.02656
0.010000  0.01185  0.07048  0.00265 -0.00969  0.03011
0.010000  0.01053  0.03274  0.01187 -0.00468  0.00160
0.010000  0.02122  0.00806 -0.01400 -0.02365  0.01559
0.010000 -0.04090  0.00346 -0.03909 -0.00569 -0.00827
0.010000  0.05777  0.05017  0.02386 -0.02258  0.01615
0.010000  0.03390  0.04352  0.01228  0.00883 -0.00442
0.010000 -0.05833 -0.00505 -0.01217 -0.01546 -0.04554
0.010000  0.03835  0.03525  0.01964  0.00978  0.02716
0.010000 -0.03120  0.01099  0.00165 -0.00156 -0.03108
0.010000  0.00274 -0.01374  0.00117 -0.00165 -0.00342
0.010000  0.03536 -0.00539 -0.00362  0.00592  0.03095
0.010000 -0.03257 -0.01568 -0.01845 -0.00431 -0.03220
0.010000 -0.06080 -0.01183 -0.00798  0.01017 -0.03317
0.010000  0.05605  0.05093  0.00677 -0.01035  0.01304
0.010000 -0.04966  0.01356 -0.00678  0.00125  0.00911
0.010000  0.00017  0.00183 -0.00055  0.00433 -0.00802
0.010000  0.02396  0.00399  0.00494  0.00667  0.00088
0.010000 -0.00495  0.02420  0.00603 -0.01061 -0.01990
0.010000  0.03685  0.03337  0.00659  0.00627  0.02352
0.010000 -0.00367  0.01302  0.00450  0.00938  0.01482
0.010000 -0.01138 -0.02578 -0.01262 -0.00735 -0.03658
0.010000  0.05098  0.00485  0.00908  0.00609  0.01390
0.010000 -0.04096 -0.00826 -0.00901 -0.02643 -0.02602
0.010000  0.01716  0.01321 -0.00136  0.00547  0.00532
0.010000  0.02535  0.03296 -0.01573 -0.01305  0.00780
0.010000 -0.01918  0.01222 -0.00138  0.00568  0.00542
0.010000 -0.04673 -0.02905 -0.02166  0.01990  0.02535
0.010000 -0.02314  0.00511  0.00096 -0.00283  0.01251
0.010000  0.05434  0.01592  0.01323  0.01871  0.00142
0.010000  0.03986  0.03710  0.00482  0.00450  0.01482
0.010000 -0.02714 -0.01530 -0.03357 -0.00040  0.00078
0.010000  0.01582  0.03705  0.00550 -0.00609 -0.00573
0.010000 -0.05553 -0.00370 -0.03688 -0.01857 -0.02362
0.010000  0.05265  0.00761  0.00799  0.00724  0.02481
0.010000 -0.00752  0.01245  0.00962  0.00534 -0.00063
0.010000 -0.05695  0.01286 -0.02389 -0.00816 -0.00792
0.010000 -0.01267 -0.00049  0.00080 -0.00881 -0.02427
0.010000  0.06796  0.05108  0.01235 -0.00535  0.02080
0.010000  0.01986  0.01090  0.01332  0.00764  0.00701
0.010000  0.03100 -0.00698  0.00383 -0.00796  0.00087
0.010000  0.02674 -0.00684 -0.00315  0.01184  0.01475
0.010000 -0.00111  0.00485 -0.00190  0.00203 -0.01809
0.010000 -0.02849 -0.01904  0.00037  0.00280 -0.00177
0.010000 -0.02580 -0.03010 -0.01323  0.00616 -0.03738
0.010000 -0.04383 -0.02199 -0.01430  0.02170 -0.00477
0.010000  0.04451 -0.00173  0.00464  0.03077  0.00161
0.010000  0.00922  0.00615 -0.00202  0.00339 -0.01157
0.010000  0.06736  0.05511  0.01264 -0.00595  0.04299
0.010000 -0.03672 -0.03567 -0.01968 -0.00002 -0.04734
0.010000 -0.06178 -0.04017 -0.01339 -0.00122 -0.02402
0.010000 -0.02050 -0.02145 -0.02029  0.01073  0.00327
0.010000 -0.05964 -0.00473 -0.00391 -0.01548 -0.00983
0.010000 -0.00880  0.02591 -0.00441  0.00577 -0.02116
0.010000 -0.05889  0.01182 -0.05461 -0.00594  0.00787
0.010000  0.06459  0.00646 -0.00239  0.01213  0.00042
0.010000  0.04770  0.04354  0.01945  0.00184 -0.00067
0.010000 -0.06174  0.00124 -0.00548 -0.00776 -0.01182
0.010000 -0.04819  0.01357 -0.00607  0.01040  0.00227
0.010000 -0.02447 -0.02438 -0.00180 -0.00037 -0.01608
0.010000  0.06294  0.01509  0.00308  0.00686 -0.00278
0.010000 -0.01009 -0.02491 -0.02309  0.01527 -0.01562
0.010000  0.06123  0.01007  0.00315  0.01092 -0.01554
0.010000 -0.05407 -0.04339 -0.04495 -0.00094  0.00121
0.010000  0.04933  0.04348  0.01564  0.00475  0.04049
0.010000  0.06669  0.04756  0.01971 -0.00303 -0.00873
0.010000 -0.05113 -0.03250 -0.03891  0.00569 -0.00069
0.010000 -0.03954  0.01605  0.00163 -0.01681 -0.01838
0.010000  0.00532  0.00430 -0.00350 -0.00117 -0.00376
0.010000 -0.00239  0.03074  0.00459 -0.01626  0.00345
0.010000  0.02258 -0.00082 -0.02358  0.00928  0.02612
0.010000 -0.04239 -0.01913 -0.02174 -0.01768 -0.02108
