# Scenario generation method from a paper by Hoyland, Kaut & Wallace
# Code by Michal Kaut (michal.kaut@iot.ntnu.n) & Diego Mathieu

#   prob   var  1   var  2   var  3   var  4   var  5
0.010000  0.05015  0.05740  0.00683  0.02185 -0.03036
0.010000 -0.03802 -0.01130 -0.00546 -0.01300 -0.07372
0.010000 -0.04793 -0.04198 -0.01447  0.00452  0.00215
0.010000 -0.00386 -0.02929  0.00629 -0.01339 -0.00895
0.010000 -0.02156 -0.03163 -0.00721  0.02699 -0.00673
0.010000  0.04429  0.04861  0.00213  0.02208  0.00765
0.010000  0.07215  0.03455  0.07496  0.05450  0.04100
0.010000 -0.01257 -0.02507 -0.00124 -0.02410  0.03194
0.010000  0.08138  0.03223  0.06653  0.04595  0.02782
0.010000 -0.03519 -0.02124  0.01091 -0.05260 -0.00998
0.010000 -0.02554 -0.02645 -0.00670 -0.03887 -0.03957
0.010000 -0.04797 -0.02361  0.01946 -0.05368 -0.02918
0.010000  0.04287 -0.00737  0.02753  0.01410  0.02338
0.010000  0.08181  0.06061  0.01879  0.07134  0.01073
0.010000  0.02685  0.05748  0.00189  0.01113  0.00591
0.010000 -0.01766 -0.03525 -0.00822 -0.02530 -0.00451
0.010000 -0.01638 -0.04263 -0.00730  0.00616 -0.00295
0.010000 -0.03127 -0.02912 -0.00909 -0.06518 -0.03195
0.010000 -0.01006 -0.02843  0.01085  0.04095  0.01246
0.010000 -0.00509 -0.00386 -0.00622 -0.01729  0.06041
0.010000  0.00590 -0.00778 -0.00567  0.00716  0.00533
0.010000  0.01196 -0.03192  0.01951  0.04167  0.00089
0.010000  0.00953  0.03623 -0.00820 -0.00066 -0.03346
0.010000 -0.01510 -0.00689  0.00003 -0.03155 -0.00003
0.010000  0.07409  0.02998  0.05597  0.05051  0.02652
0.010000  0.07377  0.06370  0.07268  0.04751  0.04518
0.010000 -0.03099  0.00516 -0.00365 -0.02145 -0.01713
0.010000  0.00103  0.00943  0.04983  0.02081  0.03065
0.010000  0.03202  0.05072  0.02973 -0.02255  0.02526
0.010000  0.03334  0.06235  0.00400  0.05476  0.02266
0.010000 -0.04227  0.00817 -0.01137 -0.06243 -0.00113
0.010000 -0.01895 -0.04015  0.02288  0.03106  0.01202
0.010000 -0.00019  0.02983 -0.00297  0.01833  0.02055
0.010000 -0.02825  0.01948 -0.00902 -0.00771  0.00714
0.010000 -0.02025  0.00700 -0.00023 -0.02608 -0.01211
0.010000  0.01808 -0.00733  0.00608 -0.00320  0.01875
0.010000  0.05476  0.01232  0.02984 -0.01115  0.04674
0.010000  0.04865  0.04299  0.01042  0.03265  0.00973
0.010000  0.07605  0.06631  0.02566  0.02402  0.02958
0.010000  0.02180 -0.02389  0.05670  0.07401  0.06971
0.010000  0.03600 -0.00723  0.04537 -0.00552  0.04469
0.010000 -0.00881 -0.03721 -0.00611 -0.04407  0.00488
0.010000 -0.01383 -0.01346 -0.00775  0.02367 -0.00633
0.010000  0.02942  0.04276 -0.00015  0.02682  0.01465
0.010000  0.04147  0.06489 -0.00421  0.05052  0.01725
0.010000  0.05635  0.01896  0.03275  0.07588  0.01199
0.010000  0.06129  0.05243  0.03129 -0.02186  0.06980
0.010000  0.02558  0.05399 -0.00686 -0.00930 -0.01594
0.010000  0.02055  0.05561 -0.00553  0.05544  0.00052
0.010000 -0.04498  0.00800 -0.01451  0.02258 -0.01626
0.010000 -0.03945 -0.03219 -0.00471 -0.02844 -0.02714
0.010000  0.06838  0.05478  0.02372 -0.01248 -0.00826
0.010000 -0.02689  0.02389 -0.01299  0.00822  0.00692
0.010000 -0.02288 -0.04416 -0.00760  0.02819 -0.00816
0.010000  0.07985  0.06427  0.03257 -0.01155  0.02536
0.010000  0.05797 -0.00051  0.03382  0.01713  0.00437
0.010000  0.00347  0.02896 -0.00979  0.02704 -0.00715
0.010000  0.05320  0.00464  0.03281  0.01283  0.03272
0.010000 -0.02421 -0.03395 -0.00739 -0.03258  0.00402
0.010000 -0.00263  0.03036 -0.01093  0.04877 -0.00232
0.010000  0.06476  0.05931  0.06379  0.07576  0.04879
0.010000  0.04718  0.05744  0.01139  0.00635  0.01762
0.010000 -0.04087  0.00703  0.00670 -0.05814  0.00344
0.010000 -0.04621 -0.04531 -0.00314 -0.05773 -0.00334
0.010000  0.04008  0.06052  0.01994  0.05230  0.01342
0.010000 -0.03378 -0.03983 -0.00495 -0.03983 -0.01399
0.010000 -0.04365 -0.03900 -0.01138 -0.06353  0.00954
0.010000  0.05166 -0.00680  0.02933  0.06112  0.03624
0.010000 -0.04726 -0.04139  0.00891 -0.05243  0.00287
0.010000  0.02431  0.05957  0.00610  0.03830  0.01460
0.010000  0.00225  0.04622 -0.00559 -0.00119 -0.00245
0.010000  0.06655  0.03517  0.03668  0.02748  0.01248
0.010000  0.03871  0.06413  0.02002 -0.01324  0.00895
0.010000  0.00832  0.00615  0.01740 -0.01540  0.01294
0.010000  0.01318 -0.01440  0.01353 -0.03325  0.01436
0.010000  0.07800  0.06621  0.07253  0.08458  0.06448
0.010000  0.01075 -0.03386  0.00208 -0.05921  0.02006
0.010000 -0.04589 -0.04465 -0.00955 -0.03535 -0.01020
0.010000 -0.03660 -0.04376  0.03145  0.03880  0.02020
0.010000 -0.01131 -0.04001 -0.00627 -0.03106  0.00190
0.010000 -0.00757  0.01027  0.00230 -0.04385 -0.00873
0.010000  0.00711 -0.03390  0.06131  0.00054  0.02534
0.010000  0.01684  0.05567 -0.00774 -0.05611 -0.00986
0.010000  0.01931 -0.02630  0.03834  0.00940  0.03211
0.010000 -0.00633  0.03343 -0.00374 -0.05119 -0.00244
0.010000  0.07024  0.01684  0.05822  0.03453  0.05404
0.010000 -0.00141 -0.00602 -0.00743 -0.01495  0.00056
0.010000  0.04573  0.02853  0.04792  0.01417  0.01775
0.010000  0.03071  0.04690  0.03763  0.06336  0.01569
0.010000  0.01562  0.04176 -0.00815 -0.04415  0.00494
0.010000  0.02813  0.00822  0.00252  0.02055  0.00755
0.010000  0.02305  0.00523  0.01608 -0.04214  0.00089
0.010000  0.06301  0.06630  0.06522  0.06506  0.04218
0.010000  0.00468  0.03951 -0.01003 -0.03889  0.00004
0.010000  0.03466  0.02059  0.01486  0.06951 -0.00506
0.010000 -0.03238 -0.04447 -0.00349 -0.01409  0.01383
0.010000  0.01439 -0.01226 -0.00075 -0.04059 -0.00003
0.010000  0.03735  0.04165  0.00600 -0.01751  0.01246
0.010000  0.05962  0.06590  0.03174  0.06569 -0.02914
0.010000 -0.02961 -0.04440 -0.00888 -0.06669 -0.00754
