# Scenario generation method from a paper by Hoyland, Kaut & Wallace
# Code by Michal Kaut (michal.kaut@iot.ntnu.n) & Diego Mathieu

#   prob   var  1   var  2   var  3   var  4   var  5
0.010000  0.01036  0.01278  0.00453  0.00829  0.00048
0.010000 -0.01975 -0.02503 -0.01104 -0.03663  0.01950
0.010000 -0.00567 -0.02329 -0.01304 -0.01110  0.01906
0.010000 -0.02212  0.00228 -0.02104 -0.03805 -0.00177
0.010000  0.01201  0.01295 -0.00462 -0.00168  0.01479
0.010000 -0.00024 -0.01176  0.00149  0.00339 -0.04022
0.010000  0.01091  0.01184  0.00195  0.00711 -0.00689
0.010000 -0.04338 -0.03851 -0.00320 -0.02867 -0.00049
0.010000 -0.01280  0.00473 -0.00503  0.00312 -0.01896
0.010000 -0.00292  0.00970  0.00115 -0.00171 -0.00687
0.010000  0.00293  0.01012  0.00019  0.00279 -0.01312
0.010000  0.01313  0.02209 -0.01396  0.00098 -0.01642
0.010000  0.00928  0.00918 -0.00638 -0.00284 -0.00268
0.010000 -0.00852  0.00404 -0.00842 -0.00118  0.00296
0.010000 -0.02052 -0.03086 -0.01079 -0.02463 -0.01799
0.010000  0.01543  0.01125  0.00990  0.00309 -0.02647
0.010000 -0.00130  0.00891  0.01097  0.00151 -0.01208
0.010000 -0.01543 -0.01794  0.00787 -0.01892 -0.02349
0.010000  0.00030  0.00916  0.01298  0.00182 -0.01244
0.010000 -0.00511  0.00085 -0.00189  0.00474  0.00350
0.010000 -0.01154 -0.01391 -0.01655 -0.02819 -0.00370
0.010000  0.01776  0.01820 -0.00944  0.00399  0.01344
0.010000 -0.01825 -0.01614  0.00573 -0.01276  0.00643
0.010000 -0.02468 -0.02524 -0.01443 -0.01802 -0.02276
0.010000  0.01485  0.01398  0.01487  0.01013 -0.01547
0.010000 -0.00238  0.00799  0.00365 -0.00714  0.01485
0.010000  0.01257  0.00964 -0.00253  0.00642 -0.01287
0.010000  0.01831  0.01413 -0.00964  0.00376  0.01493
0.010000  0.01370  0.01824  0.00693  0.00762 -0.00464
0.010000 -0.01092 -0.01897  0.01310 -0.00037 -0.00320
0.010000  0.00715  0.00625 -0.01506 -0.03352  0.01245
0.010000  0.01601  0.01548  0.01052  0.00790 -0.00605
0.010000  0.00874  0.01152 -0.00026 -0.02139 -0.01017
0.010000  0.00768  0.00410 -0.00689  0.00315  0.00181
0.010000  0.00241  0.00947  0.00100 -0.03089 -0.01562
0.010000 -0.00794 -0.01831 -0.00418 -0.00293 -0.00531
0.010000 -0.03681 -0.03703 -0.00333 -0.05609 -0.02568
0.010000 -0.01899 -0.01015 -0.01658 -0.01707  0.01983
0.010000  0.01718  0.02535  0.00215  0.00648 -0.00584
0.010000 -0.01476 -0.01114 -0.01165 -0.00709  0.00247
0.010000  0.00821 -0.00262  0.01452  0.00911 -0.02783
0.010000 -0.03543 -0.02584 -0.01591 -0.02263 -0.01730
0.010000 -0.02131 -0.02867  0.01004  0.00077 -0.01870
0.010000 -0.01753 -0.00147 -0.00293 -0.03090 -0.02592
0.010000  0.00451  0.06783 -0.00456  0.00901  0.00653
0.010000 -0.00911  0.00522  0.00372  0.00230 -0.02548
0.010000 -0.02558 -0.03795  0.00859 -0.01957 -0.02869
0.010000  0.01146  0.01286  0.00940 -0.01164 -0.03504
0.010000 -0.02295 -0.03546 -0.00189 -0.01084 -0.00712
0.010000 -0.04767 -0.00537 -0.01959 -0.03650  0.00329
0.010000  0.00346  0.00966 -0.01118  0.00129 -0.02000
0.010000 -0.02952 -0.03129 -0.00812 -0.01641 -0.04170
0.010000  0.00504  0.00913 -0.01675 -0.01276  0.00585
0.010000 -0.01681 -0.01615  0.00386 -0.04130  0.00005
0.010000  0.01880  0.07042 -0.00384  0.00844 -0.02166
0.010000  0.01427  0.01355 -0.00245 -0.00584 -0.00611
0.010000 -0.05023 -0.04532 -0.01668 -0.06221 -0.03252
0.010000 -0.03290 -0.03579  0.01028  0.00373 -0.01890
0.010000 -0.02848 -0.03207 -0.00762 -0.01655 -0.00641
0.010000 -0.02748 -0.02090 -0.00466 -0.01159 -0.01928
0.010000 -0.04541 -0.03933 -0.00819 -0.02800 -0.02844
0.010000  0.00662  0.00347 -0.00659 -0.00263 -0.00608
0.010000 -0.01216  0.00460 -0.00347  0.00289  0.00936
0.010000 -0.03172 -0.00174 -0.01814 -0.02048 -0.02416
0.010000 -0.08345 -0.02621 -0.02180 -0.06726 -0.03895
0.010000 -0.00971 -0.01966 -0.00113  0.00001 -0.03010
0.010000 -0.00184  0.00470  0.00177  0.00460  0.00240
0.010000 -0.00077 -0.02358 -0.00476 -0.00214 -0.02935
0.010000 -0.03985 -0.02218 -0.01851 -0.02764 -0.03487
0.010000  0.00556  0.00693 -0.00194  0.00381 -0.01639
0.010000 -0.05682 -0.01119 -0.00243 -0.04273 -0.01962
0.010000 -0.04154 -0.03887 -0.00716 -0.02490 -0.01487
0.010000  0.00398  0.01045  0.00100  0.00768  0.02412
0.010000  0.00982  0.01641  0.00087  0.00311 -0.01248
0.010000 -0.06815 -0.05106 -0.02103 -0.07332 -0.00569
0.010000 -0.01344 -0.00733 -0.00513 -0.00663 -0.02895
0.010000 -0.06146 -0.04970 -0.02120 -0.07024  0.01957
0.010000  0.00135  0.00002 -0.00947 -0.05458  0.00804
0.010000 -0.00401 -0.01944 -0.00008  0.00252 -0.03432
0.010000  0.01660  0.01683 -0.01273  0.00268 -0.01056
0.010000  0.01914  0.00450  0.01629  0.00956  0.01680
0.010000 -0.02652 -0.03346  0.00440 -0.00100 -0.01957
0.010000 -0.01031  0.00013 -0.01131 -0.00743  0.00614
0.010000 -0.01409  0.00459 -0.01951 -0.01581 -0.00206
0.010000  0.00082  0.00443 -0.00022 -0.02989 -0.02288
0.010000 -0.00623  0.00229 -0.01545 -0.00695  0.01509
0.010000 -0.00456 -0.00394  0.01221  0.00945 -0.00803
0.010000  0.00609  0.01211  0.01068 -0.02367 -0.03943
0.010000 -0.05322 -0.03585 -0.02054 -0.05375 -0.02208
0.010000 -0.01612 -0.01565  0.00781 -0.02280 -0.01301
0.010000  0.01650  0.04887  0.00616  0.00084  0.00610
0.010000 -0.00346 -0.01102 -0.01156 -0.03248 -0.00519
0.010000 -0.03059 -0.03093 -0.01191 -0.03844 -0.00746
0.010000 -0.03413 -0.03338 -0.01175 -0.05579 -0.04112
0.010000  0.00188  0.00725 -0.00590  0.00369  0.01827
0.010000  0.01916  0.01543  0.00145  0.00625  0.03413
0.010000 -0.02380 -0.02633 -0.01601 -0.03442 -0.02704
0.010000 -0.00737 -0.01385 -0.01135 -0.00604 -0.02235
0.010000 -0.03828 -0.00972 -0.02223 -0.06729 -0.00177
0.010000 -0.00680  0.00533 -0.00742  0.00228  0.01435
