# Scenario generation method from a paper by Hoyland, Kaut & Wallace
# Code by Michal Kaut (michal.kaut@iot.ntnu.n) & Diego Mathieu

#   prob   var  1   var  2   var  3   var  4   var  5
0.010000 -0.04010 -0.00291 -0.02071 -0.01207 -0.01419
0.010000 -0.01855 -0.01739 -0.01461  0.05626 -0.06346
0.010000  0.03315  0.02321  0.03340  0.04715  0.00400
0.010000 -0.04651 -0.03699 -0.02123  0.06649 -0.06561
0.010000  0.05110  0.00676  0.02883  0.04702  0.05918
0.010000  0.03690  0.06787  0.06613  0.07115  0.05333
0.010000 -0.01321 -0.00681 -0.01775  0.03740 -0.00200
0.010000  0.00252 -0.00485 -0.01078  0.01501 -0.04536
0.010000  0.04651  0.01815  0.04103  0.00175  0.01830
0.010000 -0.02857 -0.01825 -0.01336 -0.00423 -0.04548
0.010000  0.02639 -0.00129  0.00720  0.05611  0.05482
0.010000 -0.04569 -0.04308  0.00216 -0.00475 -0.01857
0.010000 -0.01047  0.00098 -0.01249  0.02661  0.05048
0.010000  0.03656  0.00866  0.01896  0.02270 -0.03585
0.010000  0.02306 -0.00392 -0.00063  0.07426 -0.05026
0.010000 -0.02185  0.00120 -0.01824  0.03092  0.00850
0.010000 -0.03091 -0.08087 -0.01636  0.06323 -0.00924
0.010000  0.05268  0.02541  0.05153  0.02399  0.05473
0.010000 -0.00482 -0.00061 -0.00850  0.04872  0.00441
0.010000 -0.03638 -0.01559 -0.01580 -0.00787 -0.04375
0.010000 -0.03426 -0.04434 -0.02185  0.06092 -0.06401
0.010000 -0.03740 -0.04970 -0.01508 -0.01314 -0.06363
0.010000 -0.02975 -0.00784 -0.01955 -0.00012  0.05909
0.010000 -0.00767  0.00542 -0.01124  0.01987  0.02788
0.010000  0.02976  0.01838  0.02124  0.07630  0.07204
0.010000 -0.00045  0.01156  0.00328  0.00300  0.00363
0.010000 -0.00338 -0.01725 -0.01547 -0.01232  0.02192
0.010000 -0.00908 -0.01244 -0.01768 -0.01147 -0.04819
0.010000  0.00103 -0.00636 -0.01235 -0.01131 -0.04574
0.010000  0.01175 -0.00021  0.00059 -0.00409 -0.03111
0.010000 -0.04115 -0.02165 -0.02039 -0.01356 -0.04409
0.010000  0.05184 -0.00734  0.02245  0.03952  0.04931
0.010000  0.03826  0.01880  0.03234 -0.00471  0.03062
0.010000  0.05074  0.01046  0.03889  0.00827  0.00756
0.010000 -0.03317 -0.01015 -0.02178  0.06867 -0.03749
0.010000  0.04164  0.03152  0.03491  0.07702  0.07255
0.010000  0.05265  0.01101  0.03467  0.02186  0.04954
0.010000 -0.04483 -0.02754 -0.00733 -0.00490 -0.05903
0.010000 -0.04656 -0.00406 -0.02330 -0.01070 -0.03235
0.010000 -0.02615 -0.01328 -0.01464 -0.00781 -0.00240
0.010000  0.03145  0.00843  0.01096  0.04894 -0.03591
0.010000 -0.04199 -0.03110 -0.00213 -0.00424 -0.05250
0.010000 -0.04670 -0.02402 -0.01458 -0.00854 -0.02776
0.010000 -0.01456  0.01162 -0.01242 -0.00713 -0.03449
0.010000  0.01018  0.00387 -0.00462 -0.01035 -0.04086
0.010000 -0.04352 -0.04529 -0.01224  0.06491 -0.05379
0.010000  0.00862  0.07809  0.03889 -0.00250  0.08824
0.010000 -0.04538 -0.03432  0.00267  0.06412 -0.06124
0.010000 -0.04027 -0.00998 -0.00669 -0.00402 -0.04427
0.010000  0.00355  0.00054 -0.00979 -0.01043  0.03691
0.010000  0.03171  0.03017  0.02942  0.07634 -0.02129
0.010000 -0.04585 -0.04556 -0.00329  0.06533 -0.00775
0.010000 -0.02368 -0.01810 -0.01814 -0.01211 -0.05903
0.010000 -0.03534 -0.01379 -0.00946 -0.00261  0.04659
0.010000 -0.03205 -0.03263 -0.02271 -0.01512 -0.05017
0.010000  0.04492  0.01552  0.03096  0.07076 -0.01651
0.010000 -0.04623 -0.03197 -0.02307 -0.00602 -0.03481
0.010000 -0.04218 -0.03973 -0.02146 -0.01275 -0.06049
0.010000 -0.02492 -0.03596 -0.01958 -0.01422 -0.03753
0.010000 -0.03935 -0.05582 -0.01291 -0.01260  0.01444
0.010000 -0.02871 -0.01883 -0.01638 -0.01256 -0.00152
0.010000 -0.03839 -0.03164 -0.02222 -0.01488  0.04482
0.010000  0.03996  0.01380  0.02260 -0.00754  0.05198
0.010000 -0.00886 -0.01392 -0.01466 -0.00784  0.00203
0.010000 -0.04624 -0.01653 -0.02403 -0.01471  0.00703
0.010000  0.01653  0.00687  0.01117  0.01155  0.00136
0.010000  0.04802  0.01141  0.03414  0.03337  0.04402
0.010000 -0.04374 -0.02317 -0.01690  0.02916 -0.04737
0.010000 -0.02737 -0.01236 -0.01741  0.04813 -0.04890
0.010000 -0.00192 -0.00992 -0.01325 -0.00907  0.05545
0.010000  0.04329  0.03006  0.03908  0.07417  0.07448
0.010000  0.02141  0.00167 -0.00032 -0.00989  0.01740
0.010000 -0.01590 -0.00069 -0.01669 -0.01152 -0.02049
0.010000  0.12554  0.06908  0.09582  0.01952  0.08278
0.010000 -0.04421 -0.02457 -0.00592  0.04056  0.03388
0.010000 -0.04488 -0.02819 -0.02277  0.06490  0.00086
0.010000 -0.04667 -0.03953 -0.02022 -0.01423 -0.05897
0.010000 -0.01723 -0.01032 -0.01544 -0.01197 -0.00647
0.010000 -0.03735 -0.02583 -0.00712 -0.00988  0.02042
0.010000 -0.01985 -0.01089 -0.01515  0.03526  0.06195
0.010000  0.01492 -0.00210 -0.00568 -0.00991  0.00308
0.010000 -0.00626 -0.01394 -0.01491 -0.01154 -0.03570
0.010000  0.00708 -0.01088 -0.01204 -0.01183 -0.01983
0.010000  0.02472  0.00044  0.01251  0.01499  0.00868
0.010000  0.04945  0.00526  0.03031  0.00724  0.06646
0.010000  0.00403  0.00460 -0.00401 -0.00871  0.06662
0.010000  0.05302  0.07088  0.08385  0.08090  0.08147
0.010000  0.01333 -0.00025 -0.00522 -0.01059  0.00363
0.010000 -0.01185 -0.01774 -0.01646  0.02020 -0.03829
0.010000  0.01814 -0.00405 -0.00472 -0.01068  0.05339
0.010000 -0.02114 -0.00482 -0.01343  0.00654 -0.04508
0.010000  0.02807  0.01228  0.02238  0.04896  0.07388
0.010000  0.03486 -0.00540  0.01543  0.06518 -0.03680
0.010000 -0.03367 -0.01161 -0.01989 -0.01189 -0.05415
0.010000 -0.02241 -0.01087 -0.01418  0.03028 -0.00392
0.010000  0.00555 -0.00003 -0.00886  0.01414  0.06649
0.010000 -0.01193 -0.02395 -0.01933 -0.01374  0.03754
0.010000 -0.04278 -0.02415 -0.02381 -0.01472 -0.05625
0.010000  0.01977  0.03411  0.03037  0.07541  0.06513
0.010000  0.04707  0.01200  0.03676  0.00088  0.05612
