# Scenario generation method from a paper by Hoyland, Kaut & Wallace
# Code by Michal Kaut (michal.kaut@iot.ntnu.n) & Diego Mathieu

#   prob   var  1   var  2   var  3   var  4   var  5
0.010000 -0.00759  0.00129  0.00398 -0.00651 -0.03654
0.010000  0.04645  0.00450  0.00813  0.00570  0.03200
0.010000 -0.01648  0.01840 -0.00791 -0.01080 -0.04747
0.010000 -0.05283 -0.03812 -0.04121 -0.01731 -0.04529
0.010000 -0.00541  0.00643  0.00337 -0.00708 -0.00287
0.010000  0.02575  0.03714  0.00784  0.00065  0.01498
0.010000  0.04390  0.04971  0.01841  0.04128  0.05535
0.010000 -0.01571 -0.03723 -0.01660 -0.01581 -0.02683
0.010000 -0.00469  0.00511 -0.00619  0.00231  0.03437
0.010000  0.03952  0.03870  0.01604  0.01501  0.05710
0.010000  0.01425  0.03665  0.04282  0.01138 -0.01537
0.010000  0.02700  0.03726  0.00584 -0.00049  0.00592
0.010000  0.02010 -0.01230  0.00647 -0.00326 -0.02851
0.010000 -0.01882 -0.00756 -0.01115 -0.01468 -0.05172
0.010000  0.00904  0.00307  0.00871  0.02788  0.01895
0.010000  0.00580  0.00878  0.00304  0.00273 -0.03456
0.010000 -0.01725 -0.03135 -0.01374 -0.01389 -0.03484
0.010000  0.03256  0.04576  0.02183  0.00767 -0.03225
0.010000 -0.02937  0.01247 -0.00376 -0.01222 -0.04829
0.010000 -0.04649 -0.07066 -0.02283 -0.01970 -0.05526
0.010000  0.01708  0.02683  0.00370 -0.00251 -0.00156
0.010000  0.00270 -0.01150  0.00116  0.01425  0.01120
0.010000  0.08683  0.06484  0.07020  0.04067  0.06180
0.010000 -0.03039  0.01218 -0.01057 -0.00926 -0.05114
0.010000  0.02226  0.00695  0.01202 -0.00033 -0.02929
0.010000  0.01334 -0.01286 -0.00413 -0.00722  0.01058
0.010000 -0.01197 -0.03359 -0.01658 -0.01425  0.00203
0.010000 -0.00251 -0.00787 -0.00919 -0.00656 -0.00912
0.010000 -0.03755 -0.00264 -0.01284 -0.01695 -0.06440
0.010000  0.02338  0.11067  0.01446  0.01248  0.01009
0.010000 -0.01803 -0.01287  0.00421 -0.00059  0.01897
0.010000 -0.01495  0.00149 -0.00837  0.01718  0.04677
0.010000  0.01072 -0.03963  0.00126 -0.00771  0.02446
0.010000 -0.03256 -0.02254 -0.01424 -0.00527  0.01748
0.010000 -0.02378 -0.02218 -0.01373  0.08495  0.04186
0.010000 -0.04058 -0.02661 -0.01758 -0.01297  0.02073
0.010000 -0.05975 -0.02336 -0.02825 -0.02371 -0.06766
0.010000  0.03414  0.04456  0.07239  0.05327  0.01126
0.010000  0.01806  0.03061  0.01812  0.00260  0.04541
0.010000 -0.00904 -0.03222 -0.01251 -0.01476 -0.02196
0.010000  0.00044  0.01913  0.00063 -0.00556  0.02187
0.010000 -0.00104 -0.01593 -0.00410 -0.00747 -0.02737
0.010000 -0.02837  0.01146  0.01210  0.02752  0.01179
0.010000 -0.04921 -0.03864 -0.02636 -0.02161 -0.01919
0.010000  0.00821  0.01940  0.00152 -0.00561  0.01134
0.010000 -0.03901 -0.04047 -0.01015 -0.01570  0.00997
0.010000  0.06195  0.01429  0.02488  0.01272  0.05703
0.010000  0.04933  0.05552  0.05064  0.02019  0.05788
0.010000  0.06947  0.07178  0.06976  0.03714  0.01881
0.010000  0.00659  0.03236  0.00648  0.01296  0.01108
0.010000 -0.00030 -0.02797 -0.00612 -0.00355  0.05131
0.010000 -0.02292  0.00382 -0.01078 -0.00852 -0.05529
0.010000  0.02830 -0.00599  0.00555  0.00377 -0.02294
0.010000  0.00501 -0.01963 -0.00227 -0.00724 -0.04322
0.010000  0.00346  0.03140  0.00039  0.02027  0.00401
0.010000 -0.04425 -0.04657 -0.02940 -0.01913 -0.04681
0.010000 -0.01420  0.01459 -0.00468 -0.00986 -0.01436
0.010000  0.03760 -0.00098  0.01416  0.00258  0.02623
0.010000  0.02116 -0.00671  0.02323  0.07063  0.05321
0.010000  0.03581  0.00738  0.01247  0.01400  0.05842
0.010000  0.01245 -0.01586  0.00395 -0.00561 -0.01256
0.010000  0.00194 -0.02605 -0.00577  0.04538  0.06422
0.010000 -0.01123 -0.03093 -0.00971 -0.00655  0.00315
0.010000 -0.03492 -0.04896 -0.02078 -0.01898 -0.04179
0.010000  0.01158 -0.01666 -0.00556 -0.00908  0.00979
0.010000  0.01907  0.00830  0.00620 -0.00193 -0.00093
0.010000  0.02454  0.03965  0.03015  0.00784  0.04586
0.010000 -0.02042  0.01122 -0.00977 -0.00441 -0.04146
0.010000 -0.01962 -0.04328 -0.01664 -0.01605  0.01887
0.010000  0.04161  0.05408  0.05460  0.05138  0.02063
0.010000  0.05675  0.03524  0.02565  0.01872  0.05157
0.010000  0.00118 -0.02617 -0.00325  0.02181  0.05686
0.010000 -0.03146 -0.01744 -0.02025 -0.01042  0.01741
0.010000 -0.00686 -0.01272 -0.00363 -0.01073 -0.04433
0.010000 -0.02555 -0.00337 -0.00377  0.01878  0.05329
0.010000 -0.01271  0.00645 -0.00635 -0.00805 -0.02494
0.010000  0.00987  0.02681  0.00394 -0.00416  0.03470
0.010000 -0.00178  0.00511 -0.00802 -0.00841 -0.01105
0.010000 -0.04231 -0.04719 -0.01986 -0.01853 -0.01097
0.010000 -0.02741 -0.02355 -0.01780 -0.01606 -0.06450
0.010000 -0.02466 -0.02180 -0.01572 -0.01336 -0.01978
0.010000 -0.03620 -0.03925 -0.01113 -0.01727 -0.01470
0.010000 -0.01050 -0.02858  0.00811 -0.00560 -0.00311
0.010000 -0.00977  0.01810  0.00000 -0.00730 -0.01156
0.010000 -0.03371 -0.04491 -0.02578 -0.01784 -0.02398
0.010000 -0.01345 -0.02141 -0.00417 -0.00865 -0.04603
0.010000 -0.02207  0.01322  0.04225  0.01234  0.05369
0.010000 -0.02647 -0.00981 -0.02356 -0.00624 -0.04566
0.010000 -0.00324 -0.02364 -0.01081  0.04706  0.06431
0.010000 -0.02124 -0.00437 -0.00143 -0.00860  0.01133
0.010000  0.02965  0.00076  0.00533  0.00640 -0.00512
0.010000  0.05269  0.04125  0.03178  0.01599  0.05029
0.010000  0.01517 -0.01630 -0.00107  0.05254  0.06379
0.010000  0.00740 -0.00397 -0.00651 -0.00926 -0.03450
0.010000 -0.00614 -0.02333 -0.00964 -0.01328  0.00206
0.010000  0.01612  0.03833  0.00396  0.01034 -0.02042
0.010000  0.00423  0.02045 -0.00204 -0.00659 -0.02689
0.010000 -0.00831 -0.02040 -0.00471 -0.00066  0.02678
0.010000  0.03107  0.00489  0.00372  0.00481 -0.00193
0.010000 -0.00396  0.00340 -0.00719 -0.00822 -0.05751
