# Scenario generation method from a paper by Hoyland, Kaut & Wallace
# Code by Michal Kaut (michal.kaut@iot.ntnu.n) & Diego Mathieu

#   prob   var  1   var  2   var  3   var  4   var  5
0.010000  0.01172  0.02149  0.01235  0.01239 -0.01315
0.010000  0.05257  0.01525  0.01993  0.01057  0.00724
0.010000  0.00588  0.00876  0.01303 -0.00550  0.07492
0.010000 -0.04296 -0.02546 -0.02850 -0.05865  0.01988
0.010000  0.05821  0.01360  0.02733  0.01853  0.05351
0.010000  0.00507 -0.00175  0.01615  0.01323 -0.02614
0.010000  0.02684  0.04204  0.00782 -0.00291 -0.03641
0.010000 -0.01048 -0.00688  0.00080 -0.01625  0.03070
0.010000 -0.04095 -0.02591 -0.02883 -0.01424 -0.01003
0.010000 -0.02047 -0.01551 -0.00290 -0.01817 -0.05048
0.010000 -0.02247 -0.03997 -0.02253 -0.00601 -0.05039
0.010000 -0.03587 -0.03070  0.01184  0.00670 -0.01681
0.010000  0.04610  0.00382  0.01020  0.02039  0.05087
0.010000  0.00425 -0.01283  0.02349  0.01267  0.02996
0.010000 -0.01575 -0.03942 -0.00361 -0.00713  0.00055
0.010000 -0.05489 -0.06920 -0.02594 -0.02240  0.02793
0.010000 -0.01667 -0.01978 -0.02269 -0.04371  0.06356
0.010000 -0.03913 -0.03045 -0.02571 -0.02539 -0.05976
0.010000  0.00344  0.02387 -0.02056 -0.01609  0.00236
0.010000 -0.04520 -0.04813 -0.00373 -0.01417  0.02659
0.010000  0.03259 -0.01893  0.02659  0.01809 -0.02806
0.010000 -0.04777 -0.07236 -0.01444 -0.03077  0.06741
0.010000 -0.01396 -0.01581 -0.00429  0.00891 -0.00291
0.010000  0.03938  0.05568  0.04184  0.02273  0.03010
0.010000 -0.01759 -0.05899  0.01040 -0.01520  0.04617
0.010000  0.00264  0.01837  0.02123  0.00324  0.06613
0.010000  0.01345  0.03462 -0.01410 -0.02456 -0.05629
0.010000 -0.00879 -0.01770  0.00328  0.01503  0.05146
0.010000  0.01884  0.03542 -0.01007 -0.02585  0.03730
0.010000  0.01610  0.01443 -0.01390  0.01092  0.02668
0.010000 -0.06217 -0.03886 -0.02916 -0.03811  0.02158
0.010000  0.03791  0.01371  0.04033  0.02550  0.05267
0.010000  0.02472 -0.03933 -0.00583  0.01224 -0.01223
0.010000  0.01087 -0.00250 -0.01563  0.00492  0.02768
0.010000 -0.00547 -0.01161 -0.00147 -0.00913  0.02222
0.010000 -0.02912 -0.04571  0.00875  0.01365  0.00701
0.010000  0.02793  0.01825  0.03904  0.02456  0.06511
0.010000  0.05520  0.03084  0.04142  0.03175  0.05603
0.010000  0.07239  0.05834  0.03055  0.02067  0.00163
0.010000 -0.00302 -0.02439 -0.00684 -0.02077  0.04042
0.010000  0.06177  0.03835  0.03119  0.02393  0.05785
0.010000 -0.02351 -0.00632  0.01916 -0.00040  0.03217
0.010000  0.04807  0.00902  0.03004  0.02242  0.07706
0.010000 -0.03036 -0.01327  0.00124  0.00550 -0.00423
0.010000 -0.02146 -0.07837 -0.01463  0.00393  0.04178
0.010000 -0.00383 -0.00443 -0.02256 -0.04668  0.02897
0.010000  0.02370  0.01482 -0.00294  0.01498 -0.05173
0.010000 -0.00712  0.00276  0.01431  0.01329  0.00458
0.010000 -0.00465 -0.01657  0.02002 -0.01462  0.00528
0.010000  0.00670  0.00510 -0.01075 -0.02009  0.05705
0.010000  0.08534  0.08671  0.03324  0.03058  0.04266
0.010000  0.04254  0.04693  0.00303  0.00542  0.06126
0.010000  0.00753  0.01105 -0.00632  0.01042  0.00292
0.010000 -0.05086 -0.00405 -0.02908 -0.03362 -0.01168
0.010000  0.01521 -0.01058  0.03152  0.01406  0.00808
0.010000  0.02074 -0.01869  0.01026 -0.01323  0.05866
0.010000  0.01003 -0.00879 -0.01667  0.01058  0.03628
0.010000 -0.02678 -0.03231 -0.02187 -0.00997 -0.01140
0.010000  0.03515  0.02462  0.01814 -0.00957  0.01394
0.010000  0.00022 -0.01432 -0.00262 -0.00432  0.01186
0.010000 -0.00795 -0.05120 -0.02165 -0.01972  0.02354
0.010000 -0.00963 -0.04092 -0.00367 -0.00854  0.06555
0.010000  0.00102  0.00411 -0.00041  0.00334  0.01535
0.010000 -0.02566 -0.04151 -0.00142  0.00362  0.03134
0.010000 -0.02457 -0.03281  0.00470 -0.00331  0.01476
0.010000  0.01258  0.02281  0.02342  0.01798  0.06259
0.010000  0.03138  0.01969  0.01122  0.01611 -0.04757
0.010000 -0.01308 -0.00236 -0.01219 -0.00495 -0.01525
0.010000  0.00919  0.01059  0.01644  0.00578  0.05940
0.010000 -0.00629 -0.01855 -0.02129  0.00115  0.01474
0.010000  0.01432 -0.00601  0.01115  0.00182  0.06005
0.010000  0.04092  0.04781  0.03325  0.00476  0.03982
0.010000  0.01979  0.02431  0.00812  0.01951  0.01395
0.010000 -0.01220 -0.02424  0.00846  0.01285  0.03816
0.010000  0.00183 -0.03725  0.00155 -0.01059  0.07109
0.010000 -0.00221 -0.02865 -0.02347 -0.03272 -0.02876
0.010000  0.02270  0.03117 -0.01255  0.00460 -0.04758
0.010000 -0.01854 -0.02550  0.01381  0.01534  0.00303
0.010000 -0.03298 -0.02431 -0.01191  0.00340  0.01105
0.010000  0.01700 -0.00706  0.01555  0.01239  0.00514
0.010000 -0.01485 -0.02053 -0.02536 -0.03975  0.05133
0.010000 -0.03164 -0.00863 -0.00686 -0.02283  0.00120
0.010000  0.06622  0.03544  0.03013  0.02528  0.00889
0.010000 -0.01949 -0.03790 -0.01486 -0.00690 -0.04565
0.010000  0.03650  0.04385  0.03327  0.00003  0.07295
0.010000 -0.01134  0.03605 -0.01305 -0.02501 -0.03077
0.010000  0.00835 -0.02806  0.00416 -0.00429 -0.03059
0.010000 -0.03439 -0.02227 -0.02222 -0.03689 -0.03655
0.010000 -0.03744 -0.06895 -0.02758 -0.01451 -0.05981
0.010000  0.03020  0.02729  0.01683  0.01447 -0.00516
0.010000  0.02905  0.01761 -0.00182 -0.01122  0.00545
0.010000 -0.00059 -0.02814 -0.01586 -0.01530  0.06015
0.010000 -0.02793 -0.04874 -0.02361 -0.02577 -0.02256
0.010000  0.05021  0.01137  0.01668  0.02143  0.05309
0.010000 -0.00140  0.01162 -0.00584 -0.00077  0.04725
0.010000  0.04426  0.02528  0.03490  0.02818 -0.04684
0.010000  0.02171  0.05005  0.00375 -0.00576  0.04103
0.010000  0.01792  0.00926  0.01947  0.01313  0.05556
0.010000  0.02577 -0.02189  0.00239  0.00804  0.01675
0.010000  0.03385  0.04025  0.02261 -0.01762  0.02483
