# Scenario generation method from a paper by Hoyland, Kaut & Wallace
# Code by Michal Kaut (michal.kaut@iot.ntnu.n) & Diego Mathieu

#   prob   var  1   var  2   var  3   var  4   var  5
0.010000 -0.01337 -0.00520 -0.01032  0.00052 -0.02084
0.010000 -0.00929 -0.02536 -0.00320 -0.00857 -0.01380
0.010000  0.00716 -0.00733  0.01310 -0.00438 -0.02880
0.010000 -0.01766 -0.01238 -0.00926 -0.00403 -0.01427
0.010000 -0.00744 -0.03032  0.00732 -0.00941 -0.01480
0.010000  0.02351  0.01635  0.01499  0.00977  0.00375
0.010000 -0.02149 -0.01370 -0.02050 -0.01411 -0.02011
0.010000  0.00252  0.00466 -0.01280 -0.00758  0.01484
0.010000  0.00049 -0.00963  0.02015  0.00514 -0.01407
0.010000  0.01419 -0.00223 -0.01036  0.00032 -0.01461
0.010000 -0.00153  0.00488 -0.01689  0.00036 -0.03647
0.010000  0.00417  0.00623  0.00997 -0.00162  0.00434
0.010000 -0.02065 -0.00843  0.00035 -0.00544  0.00403
0.010000 -0.02334 -0.01807 -0.00345 -0.01054 -0.01025
0.010000 -0.00882  0.00243 -0.00454  0.01132 -0.00509
0.010000  0.03140  0.01261  0.02742  0.01795  0.00818
0.010000 -0.01451  0.00076 -0.01088 -0.00188  0.00786
0.010000 -0.01699 -0.01563 -0.03217 -0.01281 -0.00738
0.010000  0.00130 -0.01034 -0.00383 -0.00685 -0.01826
0.010000  0.00009  0.00180  0.01338  0.00343 -0.01502
0.010000 -0.04000 -0.01330 -0.01112  0.00101  0.01339
0.010000  0.01248  0.00825 -0.00252  0.01372 -0.01773
0.010000  0.00543  0.00707 -0.00760  0.00739 -0.00783
0.010000 -0.02436 -0.01091 -0.02146  0.00584 -0.01428
0.010000  0.01609  0.00052  0.00270  0.00610  0.00782
0.010000 -0.00483 -0.01017 -0.01333 -0.00336 -0.04889
0.010000  0.01752  0.00159  0.00619  0.00619 -0.01005
0.010000  0.00945 -0.00860 -0.00412 -0.01022 -0.00934
0.010000 -0.00234 -0.00295  0.01378  0.00088 -0.00867
0.010000 -0.00655 -0.01583  0.00102  0.00088  0.02640
0.010000 -0.03613 -0.01626 -0.02983 -0.00504 -0.02514
0.010000 -0.00441  0.00752  0.00547 -0.00376  0.00373
0.010000  0.00211  0.01078 -0.00595  0.00991  0.01284
0.010000 -0.00612 -0.02670  0.00464 -0.00034  0.04021
0.010000  0.00586  0.00904  0.00229  0.00658 -0.00586
0.010000  0.01360  0.01384  0.02670  0.02046  0.01060
0.010000 -0.03342 -0.02752 -0.03319 -0.01230  0.00915
0.010000  0.01042 -0.01900  0.00978  0.01305 -0.00432
0.010000  0.00090 -0.00061 -0.00664  0.00405 -0.00463
0.010000 -0.00790 -0.02260 -0.00014 -0.00965 -0.00720
0.010000 -0.02955 -0.01528 -0.01786 -0.00656 -0.02303
0.010000 -0.01571 -0.01385 -0.01516 -0.00746  0.00052
0.010000  0.01543  0.01020 -0.00066  0.00134  0.00325
0.010000 -0.00275 -0.01488  0.02038 -0.00673 -0.00848
0.010000 -0.01985 -0.01666 -0.01456 -0.01648 -0.00643
0.010000 -0.01909 -0.02752 -0.01673  0.00004 -0.04053
0.010000 -0.01634 -0.02880 -0.00719 -0.01572 -0.00366
0.010000  0.00806 -0.00764  0.02253  0.00474  0.00968
0.010000 -0.00525  0.00817 -0.03078 -0.01301  0.02708
0.010000 -0.02803 -0.03027 -0.02792 -0.01792 -0.00804
0.010000 -0.00568  0.00254 -0.00418  0.01323 -0.01380
0.010000 -0.02239 -0.01295 -0.00753  0.00052  0.00715
0.010000  0.01480  0.01534  0.00397  0.02001 -0.02341
0.010000  0.02006  0.00467  0.01160 -0.00535 -0.01173
0.010000 -0.01282 -0.01638 -0.00433 -0.00540 -0.00675
0.010000 -0.01393 -0.01147 -0.01141  0.00221 -0.03323
0.010000 -0.00399  0.00311  0.00075  0.00221 -0.01352
0.010000 -0.01125 -0.02187  0.01934 -0.00860  0.00531
0.010000  0.01831  0.01417  0.00738  0.02787 -0.01042
0.010000  0.00629  0.00357  0.00752  0.00012  0.00906
0.010000 -0.00031 -0.00652  0.00300 -0.00795  0.00547
0.010000  0.00171  0.01039  0.00650  0.00159  0.00450
0.010000 -0.00357 -0.02620  0.00094 -0.00641 -0.00167
0.010000 -0.01836 -0.01611 -0.01730 -0.01112 -0.00909
0.010000 -0.00700 -0.00711 -0.00530 -0.00511 -0.01687
0.010000  0.00898 -0.01194 -0.00527 -0.01338 -0.01562
0.010000  0.01092  0.00292 -0.01157  0.00023  0.00071
0.010000 -0.01075 -0.02491 -0.02328  0.00128 -0.01965
0.010000 -0.01510 -0.00742 -0.01944 -0.01165 -0.01458
0.010000  0.00375 -0.01994 -0.01273 -0.00855 -0.00880
0.010000  0.00334  0.00900 -0.01214  0.00625 -0.01552
0.010000  0.00293  0.00075 -0.01157 -0.00249 -0.03940
0.010000 -0.00316 -0.02245  0.00585 -0.00755 -0.00256
0.010000 -0.03131 -0.01238 -0.00601 -0.01175 -0.00011
0.010000  0.00993  0.01048 -0.01584 -0.00438 -0.00827
0.010000  0.00501  0.00611 -0.00992  0.00084 -0.02290
0.010000 -0.00072 -0.00449  0.00469  0.00702 -0.02541
0.010000  0.02725  0.00749  0.01170 -0.00636 -0.01956
0.010000 -0.00112  0.00004 -0.02239 -0.00782 -0.00118
0.010000 -0.00835 -0.01566 -0.00991 -0.01423  0.00086
0.010000  0.02106  0.00212  0.01476  0.01587  0.00130
0.010000  0.01679  0.01504  0.00755  0.01301  0.00120
0.010000  0.00761  0.00036 -0.00869 -0.00866 -0.00512
0.010000  0.01303  0.01148 -0.00442  0.00050 -0.00688
0.010000 -0.02668 -0.03042 -0.00528 -0.01781  0.00804
0.010000 -0.01177 -0.00521  0.00313 -0.00293  0.02199
0.010000  0.00672  0.01186 -0.01192 -0.00728 -0.00705
0.010000  0.02220 -0.00816  0.01270  0.00893 -0.01356
0.010000 -0.00193  0.00750 -0.00342 -0.00231  0.01587
0.010000  0.01143  0.01430  0.01156  0.01923 -0.01559
0.010000 -0.02547 -0.03069 -0.01908 -0.01776 -0.00833
0.010000 -0.01229  0.00485 -0.00680  0.00242 -0.02283
0.010000 -0.01025 -0.02286  0.00862 -0.00971  0.00568
0.010000 -0.00977 -0.00530 -0.02433 -0.00416 -0.00066
0.010000  0.01915  0.01463  0.00180  0.02380 -0.00893
0.010000 -0.04880 -0.03746 -0.02974  0.00544 -0.01920
0.010000  0.00851  0.00387  0.01078  0.00157 -0.02329
0.010000  0.02511  0.00974  0.00829 -0.00269 -0.05555
0.010000  0.00459 -0.00442  0.00051 -0.00251  0.02145
0.010000  0.01195 -0.00583  0.00173 -0.01121 -0.00793
