# Scenario generation method from a paper by Hoyland, Kaut & Wallace
# Code by Michal Kaut (michal.kaut@iot.ntnu.n) & Diego Mathieu

#   prob   var  1   var  2   var  3   var  4   var  5
0.010000 -0.00364 -0.03721 -0.01132  0.04116  0.01651
0.010000 -0.05619 -0.00127 -0.02038 -0.03558 -0.02272
0.010000  0.06054  0.01187  0.05390  0.07678  0.04144
0.010000  0.07176  0.02979  0.05184  0.04445  0.04150
0.010000  0.06392  0.00367  0.04539  0.06289  0.06190
0.010000 -0.07194 -0.04276  0.01910 -0.03284  0.00103
0.010000  0.06785  0.03154  0.05686  0.03169  0.05415
0.010000  0.01266 -0.02445  0.00892 -0.01506  0.00087
0.010000 -0.02111 -0.04616  0.01013 -0.00294  0.01577
0.010000  0.01441 -0.00107  0.01469 -0.00344  0.01368
0.010000  0.00734  0.04064  0.04339 -0.03517  0.03191
0.010000 -0.00177 -0.00878 -0.00916  0.01538 -0.06428
0.010000  0.04893  0.04941  0.03162  0.02805  0.03647
0.010000 -0.05382 -0.04587 -0.01401 -0.04592 -0.01803
0.010000 -0.02725  0.02014 -0.02905 -0.04324  0.01702
0.010000  0.06677  0.06301  0.00123  0.05132  0.04516
0.010000  0.05825  0.04004  0.06524  0.06650  0.03175
0.010000 -0.03358 -0.01468  0.00274 -0.02074 -0.04897
0.010000  0.05778  0.03445  0.03711  0.01889  0.03402
0.010000  0.03466  0.04219 -0.01210  0.01822 -0.02366
0.010000  0.07172  0.01316  0.04154  0.03839  0.00962
0.010000  0.00913  0.00175  0.06176  0.01040 -0.01834
0.010000  0.05636  0.06193  0.00659  0.05147  0.01504
0.010000  0.03629  0.02611  0.01707  0.04570  0.01872
0.010000 -0.01711 -0.03883 -0.02384 -0.01452  0.01777
0.010000  0.06317  0.04567  0.02101  0.04305  0.02268
0.010000  0.03791  0.04786  0.00109  0.06612 -0.00725
0.010000 -0.06813 -0.05158 -0.02819 -0.02967 -0.01248
0.010000  0.00191 -0.01343  0.01359  0.01727  0.00820
0.010000  0.01615  0.03619  0.01951 -0.01339  0.00908
0.010000 -0.00932 -0.01034 -0.02622  0.00073 -0.03257
0.010000  0.06976  0.06953  0.00314  0.05979  0.04148
0.010000 -0.01910 -0.04188 -0.00896 -0.04374 -0.01810
0.010000 -0.02314 -0.04523  0.02137 -0.03396 -0.02473
0.010000 -0.07628 -0.05151 -0.02741 -0.03907 -0.02630
0.010000 -0.07044 -0.05218 -0.02347 -0.02299 -0.03202
0.010000 -0.07264 -0.03653  0.01129 -0.05263 -0.04819
0.010000 -0.00552 -0.02872  0.03389 -0.03231  0.01605
0.010000 -0.06337 -0.05302  0.00954 -0.05157 -0.02079
0.010000  0.05917  0.00273  0.02609  0.01098  0.05858
0.010000 -0.01124 -0.02983  0.03804 -0.02478 -0.01945
0.010000  0.03137  0.05042  0.04166  0.00559  0.00686
0.010000  0.02130  0.04547 -0.00359  0.06339 -0.00593
0.010000  0.03951  0.03497  0.00742  0.00687  0.00904
0.010000  0.06442  0.06748  0.02567  0.00404  0.02137
0.010000 -0.04685 -0.04093 -0.00021 -0.01783 -0.01454
0.010000  0.00008  0.01972 -0.00836  0.01772 -0.00261
0.010000 -0.07721 -0.01663 -0.03934 -0.04853 -0.03081
0.010000  0.02469  0.03374  0.02753 -0.01108  0.01423
0.010000  0.02300  0.04742 -0.01390 -0.00840  0.02864
0.010000  0.04111 -0.00678  0.00353  0.04834  0.04154
0.010000  0.05045  0.04646  0.05464  0.06719  0.06185
0.010000 -0.02934 -0.00781  0.00680 -0.02444 -0.00337
0.010000  0.01090  0.00593  0.02736  0.03470  0.01451
0.010000  0.06967  0.05840  0.05706  0.02994  0.04710
0.010000 -0.04149 -0.00353 -0.01527 -0.04440 -0.00795
0.010000  0.04862  0.00413 -0.00660  0.03363  0.01453
0.010000  0.07122  0.04070  0.09324  0.01022  0.05243
0.010000 -0.05857 -0.03751 -0.02575 -0.02500 -0.06241
0.010000 -0.04233 -0.04717 -0.01211 -0.03325 -0.00725
0.010000  0.01959  0.01814 -0.00616  0.00428 -0.01546
0.010000 -0.03791 -0.05042 -0.02243  0.00651 -0.00939
0.010000 -0.03573 -0.01707 -0.03007 -0.01385 -0.00524
0.010000 -0.03145 -0.03034 -0.01450 -0.02213 -0.03971
0.010000  0.01787 -0.00599  0.02506  0.00425  0.02263
0.010000 -0.05147 -0.04638 -0.03897  0.00452 -0.03873
0.010000  0.02637  0.02200 -0.00644  0.01522  0.01706
0.010000 -0.04011 -0.02926 -0.01368 -0.02218 -0.01761
0.010000 -0.01318 -0.03372 -0.00501  0.01051  0.01585
0.010000  0.07102  0.06672 -0.00447  0.02912  0.05053
0.010000  0.04270 -0.01177  0.03122  0.03552 -0.01345
0.010000 -0.07465 -0.05169 -0.03987 -0.07591 -0.09343
0.010000  0.03302 -0.01710  0.05015 -0.02761  0.03883
0.010000  0.06885  0.01523  0.03135  0.01635  0.01905
0.010000 -0.02519 -0.03403  0.00003 -0.05015 -0.01321
0.010000 -0.04915 -0.00107 -0.03395  0.00761 -0.03913
0.010000  0.05491  0.06636  0.03468  0.09293  0.03604
0.010000 -0.07663 -0.03063 -0.03530 -0.05943 -0.03913
0.010000 -0.04458 -0.04660 -0.03290 -0.02275  0.00949
0.010000  0.00374 -0.03550  0.01128  0.01666  0.03021
0.010000  0.00555  0.04153  0.04786 -0.00591  0.00051
0.010000  0.04739  0.05640 -0.01251  0.02986  0.02611
0.010000  0.02971  0.03121 -0.00009  0.02359  0.02949
0.010000  0.06562  0.05857  0.03235  0.00425  0.01943
0.010000  0.02969  0.02631 -0.00337  0.03150  0.04790
0.010000  0.02805 -0.01951  0.01442 -0.01787  0.01304
0.010000  0.04584  0.00394  0.01461  0.04549  0.05463
0.010000  0.07202  0.04204  0.05899  0.04756  0.02149
0.010000 -0.00741 -0.01706 -0.00991  0.01746 -0.01277
0.010000 -0.01514 -0.02288  0.00802 -0.02406  0.02199
0.010000 -0.06097 -0.03409 -0.00045 -0.03845 -0.00858
0.010000 -0.06576 -0.05180 -0.03080 -0.02379  0.00752
0.010000  0.07055  0.05950  0.00765  0.07965  0.03964
0.010000 -0.03880 -0.03079 -0.00733 -0.05279 -0.00977
0.010000  0.06745  0.01865  0.00212  0.01734  0.02959
0.010000  0.07205  0.06943  0.06654  0.05581  0.07396
0.010000  0.06187  0.05891  0.04709  0.00508  0.05835
0.010000  0.05344  0.00496 -0.00794  0.00527  0.04664
0.010000  0.04428 -0.00576  0.00567  0.05487  0.02353
0.010000  0.05196 -0.00500  0.02109  0.01205  0.06964
