# Scenario generation method from a paper by Hoyland, Kaut & Wallace
# Code by Michal Kaut (michal.kaut@iot.ntnu.n) & Diego Mathieu

#   prob   var  1   var  2   var  3   var  4   var  5
0.010000 -0.07670 -0.05186 -0.03998 -0.04390 -0.08874
0.010000 -0.08281 -0.05281 -0.03942 -0.06448 -0.03013
0.010000  0.03392  0.03780 -0.00725  0.04653 -0.03006
0.010000  0.06914  0.02146  0.03382 -0.00522  0.02218
0.010000 -0.07780 -0.04365 -0.03230 -0.02251 -0.03089
0.010000 -0.01258 -0.04704  0.01533 -0.03123  0.02864
0.010000 -0.03588 -0.02177 -0.00358 -0.01119  0.00192
0.010000  0.04784  0.01693  0.05221  0.01557  0.04526
0.010000  0.01042  0.02366 -0.02206  0.01752  0.01486
0.010000  0.00256  0.01424 -0.00264  0.03059  0.00028
0.010000 -0.00068 -0.03469  0.04202  0.00438 -0.02268
0.010000  0.05190  0.00128  0.01039  0.03686  0.04224
0.010000  0.01499  0.02646  0.00770  0.00515 -0.04582
0.010000  0.05721  0.04933  0.01892  0.03846  0.02497
0.010000  0.05457  0.06353  0.02630  0.02591  0.00933
0.010000  0.06485  0.04947  0.03579  0.02664  0.00180
0.010000  0.05056  0.06527  0.05687  0.02567  0.03723
0.010000 -0.03806 -0.03909  0.00301 -0.02232 -0.02085
0.010000 -0.01800 -0.04259 -0.02983 -0.00507 -0.00670
0.010000  0.03955  0.06015 -0.01039  0.01455  0.01589
0.010000 -0.02560 -0.02283  0.02855 -0.00353  0.01614
0.010000  0.06703  0.06621 -0.00068  0.04000  0.04155
0.010000  0.05850  0.03650 -0.00972  0.05047  0.03326
0.010000 -0.05780 -0.04450 -0.03902 -0.05911 -0.05925
0.010000 -0.01986  0.01310 -0.02470 -0.02199  0.00032
0.010000 -0.08009 -0.04269 -0.04028 -0.04790 -0.03255
0.010000  0.05324  0.01543  0.03882  0.02110  0.01019
0.010000  0.00416 -0.01550  0.00521  0.00879  0.04169
0.010000 -0.00737 -0.03233 -0.01216  0.00689 -0.01734
0.010000 -0.01083 -0.03606  0.02451  0.00994 -0.01036
0.010000  0.04095 -0.00493  0.01186  0.05763  0.06873
0.010000  0.02094  0.04044  0.00072 -0.01391 -0.00916
0.010000 -0.04030  0.00211  0.00283 -0.03039 -0.00260
0.010000 -0.02758 -0.02138  0.03363 -0.01672  0.00364
0.010000  0.06914  0.04391  0.04753  0.05593  0.03047
0.010000 -0.02960 -0.02495 -0.01986 -0.02536  0.02291
0.010000  0.04920  0.06262  0.05913  0.00813  0.04307
0.010000  0.04372  0.04714  0.03324  0.02882  0.03613
0.010000 -0.07325 -0.03980 -0.04074 -0.05219  0.00054
0.010000  0.07131  0.06470  0.00864  0.06227  0.03176
0.010000  0.07265  0.04819  0.01548 -0.00118  0.03409
0.010000 -0.03374 -0.04816 -0.00890 -0.03348  0.01083
0.010000  0.00732 -0.03307 -0.01681  0.02000 -0.02005
0.010000  0.00888 -0.03343 -0.00046  0.05107 -0.00614
0.010000  0.06812  0.01375  0.07208  0.02298  0.04220
0.010000  0.03675  0.01228 -0.00651  0.02644  0.02934
0.010000  0.02387 -0.00675  0.02882  0.05735  0.03690
0.010000 -0.04494 -0.01918 -0.01532 -0.04863 -0.01831
0.010000  0.06230  0.02870  0.06718 -0.00628  0.02108
0.010000  0.02821  0.05749  0.01055  0.03080  0.02796
0.010000  0.01348  0.04796  0.01753  0.03295  0.01208
0.010000  0.01947 -0.03180 -0.00385  0.05010  0.05189
0.010000 -0.04736 -0.04289 -0.02707  0.00051 -0.03130
0.010000  0.00095  0.03958  0.00573 -0.02762  0.02567
0.010000 -0.06361 -0.02717  0.03698 -0.02896 -0.02826
0.010000  0.05547  0.02584  0.01722  0.01534  0.05983
0.010000  0.07228  0.06672  0.03786  0.03849  0.01480
0.010000 -0.00399 -0.04149  0.01307 -0.00049 -0.05884
0.010000 -0.02366 -0.02883 -0.00692 -0.01432 -0.01396
0.010000  0.02241  0.02598  0.04480 -0.00641  0.00584
0.010000 -0.01617 -0.00100 -0.00044 -0.00362  0.01559
0.010000  0.00575 -0.02717 -0.01525 -0.02868  0.01288
0.010000 -0.05506 -0.05138 -0.02878 -0.03600 -0.02980
0.010000  0.07095  0.04784  0.03787  0.08459  0.06143
0.010000 -0.06991 -0.03799 -0.00431 -0.05676 -0.01871
0.010000 -0.01437  0.01282  0.01629  0.00998 -0.00727
0.010000  0.01815 -0.02993  0.03618  0.00426  0.04283
0.010000  0.04510 -0.00417  0.04437 -0.00762  0.06461
0.010000  0.05979  0.00112  0.04159  0.04679  0.06965
0.010000 -0.00567  0.01933 -0.00114  0.01899  0.01943
0.010000  0.03250  0.02629 -0.01366  0.06773  0.00821
0.010000  0.05589  0.00747 -0.00421  0.01988  0.04571
0.010000 -0.00233 -0.01984 -0.00440 -0.03210 -0.00936
0.010000  0.03108 -0.00959 -0.00251 -0.02492  0.03160
0.010000  0.02532  0.02626  0.00020  0.06723  0.00720
0.010000 -0.03165 -0.04201 -0.00588 -0.02132 -0.01456
0.010000  0.03815  0.01139  0.00326  0.00476  0.02802
0.010000 -0.02174 -0.00401 -0.01186 -0.02486 -0.01104
0.010000  0.07271  0.01616  0.05261  0.03591  0.05144
0.010000 -0.06065 -0.04780 -0.03415 -0.05925 -0.00485
0.010000  0.02965 -0.00373 -0.01959  0.03073  0.03240
0.010000 -0.04984 -0.04850  0.02085 -0.04362 -0.01485
0.010000  0.04647  0.00199 -0.00120  0.03832  0.02633
0.010000  0.03534 -0.00492  0.05728  0.02929  0.02258
0.010000  0.06106  0.05571  0.05179  0.06928  0.02113
0.010000  0.01798  0.04939 -0.00146  0.00445 -0.01006
0.010000  0.07009  0.01150  0.09022  0.00926  0.05972
0.010000  0.06473  0.03959  0.01254  0.06118  0.05222
0.010000  0.01649 -0.03309 -0.01243  0.00801 -0.00934
0.010000 -0.04259 -0.05080 -0.01951  0.01699 -0.03502
0.010000 -0.06669 -0.02291 -0.02006 -0.05066 -0.07808
0.010000  0.07235  0.06645  0.06301  0.05205  0.04305
0.010000  0.06590  0.06651  0.01486  0.09942  0.05394
0.010000  0.02677  0.02862  0.00280 -0.01023  0.02893
0.010000  0.07169  0.06547  0.04662  0.01628  0.04246
0.010000  0.04234 -0.01303  0.03357 -0.00644  0.04262
0.010000  0.01196  0.00747  0.00922 -0.01990  0.02035
0.010000 -0.00909 -0.04648  0.00072 -0.00234  0.03341
0.010000 -0.05241 -0.05174 -0.01278 -0.04558 -0.02190
0.010000  0.06353  0.04684  0.01553  0.04079  0.02521
