# Scenario generation method from a paper by Hoyland, Kaut & Wallace
# Code by Michal Kaut (michal.kaut@iot.ntnu.n) & Diego Mathieu

#   prob   var  1   var  2   var  3   var  4   var  5
0.010000  0.03450  0.01062  0.00756  0.00367  0.04170
0.010000  0.01119 -0.01350 -0.00718  0.00116 -0.02464
0.010000 -0.01309  0.00104 -0.01469 -0.01225  0.00246
0.010000 -0.02215 -0.04589 -0.00188 -0.02420  0.04106
0.010000  0.03846  0.02894  0.05865  0.04343  0.01990
0.010000  0.02960  0.03108  0.01967  0.00561  0.02637
0.010000 -0.02695 -0.05072 -0.00513 -0.00754  0.02525
0.010000 -0.00077  0.00573 -0.00461  0.01728  0.03457
0.010000 -0.01881 -0.01396  0.00195  0.00424 -0.01776
0.010000 -0.00395  0.00045  0.00057 -0.00919 -0.01611
0.010000 -0.01382 -0.02990 -0.01014  0.00904  0.04664
0.010000  0.04124  0.07783  0.03258  0.02673  0.02053
0.010000  0.04267  0.04867  0.02908  0.02142  0.05455
0.010000  0.02729  0.02089  0.01565  0.01239 -0.00433
0.010000  0.00334  0.00409  0.00906  0.00353 -0.02119
0.010000 -0.01271 -0.00613 -0.00144  0.00829 -0.03486
0.010000  0.01684  0.03037 -0.00439  0.00320 -0.00192
0.010000  0.04410  0.05805  0.01867  0.02540  0.02442
0.010000 -0.02712 -0.03751 -0.02201 -0.04097  0.04240
0.010000 -0.00316  0.00346 -0.01264 -0.04841  0.04294
0.010000 -0.00860  0.02374 -0.00861  0.01259  0.01195
0.010000 -0.01811 -0.00701 -0.01053 -0.00580  0.01617
0.010000  0.03079 -0.00478  0.03735  0.01844  0.06305
0.010000 -0.02017 -0.01142 -0.00470 -0.00943  0.03993
0.010000  0.01491  0.04414 -0.00164  0.00980 -0.01691
0.010000 -0.00552 -0.01453  0.00938 -0.00561  0.06947
0.010000  0.00589  0.00046  0.00860  0.01221  0.02559
0.010000 -0.01011  0.01726 -0.00290 -0.00203 -0.00776
0.010000  0.02083  0.02809  0.01863  0.01269  0.00255
0.010000  0.01981  0.04479  0.01054  0.02566  0.03350
0.010000  0.04031  0.01040  0.02300  0.02480  0.04183
0.010000 -0.00936 -0.03118 -0.01232  0.00809 -0.01155
0.010000  0.02187  0.02594  0.01693  0.01495  0.03133
0.010000  0.03711  0.03309  0.03235  0.01003  0.00232
0.010000  0.04781  0.03327  0.02086 -0.05161  0.07571
0.010000  0.00004  0.00263  0.00215  0.01869  0.00676
0.010000  0.03579  0.05022  0.02753 -0.01826  0.01755
0.010000 -0.02572 -0.03525 -0.01307  0.00182 -0.01900
0.010000 -0.00157  0.01372 -0.00355  0.01217 -0.01292
0.010000 -0.02621 -0.04049 -0.02055  0.01163  0.01394
0.010000 -0.01949 -0.01306 -0.00226  0.00085  0.03736
0.010000 -0.02782 -0.05537 -0.01342  0.00612 -0.00485
0.010000  0.00168 -0.00695  0.01889 -0.00850  0.06973
0.010000 -0.01235  0.00048 -0.01774  0.00224 -0.03175
0.010000  0.02617  0.00687  0.00305  0.01275  0.04716
0.010000  0.01029 -0.01563  0.02246 -0.01891  0.07225
0.010000 -0.00237  0.01426 -0.00017  0.00437  0.03331
0.010000 -0.01741 -0.02598  0.00534  0.00277  0.06898
0.010000 -0.01599 -0.01277 -0.01407 -0.01348  0.04208
0.010000 -0.00783 -0.02730 -0.00940 -0.00752 -0.01247
0.010000  0.04681  0.03550  0.04072  0.02517 -0.02077
0.010000  0.02399  0.05301  0.00151  0.00839 -0.00917
0.010000  0.01881  0.02290  0.01390 -0.02267  0.06944
0.010000  0.02292  0.04553  0.01439  0.02144 -0.00340
0.010000 -0.02570 -0.01741 -0.01715  0.01000 -0.02678
0.010000 -0.02750  0.00697 -0.01792 -0.02773 -0.01536
0.010000  0.00251 -0.01810  0.00104 -0.00607  0.00609
0.010000 -0.02001 -0.01308 -0.01915 -0.04678  0.00611
0.010000  0.00418  0.00271 -0.00062 -0.00554 -0.00248
0.010000  0.01303  0.01722  0.01382 -0.00453  0.06203
0.010000  0.04780  0.07301  0.02277  0.02147 -0.01104
0.010000 -0.02278 -0.02254 -0.01778  0.00186  0.02014
0.010000 -0.02364 -0.03570 -0.00389 -0.02118  0.06845
0.010000  0.00939  0.03401  0.01425  0.01648 -0.02396
0.010000  0.00850  0.00400  0.03409  0.02295  0.00499
0.010000  0.03200  0.02775  0.01964  0.01456  0.00197
0.010000  0.01424  0.03654  0.00782  0.03165 -0.03240
0.010000 -0.02340 -0.05567  0.01001  0.01531  0.03589
0.010000 -0.02516 -0.04296 -0.01490 -0.00768  0.00580
0.010000 -0.02084 -0.03922 -0.01333 -0.00344 -0.01548
0.010000 -0.02150 -0.05221 -0.01629 -0.00688  0.04354
0.010000  0.03984  0.03215  0.01597 -0.00978  0.03396
0.010000 -0.02807 -0.03468 -0.01142 -0.01493 -0.00821
0.010000 -0.01528 -0.03004 -0.01333  0.01836 -0.00211
0.010000 -0.00706 -0.00961 -0.00086  0.01507  0.01881
0.010000  0.00762 -0.00568  0.02412 -0.00869  0.02386
0.010000 -0.02821 -0.05041  0.00467  0.00760  0.04476
0.010000 -0.02668 -0.06631 -0.00606 -0.02713  0.04963
0.010000 -0.02823 -0.02176  0.00131  0.00396 -0.02179
0.010000 -0.00629 -0.00178 -0.00829  0.00028 -0.02110
0.010000 -0.01161 -0.01212 -0.00672 -0.00772  0.02941
0.010000  0.02507  0.02728  0.00345 -0.01937  0.04805
0.010000  0.03323  0.02618  0.04364 -0.00088  0.07512
0.010000 -0.02807 -0.05895 -0.02057 -0.03289  0.03716
0.010000 -0.01671  0.00188 -0.02008  0.00296 -0.04417
0.010000  0.01782  0.02367  0.00692  0.00759 -0.01115
0.010000 -0.02401 -0.01030 -0.01437 -0.00298  0.00603
0.010000  0.04551  0.04215  0.02096 -0.00110  0.02643
0.010000 -0.01455 -0.03989 -0.01246 -0.01141 -0.00935
0.010000  0.02844  0.03021  0.02110 -0.00173  0.02661
0.010000  0.01397 -0.01648  0.00201  0.00660  0.05918
0.010000 -0.01086 -0.02977  0.00675  0.01023  0.03464
0.010000 -0.02768 -0.02960 -0.02138 -0.00440 -0.03917
0.010000  0.01211  0.02741  0.02000  0.00025  0.06891
0.010000  0.00675  0.03216 -0.00160 -0.00076 -0.02208
0.010000  0.00086 -0.00260 -0.00942 -0.02272  0.06799
0.010000 -0.02459 -0.06065 -0.01835 -0.01373  0.02248
0.010000 -0.00473 -0.01310 -0.00884 -0.00505 -0.00938
0.010000  0.00503  0.00041  0.00949  0.02453  0.02661
0.010000  0.01587 -0.01606  0.01941  0.02340  0.02110
