# Scenario generation method from a paper by Hoyland, Kaut & Wallace
# Code by Michal Kaut (michal.kaut@iot.ntnu.n) & Diego Mathieu

#   prob   var  1   var  2   var  3   var  4   var  5
0.010000  0.00374 -0.00499 -0.00395 -0.00357  0.04634
0.010000 -0.01113 -0.02530 -0.01651  0.00389 -0.00632
0.010000 -0.03736 -0.03172 -0.02563  0.02137 -0.01271
0.010000 -0.04097 -0.04252 -0.02733 -0.01835 -0.06819
0.010000  0.07020  0.10420  0.05671  0.01601  0.04414
0.010000  0.04410  0.02008  0.04188  0.00807  0.01592
0.010000 -0.05545 -0.04531 -0.02662 -0.01801 -0.06111
0.010000  0.08668  0.02727  0.08910  0.06761  0.07443
0.010000 -0.01284  0.02826  0.00589 -0.01112 -0.04604
0.010000  0.00562  0.02242 -0.00002 -0.00934 -0.04209
0.010000  0.02181 -0.01325 -0.00435 -0.00413  0.05134
0.010000 -0.06054 -0.04123 -0.02682 -0.00645 -0.05445
0.010000  0.01934  0.04403  0.01651  0.00660  0.05167
0.010000  0.05746  0.04494  0.02863  0.00727  0.03284
0.010000 -0.07641 -0.07358 -0.02973 -0.01933 -0.06430
0.010000 -0.03298 -0.00851 -0.01894 -0.00072  0.02244
0.010000  0.01815 -0.00878  0.00835 -0.00422  0.01889
0.010000  0.01475  0.03218  0.00619  0.06891  0.05093
0.010000  0.02444 -0.00676 -0.00393  0.01085  0.00636
0.010000 -0.00516 -0.01273 -0.00203 -0.00311 -0.01852
0.010000 -0.00430  0.03889  0.00702 -0.00105  0.01863
0.010000  0.00658  0.01483  0.02569  0.00318  0.02649
0.010000 -0.01975 -0.02137 -0.01752  0.00979 -0.00691
0.010000  0.01053  0.00651  0.00554  0.00718  0.03498
0.010000 -0.02608 -0.01804 -0.00965  0.06885  0.03332
0.010000 -0.00858 -0.05421 -0.02619 -0.01553 -0.02641
0.010000 -0.02702 -0.01092 -0.01992 -0.01601 -0.06351
0.010000  0.03545  0.04641  0.03121  0.01627  0.02665
0.010000  0.00754 -0.03099  0.00687 -0.00179 -0.03141
0.010000 -0.01887  0.01845  0.00807 -0.00509 -0.02597
0.010000  0.01586  0.02270 -0.00418 -0.00672 -0.03882
0.010000  0.02310  0.02070  0.01662 -0.00271 -0.03278
0.010000  0.00468 -0.00077 -0.00510  0.00969 -0.03227
0.010000 -0.05143 -0.04797 -0.02633 -0.01880 -0.05318
0.010000 -0.00343  0.00615 -0.01018 -0.00308 -0.03877
0.010000  0.01699 -0.00889 -0.00158  0.00853  0.05489
0.010000 -0.02152 -0.01416 -0.01362  0.02420 -0.01481
0.010000 -0.01540 -0.02624 -0.00523 -0.00976 -0.05008
0.010000 -0.00688 -0.01580 -0.00684 -0.00526 -0.05085
0.010000  0.05330  0.04843  0.06827  0.07108  0.07534
0.010000  0.01367 -0.01296 -0.01531 -0.00769  0.00256
0.010000  0.03029 -0.01512  0.02036  0.00141  0.02346
0.010000 -0.03194 -0.05825 -0.02903 -0.01831 -0.00164
0.010000 -0.03512 -0.01212 -0.02235 -0.01011 -0.04892
0.010000  0.00853 -0.00805 -0.01364 -0.00700 -0.02490
0.010000 -0.02993 -0.02669 -0.01898 -0.01665 -0.03375
0.010000 -0.03972 -0.01360 -0.01112 -0.01156 -0.03210
0.010000 -0.04359 -0.04779 -0.02836 -0.01863 -0.04286
0.010000  0.03363  0.01061  0.00234  0.02085  0.02636
0.010000  0.01156  0.07534  0.02748  0.00178 -0.02670
0.010000 -0.04966 -0.06002 -0.02957  0.01367 -0.04173
0.010000  0.00100 -0.00628 -0.01155 -0.00892  0.00742
0.010000  0.03737  0.07216  0.02370  0.01418  0.05980
0.010000 -0.01713 -0.03338 -0.01924  0.02058  0.03404
0.010000 -0.02332 -0.01731  0.00526  0.00706  0.01358
0.010000  0.03944  0.04765  0.03529  0.01202  0.01787
0.010000 -0.02063 -0.01513 -0.00781 -0.01077  0.00211
0.010000 -0.05334 -0.06651 -0.02840 -0.01955 -0.02752
0.010000 -0.06384 -0.05481 -0.02961 -0.01983 -0.05965
0.010000 -0.02895 -0.02467 -0.02433 -0.00927  0.00052
0.010000 -0.03093 -0.00552 -0.01831 -0.01625 -0.05192
0.010000  0.00282 -0.00407 -0.00592  0.02294 -0.00462
0.010000 -0.01455  0.07251  0.00949  0.04221  0.00777
0.010000 -0.01369 -0.02154 -0.01769 -0.01459 -0.03314
0.010000  0.02874  0.01735  0.01074 -0.00047 -0.01340
0.010000  0.06273  0.03565  0.03629  0.01230  0.06392
0.010000  0.04981  0.01414  0.02464  0.03737  0.02034
0.010000  0.02056  0.03578  0.01236 -0.00297 -0.03575
0.010000 -0.00256  0.02094 -0.00134  0.00036 -0.01042
0.010000 -0.02423 -0.03059 -0.02081 -0.01577 -0.06329
0.010000 -0.03622 -0.02724 -0.01976 -0.01263 -0.02138
0.010000 -0.00943  0.01706 -0.00753 -0.01243  0.01900
0.010000 -0.01800 -0.01086 -0.00667 -0.01270 -0.02321
0.010000 -0.02515  0.03084  0.00244  0.00933 -0.04860
0.010000 -0.00773 -0.02263 -0.00903  0.00133  0.04660
0.010000  0.02582 -0.01167  0.01752  0.06403  0.05583
0.010000 -0.03404 -0.01475 -0.02219 -0.01623 -0.06374
0.010000  0.00010 -0.02505 -0.02104 -0.01273 -0.00707
0.010000 -0.02241  0.00515 -0.00892  0.00773  0.03973
0.010000 -0.00168  0.01122  0.00558 -0.00439 -0.01754
0.010000 -0.00080  0.02522  0.01728 -0.00533  0.01062
0.010000 -0.01198  0.03652  0.00256 -0.00100 -0.03773
0.010000  0.00952  0.01330  0.03287  0.04026  0.06407
0.010000 -0.04225 -0.06892 -0.03045 -0.00911  0.01482
0.010000 -0.04499 -0.02451  0.01625  0.00471 -0.05874
0.010000  0.01260  0.01856 -0.00832 -0.00939 -0.05063
0.010000 -0.05781 -0.03401 -0.02610 -0.01885 -0.06748
0.010000 -0.02798 -0.04711 -0.02784 -0.01439 -0.02148
0.010000 -0.03852 -0.02321 -0.02540  0.01109  0.01784
0.010000  0.03192  0.02691  0.00654 -0.00338  0.02557
0.010000 -0.04801 -0.02852 -0.02087 -0.01216 -0.06581
0.010000  0.04678  0.00404  0.01667  0.00744  0.06249
0.010000 -0.01028 -0.02990 -0.01970 -0.01429 -0.03926
0.010000  0.02725  0.02535  0.01589  0.00583  0.03432
0.010000 -0.00602 -0.01780 -0.01926  0.03048  0.03921
0.010000 -0.01626 -0.01534  0.01891 -0.00814 -0.01235
0.010000  0.04166  0.02424  0.01223  0.02132 -0.00033
0.010000 -0.04646 -0.00465 -0.01939  0.00736 -0.05305
0.010000  0.00190 -0.01334 -0.00392 -0.00434 -0.03079
0.010000 -0.06821 -0.05496 -0.02972 -0.01840 -0.05421
