# Scenario generation method from a paper by Hoyland, Kaut & Wallace
# Code by Michal Kaut (michal.kaut@iot.ntnu.n) & Diego Mathieu

#   prob   var  1   var  2   var  3   var  4   var  5
0.010000  0.02838 -0.00896  0.01895  0.01408  0.01682
0.010000 -0.00686 -0.01452 -0.01095 -0.00693 -0.03948
0.010000 -0.00320 -0.01078 -0.00723 -0.00139  0.00866
0.010000  0.00607  0.00662  0.00806 -0.01207 -0.00000
0.010000 -0.03068 -0.02243 -0.01482 -0.03998 -0.01579
0.010000  0.00553  0.00012  0.00041  0.00070  0.00287
0.010000  0.00399 -0.00954 -0.01162  0.00557 -0.00236
0.010000  0.00068 -0.02292 -0.01357  0.00164  0.01202
0.010000  0.02042 -0.00986  0.01086  0.00919  0.01543
0.010000 -0.00727  0.00610 -0.00207 -0.01751 -0.00720
0.010000 -0.02938 -0.02963 -0.00479 -0.02310  0.00365
0.010000 -0.01181 -0.01622  0.01087 -0.01437 -0.00247
0.010000 -0.01585 -0.02304  0.00306  0.00482  0.00528
0.010000  0.01167 -0.01328 -0.01681  0.01638  0.00730
0.010000  0.00662  0.00635  0.00648  0.00246  0.00539
0.010000  0.01242 -0.00570 -0.01459  0.00836  0.01034
0.010000 -0.00890 -0.02721 -0.00223  0.00829  0.01198
0.010000 -0.01355 -0.02342 -0.01651  0.01242 -0.01390
0.010000 -0.01682 -0.02444  0.04906 -0.00176  0.00797
0.010000 -0.01732 -0.02834 -0.01673 -0.01608 -0.00441
0.010000 -0.01943  0.00128 -0.00304 -0.01736 -0.01722
0.010000 -0.00606 -0.01144 -0.01660 -0.01712  0.00359
0.010000 -0.02118 -0.02973 -0.01480 -0.02564  0.00024
0.010000  0.01683  0.03347  0.00055  0.02174 -0.01185
0.010000 -0.02314 -0.00669  0.01180 -0.03869  0.00319
0.010000 -0.01835  0.01454  0.01147 -0.01555 -0.02059
0.010000  0.00023 -0.00935  0.02110  0.00895  0.00875
0.010000  0.00836  0.01303 -0.00819 -0.01065 -0.00539
0.010000 -0.03221 -0.03062 -0.00407 -0.01251 -0.01363
0.010000 -0.02246 -0.00819 -0.01227 -0.02958 -0.00043
0.010000 -0.01139  0.00769 -0.00792 -0.01005 -0.00349
0.010000 -0.00767 -0.01741 -0.00733 -0.03045  0.00522
0.010000  0.01583  0.01000 -0.00388  0.00535  0.00685
0.010000 -0.00808 -0.02348 -0.01163 -0.02073 -0.00697
0.010000 -0.01491  0.00314  0.01540 -0.00789 -0.01694
0.010000 -0.00972 -0.01919 -0.00060  0.01660 -0.02144
0.010000  0.04100  0.01805 -0.00709  0.02037  0.00516
0.010000  0.00205  0.00307  0.02071  0.00386 -0.00451
0.010000  0.01402 -0.00240 -0.00797 -0.01021 -0.01907
0.010000 -0.00525  0.00655 -0.00486  0.00829 -0.00391
0.010000 -0.01400 -0.01853  0.02612 -0.02152  0.00440
0.010000  0.02572  0.02942 -0.01296  0.03238 -0.00545
0.010000 -0.01888 -0.03045 -0.00191 -0.02396  0.00565
0.010000 -0.02462 -0.02915  0.01019 -0.01397 -0.01359
0.010000 -0.00151 -0.01715 -0.00795 -0.00456 -0.00318
0.010000 -0.00849 -0.01185  0.00708  0.00415 -0.01819
0.010000 -0.02000 -0.01612  0.00458  0.00334 -0.00355
0.010000  0.01791 -0.00534  0.02482  0.05082 -0.00530
0.010000 -0.02181 -0.00842 -0.01956 -0.03431 -0.01818
0.010000 -0.00194 -0.01574 -0.00447  0.00577  0.00379
0.010000  0.02364  0.01179  0.00172  0.01136 -0.01609
0.010000 -0.01445 -0.00981 -0.01211 -0.00400 -0.03205
0.010000 -0.01537 -0.02889 -0.01559 -0.00155 -0.00166
0.010000  0.03221 -0.00817 -0.00096  0.00945 -0.00004
0.010000 -0.03677  0.00550  0.02369 -0.00491 -0.03380
0.010000 -0.02058 -0.01057  0.03019  0.03502 -0.04122
0.010000  0.00718 -0.01222 -0.00286  0.01009  0.00269
0.010000 -0.00108 -0.01928 -0.00620 -0.00361  0.01287
0.010000  0.00449 -0.00357 -0.01609 -0.00789 -0.02971
0.010000 -0.01055 -0.01341 -0.01572 -0.01695 -0.00603
0.010000  0.01320 -0.01661 -0.01475  0.01260  0.01517
0.010000 -0.03412 -0.03307 -0.02343 -0.03535  0.00017
0.010000  0.00159 -0.02343  0.00144  0.01028  0.00694
0.010000  0.00776  0.02272 -0.01015 -0.01149 -0.00438
0.010000 -0.01783 -0.03019  0.03380  0.00021 -0.01401
0.010000 -0.01633 -0.01033 -0.00676 -0.00577 -0.00245
0.010000 -0.00646 -0.00420 -0.01538 -0.00822 -0.05306
0.010000  0.01096  0.01255 -0.00485 -0.00632  0.00778
0.010000  0.01027  0.02777  0.00257 -0.01958 -0.02337
0.010000  0.00501  0.00308  0.00291  0.00988 -0.01090
0.010000 -0.00236  0.01207 -0.01145 -0.01961 -0.00019
0.010000  0.00349  0.02151 -0.00542 -0.00397  0.00080
0.010000 -0.01097  0.02772 -0.00690 -0.00945 -0.01972
0.010000 -0.00361  0.03382  0.00376  0.00047 -0.01440
0.010000 -0.02722 -0.02874 -0.00095 -0.00191 -0.01807
0.010000 -0.01311 -0.00404 -0.01687 -0.00917 -0.00671
0.010000 -0.01267  0.00872  0.00288  0.00297 -0.04455
0.010000  0.00253  0.02941  0.00149 -0.01781 -0.00215
0.010000  0.00961  0.00305  0.00694  0.00705  0.00515
0.010000 -0.00565 -0.00689 -0.00815 -0.01130 -0.01044
0.010000 -0.04240 -0.00222 -0.00740 -0.02584 -0.01027
0.010000 -0.00931 -0.00945  0.00339 -0.01066 -0.00424
0.010000  0.00898  0.03335 -0.00427  0.00830 -0.01969
0.010000 -0.00402 -0.01598 -0.00855 -0.02136  0.01089
0.010000 -0.02542 -0.01840 -0.00387 -0.03798 -0.04016
0.010000  0.01910  0.02503 -0.00610  0.02092 -0.00280
0.010000 -0.00484  0.00607  0.00833 -0.01274  0.00231
0.010000 -0.00021 -0.02111  0.00248 -0.01438  0.01036
0.010000 -0.00278 -0.02189 -0.00544  0.00139  0.00806
0.010000 -0.00065  0.00714 -0.02018 -0.01855 -0.01316
0.010000 -0.01224 -0.00167  0.00835 -0.03962 -0.00177
0.010000 -0.02628 -0.02892  0.01364 -0.00955 -0.02012
0.010000 -0.02386 -0.00290 -0.00555 -0.03833 -0.00257
0.010000  0.00300 -0.01142 -0.01406  0.02079 -0.02060
0.010000 -0.02824 -0.02282 -0.02252 -0.03520 -0.00656
0.010000 -0.00443  0.01839 -0.00706 -0.02319 -0.04348
0.010000 -0.01013 -0.01743 -0.00778 -0.01368 -0.00548
0.010000  0.00113 -0.02086  0.00897  0.00088 -0.05338
0.010000  0.01490  0.02534  0.01599  0.01222 -0.01698
0.010000  0.02191 -0.01167 -0.01222  0.01568  0.00024
