# Scenario generation method from a paper by Hoyland, Kaut & Wallace
# Code by Michal Kaut (michal.kaut@iot.ntnu.n) & Diego Mathieu

#   prob   var  1   var  2   var  3   var  4   var  5
0.010000  0.06609  0.02772  0.02971 -0.00270  0.01130
0.010000  0.06863  0.00951  0.03391  0.06757  0.05899
0.010000  0.01682  0.01792 -0.00089 -0.01262  0.03823
0.010000  0.02300  0.02035 -0.00253 -0.01543 -0.02105
0.010000  0.00151 -0.01549  0.00056  0.01442 -0.03337
0.010000 -0.00675  0.01068 -0.00976 -0.01095 -0.00617
0.010000  0.00361  0.00890  0.00691 -0.01041  0.02622
0.010000 -0.01251 -0.01325 -0.00651  0.04024  0.00181
0.010000 -0.01996 -0.01284 -0.00396  0.00709 -0.00846
0.010000 -0.02322 -0.02669 -0.01097  0.02999 -0.05425
0.010000  0.01984  0.01304  0.00943  0.03847  0.01705
0.010000 -0.02264  0.00017 -0.01348  0.01732 -0.01416
0.010000  0.01393 -0.01235  0.01868  0.04499  0.04296
0.010000  0.05398  0.02113  0.01050  0.01620  0.06647
0.010000 -0.01838 -0.00489 -0.01466  0.04142  0.02317
0.010000  0.01254 -0.01507  0.00625  0.04818  0.05787
0.010000  0.03335  0.02908  0.00127 -0.01824  0.01459
0.010000 -0.02101  0.00538 -0.01161  0.04190 -0.00099
0.010000  0.00601  0.02284  0.08280 -0.00002  0.04975
0.010000  0.04948  0.01219  0.01006  0.06647  0.06524
0.010000 -0.02109 -0.01778 -0.00241  0.01707  0.00640
0.010000  0.01536  0.00517  0.00719  0.01816  0.03294
0.010000 -0.02174 -0.01254 -0.00864  0.02678 -0.01739
0.010000  0.00245  0.02087 -0.01004 -0.01498  0.01577
0.010000 -0.02250 -0.00262 -0.00967  0.06679  0.01663
0.010000  0.07577  0.03482  0.01811 -0.01671  0.02989
0.010000  0.00726  0.02428 -0.00170 -0.01323 -0.00055
0.010000  0.07487  0.03168  0.01849 -0.01643  0.04229
0.010000 -0.00936  0.01557 -0.01120 -0.01526 -0.02723
0.010000 -0.01395 -0.02202  0.00284  0.08260 -0.01913
0.010000  0.05630  0.00390  0.04938  0.05006  0.05729
0.010000  0.02975  0.01951  0.00673  0.00610 -0.00987
0.010000  0.04309  0.01892  0.00811 -0.01455  0.04075
0.010000 -0.01276 -0.00227  0.00013  0.00010  0.02830
0.010000  0.01832  0.02779 -0.00570 -0.01919  0.00779
0.010000  0.01949 -0.01134  0.00602  0.01957  0.01158
0.010000  0.00480  0.01850 -0.00772 -0.01181  0.03026
0.010000 -0.00851  0.01529 -0.01306 -0.00949 -0.03601
0.010000  0.07386  0.02898  0.05005  0.07286  0.08785
0.010000 -0.02357 -0.00536 -0.01407  0.01065  0.01805
0.010000  0.00132  0.00700 -0.00094  0.06571  0.01811
0.010000  0.03712  0.01970  0.00464 -0.01540  0.01599
0.010000 -0.00086  0.01554 -0.01192 -0.01678 -0.04522
0.010000 -0.02190 -0.00642 -0.01122  0.04304 -0.04343
0.010000 -0.01176 -0.00075 -0.00710  0.00296 -0.00374
0.010000 -0.01713 -0.00129 -0.00284  0.03413 -0.02677
0.010000  0.02801  0.02905  0.00796 -0.01668  0.03402
0.010000 -0.01529  0.00989  0.01221 -0.00059  0.01347
0.010000  0.03522  0.00438  0.01584  0.06857  0.03273
0.010000 -0.02288  0.00524 -0.00081  0.03030  0.04331
0.010000  0.02463 -0.00571  0.00343  0.04428 -0.00462
0.010000 -0.02327  0.01264  0.00065  0.00377 -0.02436
0.010000 -0.02358 -0.00377 -0.00971  0.01054  0.02226
0.010000 -0.01926 -0.01395  0.00513  0.03435 -0.08922
0.010000 -0.01876 -0.01203 -0.00850  0.01338  0.04231
0.010000 -0.00750  0.00624 -0.00644 -0.01209 -0.00838
0.010000  0.02630  0.00459  0.00563  0.05866 -0.00793
0.010000  0.04730 -0.00743  0.01531  0.07405 -0.00400
0.010000 -0.02353  0.00240 -0.01260  0.03126 -0.02483
0.010000  0.05868  0.02443  0.03686  0.00624  0.05159
0.010000 -0.01824 -0.00324 -0.01638 -0.00212 -0.01763
0.010000 -0.01974  0.01426 -0.01867  0.00242  0.01088
0.010000 -0.02351 -0.00614 -0.01423  0.03919 -0.03241
0.010000 -0.01018 -0.01500 -0.00604  0.00439 -0.00858
0.010000  0.04106  0.03319  0.00616  0.01437  0.05399
0.010000 -0.00191 -0.00240  0.03493  0.08001 -0.01821
0.010000  0.04517  0.01847  0.03501  0.00895  0.03944
0.010000 -0.00583  0.01507 -0.00619 -0.00193 -0.02745
0.010000 -0.02309 -0.01169 -0.01766  0.06979 -0.03081
0.010000  0.07362  0.00147  0.02908  0.05389  0.00085
0.010000  0.02141  0.02583  0.00399 -0.01694  0.03060
0.010000  0.06358  0.00559  0.04472  0.04005  0.04310
0.010000 -0.02139  0.00482 -0.01643 -0.00003  0.05327
0.010000 -0.02341 -0.01612 -0.01582 -0.00324 -0.03106
0.010000 -0.01098 -0.00871 -0.00448 -0.00387 -0.03237
0.010000 -0.00489 -0.01184 -0.00717 -0.00036  0.00691
0.010000 -0.01770  0.02130 -0.02346 -0.01697 -0.02996
0.010000 -0.01324 -0.00900 -0.01322  0.05802 -0.05985
0.010000  0.01117 -0.00382  0.00443  0.02901  0.00626
0.010000 -0.02237 -0.02183 -0.00423  0.02243 -0.00131
0.010000  0.00984  0.00220 -0.00053 -0.00313 -0.01365
0.010000 -0.02292  0.00850 -0.01420 -0.01293  0.03151
0.010000  0.00022  0.00350 -0.00867 -0.01285  0.03266
0.010000  0.06111  0.03025  0.05840 -0.00642  0.07676
0.010000 -0.02207  0.01242 -0.02132  0.00867  0.02665
0.010000 -0.00293 -0.00356 -0.00034  0.07297 -0.01485
0.010000 -0.02061  0.00291 -0.00253  0.06317  0.01977
0.010000 -0.01612  0.00871 -0.00545 -0.01323 -0.01516
0.010000  0.07116  0.01948  0.01943  0.06863 -0.00121
0.010000 -0.02342 -0.00171 -0.01328 -0.01132 -0.01889
0.010000  0.00853 -0.00028  0.02718  0.05187  0.05879
0.010000 -0.01463 -0.01739 -0.01140 -0.00027 -0.00566
0.010000 -0.00765 -0.01320 -0.00597  0.07520  0.01067
0.010000 -0.01654  0.02068 -0.00956 -0.01506  0.02202
0.010000  0.03907  0.00277  0.00692  0.00195 -0.03645
0.010000 -0.02019 -0.02515 -0.00882  0.04550  0.02553
0.010000 -0.00392 -0.00183 -0.00768  0.06293 -0.01704
0.010000 -0.01593 -0.00652  0.00952  0.00665  0.00768
0.010000  0.03153  0.00181  0.01744  0.01133  0.05084
0.010000  0.05170  0.01583  0.00963 -0.01176  0.04255
