# Scenario generation method from a paper by Hoyland, Kaut & Wallace
# Code by Michal Kaut (michal.kaut@iot.ntnu.n) & Diego Mathieu

#   prob   var  1   var  2   var  3   var  4   var  5
0.010000 -0.03870 -0.06395 -0.02560  0.00998 -0.00223
0.010000 -0.04735  0.04621 -0.00532 -0.01034  0.01398
0.010000 -0.00375  0.02815  0.00822 -0.00377 -0.01073
0.010000  0.03150  0.02859  0.00605  0.01173  0.00640
0.010000 -0.03021 -0.00288 -0.00837  0.00674  0.00260
0.010000 -0.03718 -0.01963 -0.03438 -0.00153 -0.03176
0.010000 -0.04937  0.02783 -0.03223 -0.01096  0.00609
0.010000  0.02026  0.02043  0.00136 -0.00087 -0.01805
0.010000 -0.01941  0.00506  0.00218 -0.02275 -0.00081
0.010000  0.05820 -0.00741 -0.00868  0.02304  0.03364
0.010000 -0.02284  0.00233 -0.00295 -0.01067  0.02127
0.010000  0.03785  0.04141  0.01902  0.01319  0.01136
0.010000  0.04668  0.01304  0.01461  0.00989  0.00003
0.010000 -0.02054 -0.00054 -0.00044  0.00491 -0.02386
0.010000  0.03030  0.03950  0.01036 -0.00768  0.02745
0.010000  0.00412 -0.01896 -0.00247 -0.00185 -0.03661
0.010000  0.07021  0.00820  0.00156 -0.01374  0.00445
0.010000 -0.01398 -0.00816 -0.00095 -0.00572 -0.03535
0.010000  0.02459  0.00526  0.00570 -0.00000 -0.01010
0.010000  0.00608  0.01988  0.00943 -0.03422 -0.00806
0.010000  0.02570  0.03865  0.01763  0.00436 -0.03769
0.010000 -0.03289  0.00346 -0.00194  0.00216 -0.00202
0.010000 -0.05934  0.00884 -0.03866 -0.01006 -0.02857
0.010000 -0.07220 -0.02520 -0.02887 -0.00333 -0.04384
0.010000 -0.00078  0.02755  0.00108 -0.01101 -0.00347
0.010000 -0.03571  0.00477 -0.00326  0.00557 -0.01847
0.010000  0.01712  0.00866 -0.00507  0.00416  0.02122
0.010000  0.01203  0.00098  0.00829  0.01053 -0.02066
0.010000 -0.00177 -0.00122  0.00552 -0.01324  0.00530
0.010000 -0.05645 -0.00876 -0.03455  0.01423 -0.03502
0.010000  0.02913  0.02175  0.00640  0.01385  0.02151
0.010000  0.00805  0.00860  0.00072  0.00523  0.00326
0.010000  0.07479  0.02030  0.00906  0.01441  0.03801
0.010000  0.02797  0.01864  0.00640  0.00433  0.01272
0.010000 -0.04545 -0.02010 -0.02733  0.00624  0.01468
0.010000 -0.02168 -0.02093 -0.03490  0.00613  0.00523
0.010000 -0.02642  0.02657 -0.00376 -0.00298  0.02503
0.010000  0.01609  0.01351  0.00292  0.00911 -0.01135
0.010000 -0.04193 -0.05081 -0.02472  0.01877 -0.00535
0.010000  0.00118  0.02761 -0.00852  0.00254  0.00597
0.010000  0.00020  0.00064  0.00396  0.00493  0.02330
0.010000 -0.01292 -0.01271  0.00056  0.00391  0.00779
0.010000  0.02240  0.04335  0.00995  0.00285  0.00928
0.010000  0.03272  0.00507 -0.00067 -0.01019  0.02486
0.010000  0.04061 -0.00750  0.00358  0.01709  0.01153
0.010000  0.04508  0.05065  0.01318  0.00921  0.00306
0.010000 -0.01612  0.02445  0.00681 -0.00398 -0.00635
0.010000  0.05387  0.01793  0.00244  0.00744  0.03706
0.010000 -0.02401 -0.00323 -0.02080  0.00070 -0.01669
0.010000 -0.02892 -0.01035 -0.00364 -0.01385 -0.01950
0.010000  0.01920 -0.00601  0.00729  0.00115 -0.02193
0.010000  0.00314  0.02159  0.00329  0.00232  0.00881
0.010000 -0.05388 -0.01974 -0.01814  0.00650 -0.00555
0.010000 -0.02766 -0.00291 -0.05397  0.00094  0.01215
0.010000 -0.03154  0.01997 -0.00006 -0.01162 -0.00721
0.010000  0.02683  0.02860  0.01040 -0.00786  0.00294
0.010000  0.05009  0.04695  0.02209  0.00134 -0.01619
0.010000 -0.00981 -0.01461 -0.00444  0.00044 -0.01343
0.010000  0.01003  0.02958  0.00967 -0.00145  0.00366
0.010000 -0.05153 -0.01912 -0.00903 -0.00241 -0.01992
0.010000  0.04354  0.03110  0.00915  0.00861  0.03624
0.010000  0.05596  0.08604  0.00097  0.01055  0.01786
0.010000 -0.01084  0.01293 -0.01114 -0.00450  0.00940
0.010000 -0.00878  0.02957  0.01058  0.00550 -0.03512
0.010000  0.03523  0.04068  0.00853 -0.01556  0.00406
0.010000 -0.02521  0.00010 -0.00301 -0.00228 -0.00738
0.010000 -0.01504 -0.00757 -0.01427  0.00112 -0.00716
0.010000  0.05193  0.00716 -0.00105  0.01233 -0.01890
0.010000  0.01304  0.00430  0.00624 -0.00693  0.00475
0.010000 -0.01720  0.00444 -0.00232  0.00810 -0.01294
0.010000  0.03921  0.01936  0.00929  0.01496  0.02638
0.010000 -0.06672 -0.03287 -0.02380  0.00221 -0.04283
0.010000  0.01816  0.01100  0.00814 -0.00134 -0.01534
0.010000 -0.01830 -0.00611 -0.00003  0.00217  0.01149
0.010000  0.00510  0.01132  0.00422  0.01112  0.01574
0.010000  0.02132  0.02537  0.00101  0.01783  0.02620
0.010000  0.00216  0.01529  0.00425  0.00751  0.01008
0.010000 -0.04365 -0.02450 -0.03010 -0.01696 -0.02454
0.010000 -0.03428  0.02552 -0.01176 -0.00091 -0.00538
0.010000  0.01507 -0.00191 -0.02064  0.00403  0.03607
0.010000 -0.01187  0.01745  0.00713 -0.00594 -0.00070
0.010000 -0.06267 -0.02466 -0.01938 -0.01777 -0.03364
0.010000 -0.00276 -0.01344 -0.00072  0.01031  0.01033
0.010000 -0.04028  0.00116 -0.01647 -0.00349 -0.00521
0.010000 -0.00575  0.00524 -0.00448  0.00715 -0.00711
0.010000  0.01405  0.01089  0.00259  0.00812 -0.00491
0.010000  0.02349  0.02893  0.00955 -0.00179 -0.02864
0.010000  0.06338  0.04369  0.02338 -0.00835  0.02075
0.010000  0.00904  0.01722 -0.00288 -0.01217  0.02528
0.010000  0.04205 -0.00030  0.00995  0.00762  0.01943
0.010000  0.03653  0.04890  0.00363  0.02431  0.03831
0.010000 -0.00777 -0.02080 -0.00798  0.00722  0.01074
0.010000  0.03396  0.01143  0.01392  0.00927  0.01145
0.010000  0.04834  0.02812  0.01076 -0.00177 -0.00130
0.010000  0.00706  0.01803 -0.00047  0.00025  0.01508
0.010000  0.01103  0.02432  0.01313 -0.00266  0.01101
0.010000 -0.00675  0.01294  0.00391 -0.00561 -0.02746
0.010000  0.06065  0.03972  0.01992  0.01612 -0.00199
0.010000  0.06650  0.03905  0.02399  0.00679  0.01618
0.010000 -0.00475 -0.06883 -0.04398  0.01827 -0.00723
