# Scenario generation method from a paper by Hoyland, Kaut & Wallace
# Code by Michal Kaut (michal.kaut@iot.ntnu.n) & Diego Mathieu

#   prob   var  1   var  2   var  3   var  4   var  5
0.010000 -0.03667 -0.02854 -0.00950 -0.00920  0.00383
0.010000 -0.02059 -0.00189 -0.00225 -0.00111 -0.00728
0.010000  0.03589  0.04655  0.02551  0.01117  0.00498
0.010000 -0.00732  0.02373 -0.00367 -0.00365 -0.00656
0.010000 -0.02982 -0.02786 -0.00996 -0.00405  0.02217
0.010000 -0.02540 -0.00446 -0.01909 -0.01513 -0.00907
0.010000 -0.02161 -0.02013 -0.01691  0.03343 -0.00776
0.010000 -0.01909 -0.02293 -0.00554 -0.00370 -0.00458
0.010000 -0.02266 -0.02871  0.00585 -0.01227  0.00469
0.010000 -0.01662  0.00663 -0.00193 -0.01002 -0.00673
0.010000  0.00574  0.05653  0.00716  0.00549 -0.00164
0.010000  0.00673  0.04097  0.01536  0.00699  0.03082
0.010000 -0.03288  0.02283  0.00070 -0.01899 -0.00742
0.010000 -0.01859 -0.03040 -0.01672  0.01111 -0.00800
0.010000 -0.01416 -0.02905 -0.00753 -0.01082  0.00352
0.010000  0.02847  0.02138  0.03338 -0.01145  0.00906
0.010000 -0.00493  0.02247 -0.00527  0.00692 -0.00672
0.010000 -0.03206 -0.03077 -0.02142 -0.01000 -0.00737
0.010000  0.00135 -0.01541  0.01513  0.00467 -0.00006
0.010000 -0.03563 -0.02304 -0.01244  0.00192 -0.00849
0.010000 -0.01466  0.00697 -0.01577 -0.00322 -0.00027
0.010000 -0.01367 -0.00226 -0.00173 -0.00176 -0.00566
0.010000 -0.02782 -0.03012 -0.01011  0.00654 -0.00694
0.010000  0.08904  0.05334  0.03941 -0.00240  0.03469
0.010000 -0.02913 -0.03315 -0.00333 -0.01501 -0.00401
0.010000 -0.02428  0.01403  0.00076 -0.01840  0.00427
0.010000 -0.00789 -0.00283  0.00092 -0.01427 -0.00400
0.010000  0.01400 -0.00541  0.00198  0.00537 -0.00140
0.010000 -0.00674 -0.02266 -0.00135 -0.00480  0.01946
0.010000  0.00778 -0.01289  0.00633 -0.00547  0.00938
0.010000  0.02312 -0.00774 -0.01081 -0.00739  0.00236
0.010000 -0.04814 -0.03672  0.00270  0.00366 -0.00514
0.010000 -0.03465 -0.02018 -0.00184 -0.01460 -0.00133
0.010000 -0.01267  0.00214 -0.01788  0.00256  0.01486
0.010000  0.00216 -0.00736 -0.00975 -0.01185  0.00956
0.010000  0.01715  0.00891 -0.00737 -0.00292 -0.00262
0.010000 -0.06196 -0.03828 -0.03453 -0.01247 -0.01001
0.010000  0.05911  0.03241  0.03814  0.01337  0.02587
0.010000 -0.01165 -0.02629 -0.00302  0.01128 -0.00198
0.010000  0.00479  0.00843  0.00391  0.00825  0.00639
0.010000 -0.04570 -0.03813 -0.01681 -0.00085 -0.00166
0.010000 -0.02658  0.00273 -0.00557 -0.00983 -0.00557
0.010000 -0.02599 -0.03287  0.01089 -0.01586 -0.00102
0.010000  0.01259 -0.01234  0.01790 -0.00173  0.00485
0.010000 -0.00300 -0.02379  0.00550  0.00827 -0.00279
0.010000 -0.00900 -0.02112  0.01308  0.00964 -0.00081
0.010000  0.01551  0.05026  0.01864 -0.00587  0.00606
0.010000 -0.01564 -0.02942 -0.01017 -0.00858 -0.00494
0.010000 -0.02846 -0.01200 -0.01894 -0.01443 -0.00767
0.010000  0.02092 -0.00750  0.01574  0.00007  0.02281
0.010000 -0.03780 -0.02664 -0.01493 -0.01723 -0.00474
0.010000  0.00057  0.00773  0.01180  0.00469  0.00563
0.010000  0.00388 -0.00994  0.00183  0.00619 -0.00176
0.010000 -0.00615 -0.02470 -0.01580 -0.01159 -0.00600
0.010000  0.01004  0.00928  0.02491 -0.01371  0.02309
0.010000  0.01895  0.00893  0.01187  0.00868  0.00336
0.010000 -0.02719 -0.01866 -0.00785  0.00462 -0.00341
0.010000 -0.02009 -0.02068 -0.00732  0.00913  0.00599
0.010000 -0.00430 -0.02065  0.00770  0.00926 -0.00247
0.010000 -0.04040 -0.03728 -0.00919 -0.00107 -0.00716
0.010000 -0.01958 -0.01680  0.00584  0.00701 -0.00510
0.010000 -0.05122 -0.03913 -0.01750  0.00636 -0.00099
0.010000 -0.07993 -0.03954 -0.05209 -0.03085 -0.01052
0.010000 -0.00954 -0.02500 -0.00760 -0.00097 -0.00512
0.010000 -0.00233 -0.01878  0.00377 -0.01245 -0.00032
0.010000 -0.03904 -0.03323 -0.00845  0.00166 -0.00734
0.010000 -0.02110 -0.01662 -0.01635 -0.00668  0.00772
0.010000  0.01127  0.01522 -0.00012  0.00209 -0.00087
0.010000  0.03182  0.00902  0.02465 -0.00398  0.01417
0.010000 -0.04367 -0.02633 -0.01565 -0.00139  0.00222
0.010000 -0.01008 -0.02280  0.00157 -0.01029  0.00695
0.010000 -0.00555 -0.02184  0.00283 -0.00111  0.00191
0.010000 -0.01317  0.02463 -0.00224 -0.01036 -0.00201
0.010000 -0.00019  0.00988  0.00143  0.00208 -0.00074
0.010000 -0.03053 -0.03492  0.02047 -0.01592  0.00261
0.010000  0.00300  0.04046  0.00534 -0.00769 -0.00588
0.010000 -0.05540 -0.03950 -0.03228  0.00202 -0.01029
0.010000 -0.01761 -0.03025 -0.01390  0.00071  0.01297
0.010000 -0.00092 -0.01905  0.00398 -0.01262  0.02529
0.010000 -0.01515 -0.01965 -0.00507 -0.01176 -0.00113
0.010000 -0.01216  0.03488 -0.01495  0.00201 -0.00917
0.010000 -0.01711 -0.03028 -0.00792  0.01121 -0.00604
0.010000 -0.02213 -0.02139 -0.01065  0.00834  0.00351
0.010000  0.02561 -0.00383  0.00203  0.00387  0.01686
0.010000 -0.00845 -0.01698  0.00413  0.00059 -0.00275
0.010000 -0.00164 -0.00258  0.00402  0.00691 -0.00190
0.010000 -0.01113  0.02248  0.00247 -0.01771 -0.00581
0.010000 -0.02373 -0.00518  0.00591  0.00440 -0.00393
0.010000 -0.00366 -0.01841  0.01419 -0.00888  0.00028
0.010000 -0.04193 -0.00465 -0.01748 -0.01307 -0.00844
0.010000  0.04807  0.04478  0.02856 -0.00677  0.00670
0.010000  0.00888  0.02309  0.01244 -0.01345  0.00176
0.010000 -0.01613 -0.00652  0.01687 -0.01222  0.00474
0.010000 -0.03128 -0.00669 -0.03051 -0.01672  0.00245
0.010000  0.04104  0.05254  0.02988  0.00612  0.00446
0.010000 -0.02484  0.03308  0.00257 -0.00094 -0.00148
0.010000 -0.01061  0.00276  0.00818 -0.01639  0.00389
0.010000 -0.01810 -0.01697 -0.01571 -0.00058 -0.00814
0.010000 -0.02319  0.00403  0.00145 -0.00907  0.00264
0.010000 -0.03374 -0.02899 -0.01612 -0.01134 -0.00575
