# Scenario generation method from a paper by Hoyland, Kaut & Wallace
# Code by Michal Kaut (michal.kaut@iot.ntnu.n) & Diego Mathieu

#   prob   var  1   var  2   var  3   var  4   var  5
0.010000  0.00253 -0.00186  0.01032  0.05991 -0.01756
0.010000  0.00912  0.00189  0.01843  0.00119  0.00992
0.010000  0.00857  0.01348  0.01391  0.01169 -0.01026
0.010000 -0.01654 -0.01134  0.00406  0.00195  0.06015
0.010000  0.00416  0.00205 -0.00699 -0.00115 -0.02228
0.010000 -0.02542 -0.01957 -0.00783 -0.01575  0.00556
0.010000 -0.00697 -0.00469 -0.00094  0.01874 -0.03708
0.010000 -0.05285 -0.02121 -0.03334 -0.04998 -0.01586
0.010000  0.02250  0.00549  0.05198  0.04307  0.00169
0.010000 -0.01249 -0.00807 -0.00710  0.00507 -0.01678
0.010000 -0.00997  0.00356 -0.00865 -0.00528  0.02534
0.010000 -0.01380 -0.01929  0.00132 -0.01039  0.01720
0.010000  0.01370  0.00515  0.03956  0.03472  0.06279
0.010000 -0.02273 -0.01614 -0.00072 -0.00715  0.00981
0.010000  0.02265  0.01147  0.01522  0.01262 -0.01194
0.010000 -0.02738 -0.01179 -0.01837 -0.01071 -0.02481
0.010000 -0.00466 -0.00450  0.00238  0.00981 -0.02705
0.010000 -0.00639 -0.00862 -0.00013 -0.00591 -0.00603
0.010000 -0.02189 -0.02136  0.00665 -0.01256  0.00953
0.010000  0.00746 -0.00716  0.01915 -0.00084 -0.00298
0.010000 -0.01447 -0.01012  0.00384  0.00401 -0.00618
0.010000  0.01735  0.01294  0.00823 -0.00333 -0.01291
0.010000 -0.01726 -0.02251  0.00064 -0.01102 -0.01082
0.010000 -0.03066 -0.02396 -0.01209 -0.03651 -0.00496
0.010000 -0.02027 -0.01255 -0.01321 -0.01227 -0.04390
0.010000  0.00034  0.00208 -0.01052 -0.01957 -0.03249
0.010000 -0.04168 -0.01860 -0.02464 -0.02429 -0.02480
0.010000 -0.02638 -0.00716 -0.00773 -0.00638  0.02679
0.010000 -0.01515 -0.00486 -0.01236 -0.01439 -0.00725
0.010000 -0.01584 -0.02290  0.00805 -0.00562  0.02444
0.010000  0.02578  0.00481  0.02586  0.01294 -0.01130
0.010000  0.01254  0.00503  0.02503  0.00920  0.01598
0.010000  0.01196 -0.00243  0.01782  0.00471  0.00118
0.010000  0.02403  0.00622  0.03637  0.00575  0.02849
0.010000 -0.03956 -0.02851 -0.01297 -0.00277 -0.01659
0.010000 -0.00409 -0.00633 -0.00639 -0.00753 -0.01935
0.010000  0.00471 -0.00626  0.00184 -0.00035 -0.06254
0.010000 -0.03317 -0.02165 -0.00474 -0.00882  0.03473
0.010000 -0.01314 -0.01749  0.00153 -0.01096  0.02185
0.010000 -0.02449 -0.01347 -0.01499 -0.00766 -0.03313
0.010000 -0.02951 -0.02063  0.00023  0.00529  0.02718
0.010000 -0.03606 -0.02059 -0.02328 -0.03311 -0.01511
0.010000  0.01138  0.00064  0.01779  0.00950 -0.01415
0.010000 -0.02107 -0.01076 -0.02272 -0.02976 -0.04977
0.010000 -0.00581 -0.01015  0.00763  0.00700 -0.01837
0.010000  0.00362 -0.00179  0.01512  0.00612  0.00027
0.010000  0.01611  0.01627  0.00595  0.00415  0.00340
0.010000  0.01798  0.00312  0.03455  0.00764  0.05230
0.010000 -0.01185 -0.00272 -0.00301 -0.02338  0.03122
0.010000 -0.02842 -0.01141 -0.02165  0.03161 -0.04248
0.010000 -0.01059  0.00021 -0.01724 -0.01006 -0.06195
0.010000  0.02578  0.00709  0.02405  0.02792 -0.02329
0.010000  0.01489  0.00958  0.00828 -0.00304 -0.00607
0.010000 -0.00076  0.00523 -0.01399 -0.00549 -0.01621
0.010000 -0.04745 -0.02130 -0.01850 -0.01062  0.00177
0.010000  0.01025  0.00544 -0.00371 -0.00241 -0.01195
0.010000 -0.00936 -0.00408 -0.00049 -0.00678 -0.01154
0.010000 -0.02360 -0.01254 -0.01255 -0.00955 -0.01210
0.010000 -0.03771 -0.01927 -0.02551 -0.02584 -0.03275
0.010000  0.02127  0.00749  0.01364  0.01122  0.00981
0.010000 -0.01799 -0.01316 -0.01326 -0.00085 -0.03834
0.010000  0.00143  0.00478  0.07617  0.08629  0.05982
0.010000  0.00690  0.00749  0.04079  0.02304  0.03887
0.010000 -0.00186  0.00388 -0.01201 -0.00549 -0.02311
0.010000  0.01672  0.01201  0.04023  0.01654  0.02302
0.010000  0.02532  0.02385 -0.00263  0.00301 -0.03282
0.010000 -0.04421 -0.01375 -0.03345 -0.04659 -0.04168
0.010000  0.01312 -0.00202  0.01083 -0.00071  0.01197
0.010000 -0.00353 -0.00840 -0.00657 -0.00763 -0.00593
0.010000 -0.00523 -0.00855 -0.00577 -0.00438 -0.03442
0.010000  0.00198  0.01066 -0.00947 -0.00267 -0.00888
0.010000  0.01862  0.01435  0.01797  0.01054  0.03026
0.010000  0.00969 -0.00775  0.00797 -0.00354 -0.02679
0.010000  0.02470  0.00613  0.03025  0.01368 -0.02589
0.010000  0.01430 -0.00187  0.01358  0.00229 -0.02935
0.010000  0.02060 -0.00328  0.02730 -0.00219 -0.00433
0.010000  0.01927  0.00749  0.02346  0.02116  0.00478
0.010000 -0.00756 -0.00575  0.00129  0.00105  0.00710
0.010000 -0.01949 -0.00879 -0.01618 -0.01591 -0.02127
0.010000 -0.01873 -0.01211 -0.01269 -0.01314 -0.00648
0.010000 -0.00021 -0.01208  0.02371  0.00697 -0.00119
0.010000 -0.00815 -0.00885 -0.00489  0.00097 -0.00581
0.010000  0.02196  0.00180  0.02599  0.01018 -0.02094
0.010000  0.00581  0.01209 -0.01027 -0.00954 -0.00819
0.010000  0.00089 -0.01419  0.02363  0.01029  0.00982
0.010000  0.01550  0.00272  0.01583  0.00479 -0.01040
0.010000  0.00307 -0.00382  0.07469  0.03758  0.06701
0.010000  0.00801 -0.00036  0.02197  0.03490 -0.01717
0.010000  0.00635  0.01148  0.01831  0.00564  0.02719
0.010000 -0.03187 -0.02402 -0.01880 -0.04315 -0.00536
0.010000 -0.00131  0.00178 -0.00133 -0.00705 -0.00263
0.010000  0.00526  0.00401 -0.00542 -0.00052 -0.02084
0.010000  0.02334  0.00952  0.01668  0.02147 -0.02961
0.010000  0.01993 -0.00161  0.03390  0.06354  0.04561
0.010000 -0.00875 -0.01383  0.01445 -0.00214  0.00213
0.010000  0.01081 -0.00077  0.00750 -0.00273  0.00048
0.010000 -0.03455 -0.02384 -0.01140 -0.01803  0.00029
0.010000 -0.00297 -0.00122 -0.01364 -0.01402 -0.03767
0.010000 -0.01121  0.00358 -0.02002 -0.01266 -0.03646
0.010000 -0.00241 -0.00266  0.03212  0.00580  0.01822
