# Scenario generation method from a paper by Hoyland, Kaut & Wallace
# Code by Michal Kaut (michal.kaut@iot.ntnu.n) & Diego Mathieu

#   prob   var  1   var  2   var  3   var  4   var  5
0.010000  0.06526  0.04636  0.03604  0.02586  0.03452
0.010000 -0.00683 -0.00362 -0.01730 -0.03454  0.05390
0.010000 -0.01500 -0.02077 -0.01353 -0.01006 -0.01858
0.010000  0.02498 -0.00639 -0.01128  0.01266 -0.01002
0.010000  0.03366  0.01673  0.02659  0.00125 -0.02755
0.010000  0.03914  0.08117  0.00270  0.00057  0.01917
0.010000  0.01704  0.00212  0.01379 -0.00563  0.06939
0.010000 -0.06734 -0.03484 -0.01389 -0.03436 -0.06471
0.010000  0.04238  0.04864  0.03597  0.01063 -0.00292
0.010000  0.03494  0.01787  0.03919  0.01477  0.05745
0.010000  0.01463  0.01712  0.03122  0.01372  0.00420
0.010000  0.01542 -0.00751  0.03518  0.01438  0.00728
0.010000 -0.04530 -0.02798 -0.02511 -0.02817 -0.00799
0.010000 -0.02284 -0.01251 -0.02329 -0.01907 -0.03801
0.010000  0.01154 -0.01263  0.01313  0.01046  0.05859
0.010000 -0.03964 -0.02052 -0.02271 -0.02911 -0.04653
0.010000 -0.03741 -0.05206 -0.02560 -0.02003 -0.05554
0.010000  0.06034  0.03968  0.03945  0.02592  0.04351
0.010000 -0.01077  0.05391 -0.01946 -0.01975 -0.02133
0.010000  0.05337  0.02213  0.03639  0.01508  0.07460
0.010000 -0.00606 -0.00615 -0.01934  0.00336  0.04011
0.010000  0.01230  0.00809  0.00555 -0.01661  0.05776
0.010000 -0.01327 -0.00168 -0.01341 -0.01355 -0.03610
0.010000  0.01307 -0.00498  0.01934 -0.00203  0.03852
0.010000  0.03244 -0.00055  0.00162  0.00943  0.00781
0.010000  0.03766  0.00897  0.01812  0.01063  0.03915
0.010000  0.02595  0.01534 -0.00406 -0.01208 -0.01666
0.010000  0.07242  0.06442  0.03942  0.01074  0.03213
0.010000 -0.00086 -0.00872  0.01109 -0.00084  0.01110
0.010000  0.03127  0.04941  0.03636 -0.00155 -0.02354
0.010000  0.01079 -0.00836 -0.01817 -0.00284 -0.02649
0.010000  0.02799  0.00717 -0.00119  0.00494  0.07846
0.010000  0.00420 -0.01229  0.01821  0.02064  0.05680
0.010000 -0.01681 -0.00214  0.02468 -0.00644  0.03479
0.010000 -0.00916  0.00570 -0.01162 -0.00079 -0.01140
0.010000 -0.00014 -0.00870 -0.00086  0.00973  0.04838
0.010000  0.04418  0.00985  0.03181  0.01948  0.05675
0.010000 -0.03196 -0.00318 -0.02380 -0.02072 -0.01404
0.010000  0.04613  0.03717  0.02054  0.01326  0.03481
0.010000  0.00709 -0.00167 -0.00373  0.01014 -0.02088
0.010000 -0.02899 -0.01436  0.01116  0.00941 -0.06370
0.010000 -0.01413  0.01365 -0.01667 -0.02794  0.02594
0.010000 -0.01159 -0.01189 -0.00159  0.00207 -0.04858
0.010000  0.00131 -0.02182  0.02919  0.01921  0.00823
0.010000 -0.01775 -0.00953  0.02404  0.00474 -0.03627
0.010000 -0.03362 -0.03525  0.00386 -0.01773  0.01941
0.010000  0.00203  0.01421  0.00629 -0.01775  0.01124
0.010000  0.00636  0.00728  0.01623  0.00692 -0.01686
0.010000 -0.01871 -0.09089 -0.01364 -0.00266  0.00002
0.010000 -0.02175 -0.01911 -0.02193 -0.00873 -0.02551
0.010000  0.01623 -0.00379 -0.00180  0.01980 -0.05034
0.010000 -0.00838 -0.02891  0.01218  0.00729  0.05538
0.010000 -0.02513 -0.06845 -0.02464 -0.01919 -0.03651
0.010000 -0.02071 -0.02821 -0.01697 -0.01324  0.00608
0.010000  0.01954  0.02868  0.01340 -0.00023  0.01121
0.010000 -0.04222 -0.03925 -0.01022 -0.01568  0.02025
0.010000 -0.01969  0.00157 -0.01831 -0.00789  0.03306
0.010000  0.05066  0.02451  0.02285  0.00477 -0.03613
0.010000  0.00782  0.01253 -0.01718 -0.03370  0.00017
0.010000 -0.00530 -0.00481  0.01205 -0.01830  0.06373
0.010000  0.00348  0.01196  0.03078 -0.01250  0.03562
0.010000 -0.02764 -0.03343 -0.02075 -0.04194 -0.05514
0.010000 -0.01590 -0.03129 -0.02436 -0.01287 -0.02568
0.010000  0.02905  0.00518  0.00507  0.00181  0.07619
0.010000 -0.02396 -0.02407 -0.01448 -0.00083 -0.00499
0.010000  0.04827  0.02137  0.04122  0.01747  0.05293
0.010000 -0.00233 -0.01131  0.00264 -0.01413  0.05065
0.010000  0.03014  0.01147  0.00607  0.01303  0.06195
0.010000  0.08924  0.05444  0.03113  0.02550 -0.02368
0.010000 -0.01242  0.00059 -0.00744 -0.00142 -0.04935
0.010000 -0.04920 -0.02524 -0.01111 -0.00216 -0.02074
0.010000  0.03627  0.03497  0.01365  0.01818 -0.00077
0.010000 -0.02635 -0.00747 -0.02465 -0.01759  0.06352
0.010000 -0.05477 -0.04545 -0.01017 -0.01251  0.04424
0.010000  0.01786 -0.02247  0.02692  0.03180  0.00458
0.010000  0.00492  0.02181  0.00946 -0.01407 -0.01612
0.010000  0.02218  0.01663 -0.00446 -0.00553 -0.01036
0.010000  0.01004  0.00844  0.02120  0.00633 -0.02628
0.010000 -0.03043 -0.03706  0.01103  0.01074  0.04708
0.010000  0.00930 -0.00152  0.02871  0.01303  0.02272
0.010000  0.02128  0.02857 -0.00275  0.00396  0.00160
0.010000 -0.00760 -0.01294  0.00082 -0.01039 -0.03775
0.010000  0.02402 -0.02234  0.00369  0.00444  0.03412
0.010000 -0.00306 -0.00335 -0.01364 -0.01025 -0.03741
0.010000 -0.00381  0.00276  0.01281  0.00008 -0.00576
0.010000 -0.00159 -0.02149 -0.00198 -0.00456  0.02320
0.010000  0.02309  0.00389  0.01381 -0.02111 -0.03407
0.010000  0.01385 -0.02019  0.01251  0.01816 -0.01395
0.010000  0.00276 -0.02498  0.01763  0.01137 -0.00475
0.010000  0.02696 -0.01485 -0.01105 -0.00347  0.02946
0.010000 -0.00996 -0.01072  0.01490 -0.00495  0.05081
0.010000 -0.03542 -0.02357  0.00928 -0.01774  0.04281
0.010000  0.00059  0.02073  0.01172 -0.01007  0.01518
0.010000  0.05652  0.02109  0.04057  0.03428  0.04295
0.010000 -0.00455 -0.00506  0.00085 -0.00733  0.00406
0.010000  0.00564  0.03203 -0.01498 -0.01371  0.00285
0.010000  0.02041  0.01379  0.02770  0.01144  0.02690
0.010000  0.01870  0.04798  0.01562 -0.00250  0.05175
0.010000  0.00856  0.01028  0.00284 -0.00571  0.03907
0.010000  0.04071  0.01982 -0.00184  0.00610  0.04995
