# Scenario generation method from a paper by Hoyland, Kaut & Wallace
# Code by Michal Kaut (michal.kaut@iot.ntnu.n) & Diego Mathieu

#   prob   var  1   var  2   var  3   var  4   var  5
0.010000 -0.01109 -0.01277  0.02520 -0.00784  0.00105
0.010000 -0.00876 -0.01889 -0.00703  0.00948 -0.02088
0.010000 -0.00571 -0.00404 -0.01040 -0.01240  0.00586
0.010000  0.01461  0.00425  0.01665  0.00881 -0.00490
0.010000 -0.00235  0.01122 -0.01831  0.00533 -0.01473
0.010000 -0.05766 -0.03227 -0.01844 -0.03086 -0.01382
0.010000 -0.01061  0.03549 -0.00310 -0.00567 -0.03006
0.010000 -0.01360 -0.02031 -0.02410  0.00651  0.00696
0.010000 -0.01639 -0.02934  0.00140 -0.01900  0.00045
0.010000 -0.00402  0.01923 -0.00307 -0.00696 -0.03489
0.010000  0.02203 -0.00431  0.01837  0.00282  0.00228
0.010000  0.00149  0.01204 -0.01065  0.05877 -0.01008
0.010000 -0.01699 -0.00973 -0.00375  0.00284 -0.00726
0.010000 -0.00831 -0.00643  0.01490  0.00261 -0.00370
0.010000 -0.01468 -0.02159 -0.02288 -0.01675 -0.00337
0.010000 -0.02341 -0.01752 -0.00402  0.00910 -0.04327
0.010000 -0.01157 -0.01013 -0.00631 -0.02158  0.00659
0.010000  0.01654 -0.01274 -0.00695  0.01784  0.01141
0.010000 -0.00656 -0.01794 -0.00470  0.01386 -0.00274
0.010000 -0.01413  0.00437 -0.02695 -0.02289 -0.00359
0.010000 -0.02178 -0.02058  0.01020 -0.02670  0.00613
0.010000 -0.00024 -0.01634 -0.01089  0.01544 -0.00005
0.010000 -0.00967 -0.01726  0.00172 -0.01344  0.00139
0.010000 -0.01890 -0.00565  0.00342  0.00323 -0.00702
0.010000  0.00518  0.01163 -0.00107  0.01238 -0.01110
0.010000  0.00328 -0.01327 -0.00957  0.01469 -0.03000
0.010000 -0.02102 -0.02662  0.00802 -0.01299  0.00687
0.010000  0.02685  0.01195  0.04917  0.01109 -0.00225
0.010000 -0.00151 -0.01557  0.00060  0.01251  0.00586
0.010000 -0.03081 -0.02421 -0.01592 -0.00623 -0.00857
0.010000 -0.00361  0.02078  0.00308 -0.00933 -0.00193
0.010000 -0.03981 -0.03306  0.01202 -0.01615 -0.01506
0.010000 -0.02722 -0.03083  0.00374  0.00998  0.00098
0.010000 -0.00529 -0.01487  0.00286  0.00489  0.00013
0.010000  0.00777  0.01066  0.01979  0.00436 -0.00024
0.010000 -0.02428 -0.01277  0.01274 -0.02033 -0.04919
0.010000  0.01014  0.01195 -0.00502  0.01170 -0.01945
0.010000 -0.02952 -0.02853 -0.01050 -0.02716  0.00535
0.010000  0.02411 -0.00895 -0.00189  0.01041  0.01219
0.010000 -0.00067  0.01179 -0.01006  0.00266 -0.03712
0.010000 -0.02521 -0.01938 -0.00776 -0.02774 -0.02802
0.010000 -0.04599 -0.02368 -0.00146 -0.03176 -0.03410
0.010000  0.00892  0.00931  0.02078  0.01161 -0.06193
0.010000 -0.00921  0.02262  0.00087  0.00932 -0.02328
0.010000  0.00374 -0.01630 -0.02723 -0.01061  0.00349
0.010000  0.01147 -0.01644 -0.00511  0.01589  0.01120
0.010000 -0.04256 -0.02084  0.01048 -0.00013 -0.01846
0.010000 -0.03553 -0.02709 -0.00173 -0.01423 -0.00318
0.010000  0.01079  0.00761  0.00406 -0.00259  0.00851
0.010000 -0.02833 -0.00388 -0.00381 -0.02850 -0.00785
0.010000 -0.00787 -0.01264 -0.01436 -0.00738  0.00319
0.010000  0.00670  0.01220  0.00708 -0.02267  0.00586
0.010000  0.00105 -0.00856 -0.01438  0.01027 -0.01202
0.010000 -0.00319 -0.02370 -0.01229  0.00757 -0.01354
0.010000 -0.01825 -0.02843 -0.00891 -0.01077  0.00389
0.010000 -0.02258 -0.00709 -0.01211 -0.02756  0.00242
0.010000  0.00282 -0.01981 -0.01769  0.00489  0.01094
0.010000  0.00421 -0.00091  0.00084  0.01361  0.00588
0.010000  0.00193  0.03804 -0.00456 -0.00302 -0.00976
0.010000 -0.01207 -0.02379  0.01292  0.00792  0.00588
0.010000  0.01766 -0.01294 -0.00058  0.00171  0.00819
0.010000  0.02034  0.01669 -0.01781 -0.01107  0.00946
0.010000  0.00062  0.00176  0.00247  0.00167 -0.00623
0.010000  0.00723 -0.01192  0.00408  0.00571  0.00345
0.010000 -0.00193  0.00422  0.00136  0.00429 -0.01202
0.010000 -0.01580 -0.02770 -0.01563  0.01255 -0.01698
0.010000  0.00237 -0.01881 -0.01980  0.00413 -0.00388
0.010000  0.01891 -0.00559 -0.01234 -0.01362  0.01277
0.010000  0.00834  0.00996  0.01729  0.00228  0.00470
0.010000 -0.01308 -0.00371  0.01431 -0.01206  0.00204
0.010000 -0.00743  0.00574 -0.01289 -0.01735  0.00403
0.010000 -0.00277  0.01167  0.00776 -0.02448  0.00364
0.010000  0.01553 -0.01474  0.03275  0.01398 -0.00045
0.010000  0.00469  0.00040 -0.01894 -0.04704 -0.00892
0.010000 -0.03751  0.00266 -0.01119 -0.02575 -0.01072
0.010000  0.03099  0.01284 -0.00117  0.01182 -0.02405
0.010000 -0.07603 -0.03141 -0.00768 -0.03319 -0.02351
0.010000 -0.01014  0.00667  0.01043  0.00456 -0.00888
0.010000 -0.01958  0.00960 -0.00771 -0.02916 -0.00644
0.010000  0.00019 -0.00573  0.03110  0.01081  0.00525
0.010000 -0.00613  0.02945  0.00188  0.00743 -0.03867
0.010000  0.00618  0.03075  0.01385 -0.01081 -0.00263
0.010000 -0.05059 -0.03550 -0.01691 -0.00828  0.00542
0.010000 -0.03378 -0.02910 -0.00013  0.00676 -0.00653
0.010000 -0.00444  0.01373 -0.00263 -0.02722  0.00117
0.010000 -0.02618  0.00073 -0.00751 -0.02860 -0.01618
0.010000 -0.00486 -0.01303  0.00596 -0.02550  0.00464
0.010000 -0.01761 -0.02899 -0.00362  0.00477  0.00450
0.010000  0.01219  0.00007 -0.00615 -0.00408  0.01035
0.010000  0.00952 -0.01673  0.02430  0.01202 -0.00513
0.010000  0.01294  0.00203 -0.00863  0.01081  0.00414
0.010000  0.01375  0.03736  0.00227  0.00564 -0.00257
0.010000 -0.03223 -0.00844  0.00121 -0.03073 -0.02412
0.010000 -0.02029 -0.01675  0.01218  0.00833 -0.00161
0.010000  0.04154  0.01827 -0.01941  0.00977  0.01259
0.010000 -0.01257 -0.01253  0.00870  0.01127 -0.01179
0.010000 -0.01523 -0.02833 -0.01286 -0.00290 -0.00750
0.010000 -0.00699 -0.01286 -0.00914  0.01081 -0.00168
0.010000  0.00567 -0.01381  0.02063  0.01338  0.00885
0.010000 -0.00109  0.01929  0.00321  0.01126 -0.01252
