# Scenario generation method from a paper by Hoyland, Kaut & Wallace
# Code by Michal Kaut (michal.kaut@iot.ntnu.n) & Diego Mathieu

#   prob   var  1   var  2   var  3   var  4   var  5
0.010000 -0.02466 -0.01619 -0.00626 -0.01855 -0.01575
0.010000 -0.03280 -0.02752 -0.00035 -0.00547 -0.00500
0.010000 -0.01825 -0.02154 -0.01030  0.00212 -0.00261
0.010000 -0.01525 -0.00685 -0.00381 -0.01145  0.00345
0.010000 -0.00078 -0.00992 -0.00326 -0.01085  0.00502
0.010000  0.00401  0.00539  0.00133  0.00044 -0.00810
0.010000 -0.01583 -0.01798 -0.01130 -0.02029 -0.00925
0.010000 -0.01357 -0.01202 -0.00507 -0.01045 -0.01814
0.010000  0.01835  0.01254  0.01380  0.01041 -0.00207
0.010000 -0.00502 -0.01152  0.00484  0.00081  0.00193
0.010000  0.00652  0.00259 -0.00847  0.01681 -0.01204
0.010000 -0.00219 -0.00783  0.00871  0.00005 -0.01466
0.010000 -0.02233 -0.03047 -0.02199 -0.02407 -0.01287
0.010000 -0.03153 -0.03250 -0.01871 -0.01488  0.00596
0.010000 -0.00597 -0.01121 -0.00997 -0.01898 -0.02464
0.010000 -0.02089 -0.00856  0.00170  0.00061 -0.00020
0.010000  0.01086  0.00607  0.00007  0.00645 -0.01266
0.010000 -0.00645  0.00155  0.00243  0.01004  0.00601
0.010000 -0.00125  0.00360  0.00149 -0.01558 -0.01964
0.010000  0.02227  0.01954  0.01136  0.02578  0.01708
0.010000 -0.00361 -0.01640 -0.00620 -0.00106 -0.01886
0.010000 -0.01413 -0.01962 -0.01591 -0.01132  0.00828
0.010000 -0.00031 -0.01417  0.02398  0.02775 -0.00241
0.010000  0.02350  0.00929  0.00808  0.00327 -0.01273
0.010000 -0.01144 -0.01382 -0.00931 -0.02097 -0.01065
0.010000  0.00601  0.01734 -0.00821 -0.02008 -0.00043
0.010000 -0.04561 -0.02788 -0.00593 -0.01302 -0.00063
0.010000  0.00111  0.00268 -0.00694 -0.02268  0.00160
0.010000 -0.00939 -0.02260  0.00599  0.00495 -0.03779
0.010000  0.00500  0.01463  0.00782 -0.00327 -0.00616
0.010000 -0.01092  0.00314  0.01670  0.00783  0.00285
0.010000 -0.01702 -0.01618 -0.00017  0.01433  0.00522
0.010000 -0.03419 -0.01264 -0.01079 -0.01237  0.01890
0.010000  0.00016 -0.01320 -0.01851 -0.02305 -0.03149
0.010000 -0.00742 -0.02292 -0.01460 -0.01012  0.00673
0.010000  0.01145  0.00268  0.01334 -0.00030 -0.01289
0.010000  0.00973  0.01384  0.01198  0.00816 -0.00520
0.010000  0.02015  0.01878  0.03108  0.01984 -0.02356
0.010000  0.01922 -0.00151 -0.00480 -0.00987 -0.01448
0.010000 -0.05264 -0.03600 -0.01606 -0.02133 -0.00775
0.010000  0.01266  0.00255  0.00317 -0.00581 -0.01229
0.010000 -0.00408 -0.01894  0.00373 -0.01081  0.00230
0.010000 -0.00693 -0.00085  0.00130  0.01353 -0.01149
0.010000 -0.01249 -0.00826 -0.00695 -0.00213 -0.00343
0.010000  0.00352 -0.01269  0.00331  0.00215 -0.00879
0.010000 -0.00990  0.00427 -0.00596 -0.01234  0.00234
0.010000  0.00550  0.01618 -0.01486  0.01171  0.01238
0.010000  0.00064 -0.01972 -0.01091  0.08476  0.00112
0.010000  0.00863  0.00594  0.00715  0.05311  0.00825
0.010000 -0.02385 -0.03247 -0.00729  0.00272 -0.02737
0.010000  0.00450 -0.00180  0.01666  0.01379 -0.01239
0.010000 -0.02160 -0.02219 -0.03831 -0.03033  0.00043
0.010000  0.01675  0.00783  0.01516  0.01437 -0.01522
0.010000  0.01529  0.00899  0.00210 -0.00232 -0.01278
0.010000  0.02116  0.01723  0.01629  0.08210  0.00055
0.010000 -0.01642 -0.00941 -0.01915 -0.02330 -0.01037
0.010000 -0.01468 -0.02801 -0.00968 -0.01535  0.00688
0.010000 -0.00455 -0.01802  0.03197  0.02724 -0.00815
0.010000 -0.00889 -0.02321 -0.00117 -0.02091 -0.01817
0.010000  0.00159 -0.00585  0.01344  0.00019 -0.00543
0.010000  0.00207  0.00490 -0.00270 -0.00916 -0.00492
0.010000 -0.00550  0.00589 -0.00577 -0.01688  0.00477
0.010000  0.01753 -0.01246  0.00521  0.01413 -0.01151
0.010000 -0.03749 -0.03151 -0.00506 -0.01360 -0.01344
0.010000  0.01394 -0.01002  0.00130  0.00294 -0.00744
0.010000 -0.02928 -0.01713 -0.02393 -0.02561 -0.00568
0.010000 -0.02550 -0.02008 -0.00702 -0.01611 -0.00081
0.010000 -0.02729 -0.02281 -0.05145 -0.03492 -0.02155
0.010000 -0.03036 -0.02487 -0.00500  0.00226 -0.00778
0.010000 -0.02308 -0.02516 -0.01841 -0.01818  0.03306
0.010000 -0.00314  0.00882  0.01272 -0.00215 -0.00900
0.010000  0.00255  0.01387  0.00660 -0.00414  0.00803
0.010000  0.00303 -0.02033  0.01944  0.01749 -0.02113
0.010000  0.01601  0.01404  0.02684  0.03470  0.00953
0.010000 -0.01196 -0.01024  0.00723 -0.00387  0.00210
0.010000 -0.01954 -0.00558  0.00851  0.00960  0.00799
0.010000  0.01329 -0.00406 -0.00461 -0.00596 -0.01706
0.010000 -0.04212 -0.03585 -0.01064 -0.02136 -0.00388
0.010000  0.00917 -0.01057 -0.00178 -0.00427 -0.01428
0.010000  0.00704  0.00320  0.00326 -0.00428 -0.01281
0.010000 -0.02825 -0.01540 -0.02002 -0.02683 -0.03725
0.010000  0.00756 -0.01071 -0.00606 -0.01113 -0.01885
0.010000 -0.00840 -0.00841  0.00053 -0.01393 -0.01618
0.010000  0.00809  0.00122 -0.00557  0.02527  0.01901
0.010000 -0.01303 -0.00126 -0.01237 -0.01006  0.01602
0.010000  0.02492  0.01286 -0.01351 -0.01449 -0.01408
0.010000 -0.01041  0.00247 -0.01370 -0.02313  0.00970
0.010000 -0.00791 -0.01036  0.01124  0.01131  0.02420
0.010000 -0.00172  0.01281  0.01984 -0.00409  0.00072
0.010000  0.01029 -0.00455 -0.01585  0.01007 -0.00470
0.010000 -0.02637 -0.00453 -0.02846 -0.02636  0.00323
0.010000 -0.00266  0.00106 -0.00379 -0.01093 -0.01647
0.010000  0.01460 -0.00039  0.00784  0.01771 -0.01560
0.010000 -0.02021 -0.01104 -0.01659 -0.02845 -0.00680
0.010000  0.02640  0.00987  0.00691  0.00278 -0.00630
0.010000 -0.03956 -0.01763 -0.02444 -0.03139  0.00592
0.010000 -0.01889 -0.02159 -0.02594 -0.02661 -0.00405
0.010000  0.01205  0.00446 -0.00062  0.02276  0.00947
0.010000 -0.01763 -0.01842 -0.00871 -0.01699  0.00016
0.010000 -0.03573 -0.03174 -0.03957 -0.03275 -0.00881
