# Scenario generation method from a paper by Hoyland, Kaut & Wallace
# Code by Michal Kaut (michal.kaut@iot.ntnu.n) & Diego Mathieu

#   prob   var  1   var  2   var  3   var  4   var  5
0.010000 -0.01684 -0.02107 -0.01098  0.02978 -0.04023
0.010000 -0.01998 -0.00373 -0.02602 -0.01480 -0.01877
0.010000 -0.01028 -0.00690 -0.01757  0.00070  0.00558
0.010000 -0.01502 -0.00690 -0.00185 -0.00677  0.01887
0.010000 -0.00298  0.00103 -0.00838 -0.01532  0.01664
0.010000 -0.02476 -0.02335 -0.01346 -0.00813 -0.01164
0.010000 -0.02625 -0.01858 -0.01489 -0.01757 -0.01091
0.010000  0.01239  0.00368 -0.00760  0.00361 -0.01697
0.010000 -0.01087 -0.00543 -0.01479 -0.00792 -0.00176
0.010000  0.02340  0.00478  0.05241  0.03799  0.02289
0.010000  0.00463  0.00244  0.04951  0.01843  0.01618
0.010000 -0.03232 -0.01704 -0.00062 -0.01513  0.00220
0.010000 -0.03041 -0.01469 -0.00887 -0.00054 -0.02824
0.010000 -0.00790 -0.01474  0.01021  0.02823  0.00530
0.010000  0.01914  0.01355  0.00656  0.00177 -0.00862
0.010000 -0.02404 -0.00651 -0.00171 -0.00611  0.01119
0.010000  0.04726  0.01414  0.02986  0.04108 -0.00003
0.010000 -0.01870 -0.01554  0.00256  0.01565  0.00932
0.010000 -0.03811 -0.02263 -0.01351 -0.00896  0.00673
0.010000 -0.00968  0.00236 -0.01842 -0.00902 -0.03502
0.010000 -0.00037 -0.01410  0.03897  0.00799  0.05355
0.010000  0.00620 -0.00426 -0.00528 -0.00737 -0.01324
0.010000 -0.00487  0.00029 -0.00105 -0.01076  0.04452
0.010000 -0.02129 -0.01594  0.00298 -0.01406 -0.01980
0.010000  0.01553  0.02198 -0.02332 -0.00706 -0.00902
0.010000  0.05341  0.03598  0.05201  0.04128  0.07940
0.010000 -0.05031 -0.02881 -0.02762 -0.03758 -0.03845
0.010000 -0.00425 -0.00297 -0.00268 -0.00291 -0.02188
0.010000 -0.00730  0.00296 -0.02028 -0.01905 -0.03578
0.010000  0.00957  0.00138  0.03473  0.01761  0.00460
0.010000 -0.02550 -0.01034 -0.02715 -0.00050 -0.03674
0.010000 -0.01442 -0.00695 -0.01339  0.00032 -0.02150
0.010000 -0.00234 -0.00000  0.00356 -0.00062  0.02243
0.010000 -0.03134 -0.01611  0.01172 -0.00576  0.00010
0.010000 -0.01563 -0.01444  0.01071  0.03825 -0.00473
0.010000 -0.02333 -0.00832 -0.01885 -0.02717  0.03343
0.010000 -0.02784 -0.01929  0.00064 -0.00481  0.03223
0.010000 -0.01205 -0.01141 -0.00293 -0.03158 -0.02223
0.010000  0.01339  0.00354  0.00304  0.00340 -0.02772
0.010000 -0.07478 -0.05231 -0.02985 -0.04948 -0.03114
0.010000 -0.03556 -0.01651 -0.02387 -0.03317 -0.01831
0.010000  0.04265  0.01909  0.03154  0.04470  0.01702
0.010000 -0.01323  0.01595 -0.03471 -0.04041  0.04345
0.010000  0.00031  0.00445 -0.01407 -0.02604 -0.03388
0.010000 -0.04736 -0.02339 -0.01176 -0.02345  0.03934
0.010000  0.02678  0.01919  0.00337  0.02969  0.06998
0.010000 -0.04293 -0.02514 -0.00841 -0.02404 -0.01009
0.010000  0.02189  0.00771  0.02110  0.02047  0.00904
0.010000 -0.00169  0.00374 -0.01471 -0.00327 -0.01331
0.010000 -0.02063 -0.01694  0.01838  0.00666 -0.00949
0.010000 -0.05419 -0.03499 -0.02274 -0.00863 -0.04146
0.010000  0.08717  0.05665  0.05168  0.02776  0.01399
0.010000 -0.00670 -0.01619  0.00066 -0.00336 -0.01489
0.010000  0.02502  0.00855  0.03197  0.01815 -0.01325
0.010000 -0.01746 -0.00748 -0.02474 -0.03492 -0.04599
0.010000  0.06283  0.03519  0.08120  0.09382  0.07404
0.010000 -0.00850 -0.00460  0.03347  0.00838  0.06056
0.010000 -0.01808 -0.01107 -0.00504 -0.01289 -0.02954
0.010000 -0.01623 -0.00941  0.02473  0.00800  0.00018
0.010000  0.01048  0.00138  0.00831  0.03034  0.00948
0.010000 -0.06002 -0.03732 -0.02267 -0.02387 -0.03635
0.010000 -0.01934 -0.00709 -0.00945 -0.00655 -0.03197
0.010000 -0.03955 -0.03066 -0.01010 -0.02063  0.00692
0.010000  0.02870  0.01034  0.00434  0.00320  0.01134
0.010000  0.02047  0.00868  0.01253  0.03922  0.01942
0.010000 -0.02866 -0.00915 -0.02295 -0.01773  0.02143
0.010000 -0.00909 -0.00691 -0.01583  0.00617 -0.02215
0.010000 -0.00103  0.00149  0.01163 -0.00125  0.02226
0.010000 -0.02703 -0.01313 -0.02262 -0.02629 -0.01510
0.010000  0.03081  0.02433 -0.00371 -0.00990 -0.02288
0.010000  0.00241  0.00207  0.04176  0.00639  0.03223
0.010000  0.00869  0.01537 -0.02155 -0.02494 -0.03663
0.010000  0.00388 -0.00073  0.01785  0.02779 -0.01008
0.010000  0.00100 -0.00463  0.00540  0.00519 -0.00741
0.010000  0.03317  0.02188  0.04157  0.02635  0.01247
0.010000 -0.00548  0.00520 -0.02625 -0.02483  0.05009
0.010000 -0.00610 -0.01175 -0.00613 -0.01548  0.03283
0.010000  0.03895  0.02260  0.00559  0.01105  0.05104
0.010000  0.00314  0.01077 -0.02491 -0.03745 -0.04437
0.010000 -0.03334 -0.01938 -0.01862 -0.00567 -0.03722
0.010000  0.00701  0.00239 -0.00798  0.00082 -0.01856
0.010000 -0.03679 -0.01938 -0.01021 -0.03524 -0.03860
0.010000 -0.01383 -0.00787 -0.01230 -0.02964 -0.01615
0.010000 -0.04114 -0.08053  0.01311 -0.00157 -0.03424
0.010000  0.00170  0.01617  0.01419  0.00524  0.04042
0.010000  0.03584  0.02141  0.00262  0.01737 -0.01624
0.010000 -0.01146 -0.00561 -0.01221 -0.00695 -0.02211
0.010000 -0.01264 -0.01479  0.02415  0.00843  0.05028
0.010000 -0.02952 -0.04270  0.02532  0.01975 -0.01074
0.010000  0.00784  0.00779  0.01260  0.01398 -0.01005
0.010000  0.01668  0.00924  0.00854  0.00381  0.01767
0.010000 -0.00362 -0.00299 -0.01177 -0.01212 -0.02866
0.010000 -0.04496 -0.01942 -0.02750 -0.03267 -0.00547
0.010000 -0.02264 -0.01750 -0.01871 -0.00454 -0.03990
0.010000  0.01444 -0.00064  0.01887  0.01600  0.03632
0.010000  0.01142  0.00136  0.01918  0.02111  0.03514
0.010000  0.00541  0.00438  0.01509  0.01658  0.06893
0.010000  0.01787 -0.00643  0.03924  0.03837 -0.01731
0.010000 -0.03442 -0.02186 -0.00999  0.04039 -0.02726
0.010000 -0.02196 -0.01154  0.01032  0.00218  0.04922
