# Scenario generation method from a paper by Hoyland, Kaut & Wallace
# Code by Michal Kaut (michal.kaut@iot.ntnu.n) & Diego Mathieu

#   prob   var  1   var  2   var  3   var  4   var  5
0.010000  0.02081  0.00656  0.04239  0.00254  0.04750
0.010000 -0.02474 -0.00158 -0.00731  0.00703 -0.02818
0.010000  0.02852  0.00453  0.01161  0.00606  0.07384
0.010000 -0.00531  0.00136 -0.00351 -0.01640 -0.00250
0.010000  0.04295  0.04781  0.03166  0.02505  0.01128
0.010000 -0.01318 -0.01095 -0.00605  0.01475 -0.02158
0.010000 -0.00621  0.00426  0.00595  0.02753 -0.02947
0.010000 -0.00254 -0.00643 -0.00828  0.01166  0.01077
0.010000  0.04316  0.05455  0.01956  0.00276 -0.00861
0.010000 -0.02589 -0.02743 -0.02444 -0.00257 -0.02890
0.010000  0.01651  0.00129 -0.00060 -0.02114  0.00256
0.010000  0.02300  0.04520 -0.00223  0.00687 -0.03063
0.010000 -0.02215 -0.03195 -0.00983 -0.01107  0.01399
0.010000 -0.01855 -0.01149  0.00109 -0.00376  0.00723
0.010000 -0.02799 -0.01712 -0.01719 -0.05957  0.03928
0.010000 -0.02091 -0.03018 -0.00070 -0.00215  0.00608
0.010000 -0.01149 -0.00862 -0.01353 -0.02000  0.00291
0.010000 -0.02629 -0.01140 -0.00479  0.00668 -0.02855
0.010000 -0.01642 -0.03257 -0.01789  0.00687  0.01721
0.010000  0.03863  0.04111  0.01754  0.01233 -0.00785
0.010000  0.02741  0.05749  0.00526  0.02197  0.00787
0.010000  0.00125 -0.01424  0.00359 -0.01480  0.00089
0.010000  0.02963  0.01785  0.02106  0.00594  0.02544
0.010000 -0.01947 -0.01873  0.00657  0.01641  0.03701
0.010000 -0.02416 -0.03085 -0.00667  0.00294  0.01807
0.010000  0.01334  0.01177  0.05182  0.02012  0.07239
0.010000  0.02630 -0.00031  0.04828  0.03064  0.06941
0.010000  0.03406  0.01283  0.00992 -0.02464  0.05452
0.010000 -0.02712 -0.03262 -0.00031  0.00547  0.06004
0.010000 -0.00711 -0.00214 -0.00148 -0.00900  0.03677
0.010000 -0.01234 -0.02251 -0.01929 -0.00885  0.01087
0.010000 -0.02772 -0.05843 -0.01174  0.01996  0.03143
0.010000  0.04387  0.05120  0.02920  0.01510 -0.01114
0.010000  0.03733  0.03706  0.01154  0.01683 -0.02203
0.010000 -0.02686 -0.04891 -0.01491 -0.01336 -0.01596
0.010000  0.04430  0.01842  0.01821  0.01625  0.03156
0.010000  0.01126  0.01283  0.01931  0.02131 -0.00264
0.010000 -0.00347 -0.00838  0.00357  0.00914  0.06669
0.010000 -0.00977 -0.00315  0.00611  0.00954  0.02945
0.010000  0.00717  0.01429  0.01029  0.02634  0.01108
0.010000  0.02519  0.03752  0.03313  0.03429  0.00242
0.010000 -0.00801  0.00320 -0.00105 -0.00283  0.03471
0.010000 -0.01873 -0.01924 -0.00290 -0.00372  0.00415
0.010000  0.00320 -0.00166 -0.00700 -0.00626 -0.00113
0.010000  0.00222  0.03043  0.00394  0.01906 -0.01202
0.010000 -0.00889 -0.02008 -0.00443  0.00269  0.02567
0.010000  0.00617 -0.02386  0.00325 -0.00447  0.03406
0.010000  0.00517  0.04023 -0.00186 -0.00149 -0.00302
0.010000  0.04439  0.06576  0.03260  0.02721  0.03159
0.010000  0.04461  0.07226  0.03648  0.02277 -0.01545
0.010000  0.03516  0.04077  0.01973  0.01272  0.06307
0.010000  0.04291  0.05263  0.02359  0.03230  0.00203
0.010000 -0.01401 -0.00919 -0.01349  0.00841 -0.02038
0.010000 -0.02160 -0.02735 -0.01647 -0.00954 -0.00313
0.010000 -0.01563 -0.00312  0.00068  0.00162  0.00900
0.010000 -0.02801 -0.02067 -0.01419 -0.00045 -0.03222
0.010000 -0.02292 -0.06990  0.00527 -0.04420  0.08160
0.010000  0.01230  0.01205  0.00651  0.00685 -0.00354
0.010000 -0.02792 -0.07203 -0.00318  0.01120  0.00342
0.010000 -0.00439  0.00932 -0.00797  0.01057  0.01961
0.010000  0.02190  0.01959  0.00524  0.00663 -0.02782
0.010000  0.03944  0.03170  0.00913  0.01523  0.03912
0.010000 -0.01798 -0.02630 -0.00105 -0.00493  0.06521
0.010000 -0.02673 -0.03956 -0.01622  0.01091 -0.02970
0.010000  0.01023  0.02540  0.01051  0.02661 -0.00663
0.010000  0.01439  0.00431  0.03983 -0.04371  0.07155
0.010000 -0.01721 -0.02219 -0.01086  0.00096  0.01237
0.010000 -0.00012 -0.01503  0.00400  0.01578  0.00366
0.010000  0.01582  0.01209  0.00412 -0.00580  0.00314
0.010000  0.01865  0.03788  0.01811 -0.00620  0.00176
0.010000 -0.02783 -0.04782 -0.02276 -0.02307  0.05116
0.010000 -0.00066  0.02415 -0.01741 -0.00784 -0.03022
0.010000 -0.02441 -0.04221 -0.01344 -0.00086 -0.01651
0.010000  0.01545 -0.01655  0.02414  0.01735  0.04834
0.010000 -0.02020 -0.03794 -0.00338 -0.01744  0.06144
0.010000 -0.01482 -0.04548 -0.01182 -0.00838  0.00271
0.010000  0.00818  0.00249  0.00329  0.00257  0.04089
0.010000  0.03074  0.04100  0.01578 -0.01099  0.02793
0.010000  0.03296  0.00800  0.00888  0.00335  0.03419
0.010000  0.04045  0.03505  0.02374  0.00475  0.04722
0.010000 -0.02356 -0.02468 -0.02855 -0.00602 -0.02835
0.010000 -0.02581 -0.00880 -0.02096  0.01898 -0.01734
0.010000 -0.02529 -0.05791 -0.02113 -0.03828  0.00475
0.010000  0.03839  0.01462  0.01172 -0.00159  0.06249
0.010000  0.01973  0.04213  0.01043  0.01336 -0.03028
0.010000  0.00029 -0.00539 -0.01099 -0.00124 -0.00950
0.010000  0.03625  0.02595  0.02258  0.00647  0.02964
0.010000 -0.00160 -0.02801 -0.00811 -0.00474  0.01925
0.010000  0.01758  0.04081  0.00708 -0.00936  0.02214
0.010000  0.04233  0.02769  0.01917  0.01235 -0.00715
0.010000 -0.01063 -0.01798 -0.00941  0.00597 -0.03043
0.010000 -0.02227 -0.04395 -0.01307 -0.00987  0.07319
0.010000  0.00418 -0.00001 -0.00192  0.01363  0.04105
0.010000  0.04142  0.01469  0.03037  0.01593  0.03631
0.010000 -0.02745 -0.04211  0.00210 -0.01225  0.01852
0.010000 -0.01241 -0.02628 -0.00530 -0.01392  0.03757
0.010000  0.00920 -0.00320 -0.00036 -0.00299 -0.01622
0.010000  0.03185  0.04409  0.01020  0.02040 -0.03063
0.010000  0.02409  0.00596  0.01664  0.00172  0.05597
0.010000 -0.02747 -0.04890 -0.01248 -0.00495  0.01807
