# Scenario generation method from a paper by Hoyland, Kaut & Wallace
# Code by Michal Kaut (michal.kaut@iot.ntnu.n) & Diego Mathieu

#   prob   var  1   var  2   var  3   var  4   var  5
0.010000  0.03217  0.00650  0.01973  0.00981  0.06348
0.010000  0.00875 -0.03711 -0.00929  0.00790  0.00363
0.010000 -0.02281 -0.00124  0.00105 -0.00318 -0.01294
0.010000 -0.01404 -0.02379  0.01110 -0.02032  0.00954
0.010000 -0.02546  0.00746  0.00910 -0.01093 -0.04021
0.010000 -0.01485  0.00843  0.01642 -0.00046 -0.07068
0.010000 -0.01034 -0.00116 -0.01060 -0.00758 -0.04375
0.010000  0.00222 -0.00629 -0.00778 -0.00550  0.01542
0.010000  0.00723 -0.00454  0.01903  0.00622  0.03519
0.010000  0.00623 -0.00335  0.00175  0.00581 -0.03458
0.010000  0.02713  0.05183  0.02637  0.00766  0.04027
0.010000  0.00774  0.01869 -0.00628 -0.00197  0.00523
0.010000 -0.02408 -0.02631 -0.01223 -0.02558 -0.03041
0.010000  0.00323  0.00627 -0.00348  0.00357  0.03869
0.010000  0.00423  0.01117  0.01484 -0.01514 -0.02989
0.010000 -0.00035 -0.00056 -0.00938 -0.00234 -0.01219
0.010000  0.00927 -0.00995  0.00547 -0.00316 -0.00721
0.010000  0.01082  0.00189  0.02167 -0.00026 -0.02076
0.010000  0.02105 -0.00627  0.00673  0.00892  0.00686
0.010000  0.00273  0.00231  0.00857 -0.00060 -0.00347
0.010000  0.01030  0.00447  0.01053  0.00490  0.01460
0.010000 -0.01176 -0.03951 -0.01126  0.00231  0.00820
0.010000 -0.00900 -0.02751  0.01342 -0.01516 -0.00061
0.010000 -0.03764  0.01459 -0.01256 -0.01899 -0.03578
0.010000  0.01408  0.01323 -0.00210  0.00595  0.02369
0.010000  0.00069  0.01136  0.00585  0.00329  0.02412
0.010000 -0.01748 -0.03126  0.00049  0.00234 -0.00954
0.010000 -0.00359 -0.03276 -0.00970  0.00027  0.03856
0.010000  0.00018  0.00144 -0.00861 -0.01314  0.00405
0.010000  0.00825  0.01086 -0.00623 -0.00404  0.01046
0.010000  0.01641 -0.01178  0.01218  0.00776  0.03194
0.010000  0.03072  0.01154  0.02768  0.00756 -0.03433
0.010000 -0.00303  0.02640 -0.00524 -0.00219  0.00505
0.010000  0.01297 -0.00028 -0.00590  0.00559  0.01976
0.010000 -0.01844 -0.05861 -0.01228 -0.00120  0.01023
0.010000  0.05677  0.09762  0.02928  0.00651 -0.00063
0.010000 -0.00140 -0.00567 -0.00560 -0.02425 -0.04067
0.010000  0.00121 -0.01048  0.00497  0.00118 -0.03964
0.010000  0.00523 -0.01398 -0.00372  0.00405  0.03494
0.010000 -0.00530 -0.00001  0.01662 -0.01444 -0.01685
0.010000  0.02516  0.02028  0.00088 -0.00513 -0.02800
0.010000  0.02340  0.01066 -0.00112  0.00827  0.02330
0.010000 -0.00710 -0.02209 -0.01018 -0.02973 -0.00876
0.010000 -0.00415 -0.00545  0.01279  0.00438  0.01648
0.010000  0.01352 -0.01994 -0.00405  0.00140  0.03178
0.010000  0.03811  0.02442  0.01998  0.00736  0.05221
0.010000  0.01135  0.03533  0.02187 -0.00346  0.01400
0.010000  0.02611  0.02930  0.00263  0.00225  0.02115
0.010000  0.02180  0.00255  0.00457  0.00830 -0.00269
0.010000  0.01703 -0.02569  0.00530 -0.01416 -0.00623
0.010000 -0.03041 -0.01219 -0.00047 -0.00468 -0.03576
0.010000  0.04117  0.03301  0.02692  0.00228  0.00150
0.010000 -0.05262 -0.00776 -0.01372 -0.01390 -0.02190
0.010000  0.02259  0.00627 -0.00250  0.00605  0.02111
0.010000 -0.00966 -0.02075  0.00126  0.00170  0.00779
0.010000  0.02426  0.05575  0.00753  0.00521  0.00459
0.010000 -0.02162 -0.02332 -0.01202 -0.02245 -0.05404
0.010000  0.01242 -0.00770  0.02473  0.00389 -0.01332
0.010000  0.01522  0.00333  0.00059  0.00738  0.00297
0.010000  0.01963 -0.02716  0.00005 -0.00136  0.00704
0.010000 -0.00835  0.01724 -0.00941  0.00188  0.01153
0.010000 -0.03246 -0.00481 -0.00946 -0.01072 -0.04425
0.010000 -0.00194  0.01150  0.01900  0.00479 -0.00764
0.010000 -0.01104  0.01234 -0.00917 -0.01252 -0.04028
0.010000 -0.04110 -0.02489 -0.01034 -0.00315  0.00077
0.010000  0.00172  0.00268  0.01033 -0.00039  0.00291
0.010000 -0.03483 -0.01603 -0.01237 -0.00344 -0.04896
0.010000  0.00573 -0.00960  0.01344  0.00677  0.01390
0.010000  0.03383  0.00778  0.00279 -0.00481  0.04423
0.010000  0.04570  0.02280  0.02311  0.00168  0.01091
0.010000 -0.00649  0.02109  0.00265  0.00210  0.01908
0.010000 -0.00589 -0.06003 -0.01071  0.00283  0.00873
0.010000 -0.02050 -0.01023 -0.00447 -0.00269 -0.05592
0.010000  0.01465  0.02120  0.00886 -0.00036  0.04992
0.010000  0.01765  0.00295 -0.00287 -0.00549  0.02324
0.010000  0.01188 -0.07495 -0.00945  0.00720  0.02513
0.010000  0.03576  0.00919  0.01914  0.00956  0.02763
0.010000 -0.00087 -0.00251 -0.00235  0.00499 -0.00542
0.010000  0.02823 -0.00472  0.01751  0.00621  0.01295
0.010000  0.00673 -0.01990 -0.00860 -0.00444  0.04011
0.010000  0.01829  0.06129  0.01318 -0.00261 -0.01414
0.010000  0.00978  0.01332  0.02405  0.00493 -0.00705
0.010000 -0.04569 -0.03282 -0.01363 -0.00400  0.01352
0.010000 -0.01657 -0.01455 -0.01140  0.00172 -0.03176
0.010000  0.01895  0.04438  0.01865  0.00671  0.00573
0.010000 -0.02859 -0.04531 -0.01269 -0.00008 -0.03814
0.010000  0.02033 -0.00144  0.01073 -0.00217  0.03902
0.010000  0.01581 -0.00233  0.00493  0.00791 -0.01792
0.010000 -0.00472 -0.00492  0.00370  0.00179 -0.02279
0.010000  0.00373 -0.02394  0.01268  0.00426  0.00647
0.010000  0.00473  0.00080  0.01575 -0.00949 -0.03932
0.010000 -0.07012 -0.02729 -0.00019 -0.02311 -0.04044
0.010000 -0.01249  0.01991 -0.00955 -0.01121 -0.00743
0.010000 -0.00248 -0.02033 -0.00940 -0.01158  0.01164
0.010000 -0.01944 -0.00265 -0.00540 -0.00355 -0.00707
0.010000  0.02941  0.00168  0.00284  0.00533  0.00174
0.010000 -0.01325 -0.03214 -0.01152 -0.00684  0.00503
0.010000 -0.02695 -0.01085 -0.01178 -0.00235  0.00113
0.010000 -0.00772  0.00120 -0.00982 -0.00522 -0.03674
0.010000 -0.01569  0.01505 -0.01091 -0.01572 -0.04607
