# Scenario generation method from a paper by Hoyland, Kaut & Wallace
# Code by Michal Kaut (michal.kaut@iot.ntnu.n) & Diego Mathieu

#   prob   var  1   var  2   var  3   var  4   var  5
0.010000  0.00674 -0.01194  0.00589 -0.00852 -0.00677
0.010000  0.00310  0.00843  0.00423  0.02381 -0.02164
0.010000  0.00417  0.01131  0.00257  0.01301  0.00337
0.010000  0.01554  0.00783  0.00324 -0.00401  0.00194
0.010000 -0.00189  0.00745  0.01311  0.02340 -0.01126
0.010000  0.01038 -0.00667 -0.00931 -0.00850 -0.01722
0.010000  0.01223  0.00144  0.00396 -0.00278 -0.00862
0.010000 -0.02695 -0.02090 -0.02301 -0.01505  0.01160
0.010000 -0.01858 -0.01510 -0.02347 -0.01309 -0.00938
0.010000 -0.05053 -0.03502 -0.02633 -0.01639 -0.01810
0.010000 -0.01238 -0.02622 -0.01404 -0.00071  0.00318
0.010000  0.00027 -0.00355 -0.00173 -0.00767 -0.00854
0.010000 -0.01128 -0.01555 -0.01157 -0.01056 -0.01197
0.010000 -0.00493  0.00789  0.00426 -0.00025  0.00489
0.010000  0.01764  0.00143  0.00229  0.00176 -0.02331
0.010000  0.01082  0.00646  0.00152  0.00158  0.02454
0.010000 -0.01076 -0.01088 -0.01420 -0.01320 -0.01959
0.010000 -0.00744 -0.01635 -0.01430  0.01269 -0.00362
0.010000 -0.01182 -0.01798 -0.01005 -0.01286 -0.03438
0.010000 -0.03437 -0.02006 -0.00461 -0.01246 -0.00481
0.010000 -0.01550 -0.00404 -0.02015 -0.00452 -0.00289
0.010000 -0.03902 -0.00795 -0.03421  0.00458 -0.02812
0.010000 -0.02044 -0.03307 -0.01481 -0.01520 -0.04448
0.010000 -0.02888 -0.03465 -0.02369 -0.01562 -0.01101
0.010000 -0.00880 -0.00413 -0.00014  0.01193  0.01478
0.010000  0.00995  0.01075  0.00517  0.02160  0.01045
0.010000  0.00870 -0.00615  0.01801  0.00010  0.00651
0.010000 -0.00262 -0.00534 -0.00828 -0.01136 -0.00604
0.010000 -0.00533  0.00578  0.00225 -0.00170  0.00762
0.010000 -0.00975 -0.00564  0.00075  0.00412 -0.00765
0.010000  0.01936  0.01304  0.01603  0.00034  0.00607
0.010000 -0.00657  0.00688 -0.01045  0.00047  0.01614
0.010000 -0.01025 -0.01908  0.00595  0.00353  0.00972
0.010000 -0.00700  0.00630 -0.00776  0.01458 -0.00150
0.010000  0.01128  0.01349 -0.01625  0.00130 -0.01894
0.010000  0.00098  0.00963 -0.01479 -0.00655 -0.00503
0.010000 -0.00008 -0.00837  0.01002  0.02690 -0.01473
0.010000  0.01175  0.00599  0.01442 -0.00059  0.00178
0.010000  0.00829 -0.00264 -0.00183  0.01269 -0.01300
0.010000  0.01434  0.01204  0.01322  0.01608 -0.01328
0.010000  0.00345 -0.01408  0.00700 -0.00997 -0.01621
0.010000 -0.01418 -0.02041 -0.00562 -0.00500  0.00134
0.010000 -0.00376  0.00693 -0.01519 -0.00161 -0.01293
0.010000 -0.02532 -0.02981 -0.02646 -0.01546 -0.01594
0.010000  0.00133  0.00104 -0.01026  0.00123  0.00373
0.010000 -0.01296 -0.02424  0.00396 -0.01231 -0.00518
0.010000  0.00239  0.00631  0.01037  0.00754 -0.01394
0.010000 -0.00338 -0.01257  0.01120  0.01974  0.00592
0.010000 -0.01948 -0.03212 -0.01075 -0.01600 -0.01377
0.010000  0.00712  0.00661 -0.00343 -0.00646 -0.02534
0.010000 -0.00788 -0.02155  0.00940 -0.00785 -0.00682
0.010000  0.01846  0.00254  0.01332  0.01027 -0.01664
0.010000 -0.00080 -0.02357  0.00911 -0.00634 -0.01491
0.010000 -0.00152 -0.01755 -0.00008 -0.01368  0.00637
0.010000  0.00489 -0.00240  0.01879 -0.00233  0.00755
0.010000  0.01619 -0.00835  0.00039  0.00214 -0.01482
0.010000 -0.01696 -0.01744 -0.01125 -0.01111  0.01644
0.010000  0.03322  0.01698  0.00820  0.01328 -0.03462
0.010000  0.00168 -0.02103  0.00591 -0.00541 -0.05988
0.010000  0.00952  0.00563  0.00766 -0.00478 -0.00768
0.010000 -0.02390 -0.00033 -0.00957  0.00987 -0.00448
0.010000 -0.00415 -0.01670 -0.00651 -0.00030  0.03878
0.010000 -0.01355 -0.00513 -0.02050  0.00237 -0.03727
0.010000  0.00910 -0.00424 -0.00636 -0.00239 -0.00403
0.010000 -0.00225  0.00869 -0.02615 -0.00303 -0.02296
0.010000 -0.00833 -0.01370  0.01727  0.00466  0.01468
0.010000  0.00525  0.00973 -0.01580  0.00423  0.00080
0.010000 -0.02149 -0.03050 -0.02674 -0.00371 -0.03394
0.010000  0.02730  0.01444  0.02622  0.01079 -0.00480
0.010000  0.00453  0.00188 -0.01654 -0.01021 -0.01946
0.010000  0.00562  0.00512  0.00243  0.01616 -0.00902
0.010000 -0.03125 -0.01657 -0.01152 -0.00154  0.00634
0.010000  0.00751  0.00096 -0.00492  0.00609 -0.01068
0.010000  0.02038  0.01047  0.00589  0.02146 -0.01499
0.010000  0.01324  0.01248  0.01117  0.02864 -0.01445
0.010000  0.00274  0.00854  0.01888  0.00548 -0.02932
0.010000  0.02155  0.01312 -0.00788  0.01276 -0.02599
0.010000  0.01273  0.00398  0.00534  0.00455 -0.00628
0.010000  0.01689  0.00487  0.01097  0.00591  0.01164
0.010000 -0.01775  0.00136 -0.03472 -0.00308  0.00980
0.010000 -0.00574 -0.00507  0.00155 -0.00631 -0.00045
0.010000  0.02473  0.01329  0.00947  0.00465 -0.00286
0.010000  0.01492  0.01067  0.01114  0.00878 -0.00432
0.010000 -0.00116  0.00242 -0.02142 -0.00127  0.01324
0.010000 -0.02263 -0.00075 -0.01703 -0.00853  0.00560
0.010000 -0.00454 -0.02660  0.00910 -0.01451 -0.01280
0.010000  0.00204 -0.01223  0.01073 -0.00945  0.02056
0.010000 -0.01482 -0.01251 -0.02490 -0.01317 -0.01567
0.010000 -0.00615 -0.02645 -0.00371 -0.01369 -0.00483
0.010000 -0.01621 -0.00954  0.00401 -0.00295  0.02674
0.010000  0.00636  0.00515 -0.00067  0.02279  0.00221
0.010000  0.02295  0.01430  0.03176  0.02572  0.02118
0.010000 -0.00044 -0.02062 -0.00914 -0.01064  0.01941
0.010000  0.01378 -0.01259 -0.00634 -0.00053 -0.00322
0.010000  0.00381  0.00579  0.00518 -0.00512 -0.00995
0.010000 -0.00300 -0.01283  0.00515 -0.00155  0.00775
0.010000 -0.00927 -0.01210 -0.00706 -0.00717 -0.02137
0.010000  0.00790  0.01152 -0.00933 -0.00519 -0.02752
0.010000  0.00599  0.00804  0.00101 -0.00401 -0.02408
0.010000  0.00062 -0.00027 -0.02265 -0.00914 -0.00596
