# Scenario generation method from a paper by Hoyland, Kaut & Wallace
# Code by Michal Kaut (michal.kaut@iot.ntnu.n) & Diego Mathieu

#   prob   var  1   var  2   var  3   var  4   var  5
0.010000 -0.01904 -0.01219  0.00788 -0.00629 -0.00424
0.010000 -0.02143 -0.01649  0.00000  0.02245 -0.00972
0.010000  0.00699 -0.00305 -0.00878 -0.07506 -0.02026
0.010000 -0.00895  0.01951 -0.00894 -0.05780  0.00832
0.010000  0.03997  0.03009  0.00949 -0.00987  0.02780
0.010000  0.01483  0.00076  0.00853  0.03977 -0.03833
0.010000 -0.01978 -0.01577  0.00731  0.02586  0.01302
0.010000 -0.01266 -0.00853  0.00582  0.00748  0.01633
0.010000  0.02995  0.02826  0.00012  0.00920  0.01605
0.010000 -0.02579 -0.00789 -0.00568 -0.02781 -0.01040
0.010000 -0.00295  0.01529 -0.00292 -0.04537 -0.00911
0.010000 -0.02336 -0.01698  0.00322  0.00400 -0.00919
0.010000 -0.00209 -0.00645  0.00761  0.00408 -0.01458
0.010000 -0.00593  0.07219 -0.00535 -0.01835  0.00943
0.010000  0.01829  0.04380  0.00609 -0.02241 -0.00394
0.010000  0.01648  0.00177 -0.00046 -0.04844  0.01189
0.010000 -0.00851 -0.01015 -0.00961 -0.02878 -0.01564
0.010000  0.02254  0.03011  0.00979 -0.02429 -0.03249
0.010000 -0.01527  0.01134 -0.00923  0.01022  0.00070
0.010000  0.02513  0.00846 -0.00610 -0.01675 -0.01184
0.010000  0.04391  0.02027  0.01032  0.05844 -0.01224
0.010000 -0.02917 -0.00380 -0.00724 -0.08583 -0.01272
0.010000  0.02029  0.00408  0.00916  0.02035 -0.02486
0.010000  0.02818  0.07078 -0.00669 -0.00417  0.00853
0.010000  0.01259  0.01451  0.00310  0.00473 -0.01576
0.010000 -0.01472 -0.01043 -0.01021  0.01124  0.00581
0.010000  0.00385  0.00398 -0.00750 -0.02225 -0.02801
0.010000  0.02138  0.02729 -0.00514 -0.01282 -0.00980
0.010000 -0.00550 -0.00716 -0.00548  0.00228  0.01845
0.010000  0.02379  0.03325 -0.00414 -0.00180  0.01113
0.010000  0.03419  0.03686  0.00080  0.04992 -0.01354
0.010000 -0.01418 -0.00482 -0.00091 -0.00878 -0.01773
0.010000 -0.00423  0.00476 -0.00801 -0.01861  0.02374
0.010000 -0.00721 -0.00565  0.00736 -0.01582  0.00347
0.010000  0.00993  0.00086  0.00385 -0.00720 -0.01546
0.010000  0.05740  0.02802 -0.00381  0.05445  0.00898
0.010000  0.01406  0.00334  0.00290  0.02001 -0.01001
0.010000 -0.01075 -0.01167  0.00347  0.05159 -0.02379
0.010000 -0.00635 -0.00795  0.00798  0.01484  0.00382
0.010000  0.00813  0.00320  0.00477 -0.02127 -0.01602
0.010000  0.00755  0.00257  0.00628  0.02172  0.00009
0.010000 -0.00034  0.00204 -0.00377 -0.03102  0.02529
0.010000  0.00931  0.03464  0.00458 -0.01133  0.01122
0.010000  0.02659  0.01713 -0.00745 -0.02118 -0.00411
0.010000  0.01926  0.00826  0.00764  0.02743 -0.03527
0.010000  0.00100 -0.00511 -0.00548 -0.03648  0.00497
0.010000 -0.01584 -0.00615  0.00321 -0.00246 -0.00214
0.010000  0.00010 -0.00060 -0.00860 -0.02163  0.01415
0.010000 -0.01767  0.00688 -0.00635  0.01429  0.01100
0.010000  0.00871  0.01577 -0.00483  0.00493 -0.00054
0.010000 -0.02731  0.00506 -0.00746 -0.02779 -0.00455
0.010000 -0.02235 -0.00354 -0.00482 -0.00783 -0.03237
0.010000 -0.01122 -0.01144 -0.00834  0.01434 -0.01138
0.010000  0.01190 -0.00032  0.00023  0.00641 -0.02075
0.010000 -0.00166 -0.00749 -0.00868 -0.03584 -0.02633
0.010000 -0.03530 -0.01376  0.00759  0.04417 -0.00019
0.010000  0.00538  0.00371  0.00580 -0.03362  0.01290
0.010000 -0.02450  0.00469  0.00549  0.00379 -0.02959
0.010000 -0.04467 -0.02309 -0.00220  0.02830  0.02630
0.010000 -0.01030 -0.00578 -0.00385  0.00435 -0.02641
0.010000 -0.01643  0.00442 -0.00904  0.01575 -0.00117
0.010000 -0.01217 -0.00779  0.00697  0.03963 -0.00227
0.010000 -0.00678  0.00141  0.00685  0.02106 -0.02237
0.010000 -0.00764  0.02822 -0.00016 -0.02269 -0.03637
0.010000  0.01331  0.00456 -0.00908 -0.00009  0.01364
0.010000 -0.01169  0.03970 -0.00668 -0.02077  0.02181
0.010000  0.01736  0.00304 -0.00910  0.02293 -0.00858
0.010000 -0.00808  0.00473 -0.00686 -0.00776 -0.01537
0.010000 -0.02057 -0.00104  0.00451  0.02106 -0.01572
0.010000 -0.00079 -0.00538 -0.00334 -0.03334  0.01134
0.010000 -0.01366 -0.01243 -0.00047 -0.01505 -0.02398
0.010000  0.00336 -0.00268 -0.00932 -0.02020  0.00233
0.010000 -0.00465  0.05459  0.00849 -0.01541 -0.02396
0.010000  0.01564  0.00259  0.00920  0.04640 -0.01356
0.010000  0.03681  0.06567 -0.00645 -0.02243  0.00386
0.010000 -0.03162 -0.01816 -0.00003 -0.03640 -0.01334
0.010000  0.00055  0.00333  0.00823  0.03425 -0.03173
0.010000 -0.00122 -0.00644 -0.00481 -0.00321 -0.00850
0.010000 -0.01316  0.02646  0.00738 -0.01088 -0.00066
0.010000 -0.00940 -0.00920 -0.00318  0.02908 -0.00427
0.010000  0.00240  0.00040  0.00890  0.01968 -0.00167
0.010000  0.00146  0.00801 -0.00757 -0.03353 -0.02452
0.010000 -0.00508 -0.00909  0.00055 -0.00935  0.01519
0.010000 -0.00984 -0.00108  0.00063 -0.00221  0.02246
0.010000  0.07880  0.05249 -0.00177  0.00414  0.04142
0.010000 -0.00380  0.01675 -0.00875 -0.05364 -0.00165
0.010000  0.00435  0.00278 -0.00259  0.00247  0.00498
0.010000  0.00591  0.02922 -0.00837 -0.03344 -0.00864
0.010000  0.00193 -0.00481  0.00606 -0.00764 -0.02479
0.010000  0.00644  0.05174  0.00523  0.04167 -0.00997
0.010000  0.04922  0.05871  0.00965 -0.04115 -0.00061
0.010000  0.03193  0.02572 -0.00023  0.01986  0.01875
0.010000 -0.01704 -0.00846  0.00787  0.04892 -0.02811
0.010000  0.00486  0.00238 -0.00038  0.00831 -0.00057
0.010000 -0.00338 -0.00811 -0.00890 -0.02473 -0.00452
0.010000 -0.01834 -0.00379  0.00211  0.05338 -0.00062
0.010000  0.01122  0.00204  0.00906  0.03415  0.00406
0.010000  0.00288  0.01009  0.00576 -0.00820  0.01533
0.010000  0.01057  0.00746 -0.00904 -0.05829 -0.00271
0.010000 -0.00252  0.02999 -0.00148  0.04018 -0.01801
