# Scenario generation method from a paper by Hoyland, Kaut & Wallace
# Code by Michal Kaut (michal.kaut@iot.ntnu.n) & Diego Mathieu

#   prob   var  1   var  2   var  3   var  4   var  5
0.010000 -0.02883 -0.02591 -0.00851  0.00036  0.00106
0.010000 -0.00248 -0.00719 -0.00289 -0.00858 -0.00552
0.010000  0.07228  0.07057  0.02193  0.04481 -0.00191
0.010000  0.01222  0.01531 -0.00338  0.01332 -0.02567
0.010000  0.00138  0.01718 -0.00045  0.02223 -0.00615
0.010000 -0.00440  0.02140 -0.00661 -0.02059 -0.01843
0.010000 -0.01403  0.01782 -0.00711 -0.06051  0.01042
0.010000 -0.00632  0.02580 -0.00683  0.00129 -0.01851
0.010000 -0.03512 -0.04677 -0.00647  0.01805 -0.00758
0.010000 -0.01597 -0.01819 -0.00655 -0.01094  0.00202
0.010000  0.03462  0.00021  0.02237  0.02408  0.01637
0.010000 -0.02385 -0.03646  0.03732  0.06288  0.00856
0.010000  0.01845  0.05344 -0.00474 -0.00016 -0.01262
0.010000 -0.00055  0.01086 -0.00617  0.00775 -0.01792
0.010000 -0.03268 -0.00868  0.01368  0.04156 -0.02239
0.010000  0.01530  0.04190 -0.00070 -0.04411 -0.00714
0.010000 -0.02285  0.02014 -0.00321 -0.06559 -0.07036
0.010000 -0.01210  0.00092  0.01235  0.05607  0.02243
0.010000 -0.01989 -0.01323 -0.00596  0.01561 -0.04418
0.010000 -0.00824 -0.02447 -0.00629 -0.03616  0.00520
0.010000 -0.01017 -0.02919  0.00101 -0.02916  0.00794
0.010000  0.04423  0.04285  0.03027  0.06220  0.00014
0.010000  0.02279  0.05160 -0.00387 -0.02040 -0.02047
0.010000  0.08353  0.07360  0.02596  0.04428  0.02104
0.010000  0.04276  0.04611  0.02467  0.06325  0.01248
0.010000 -0.00344 -0.00285 -0.00475 -0.02067  0.01051
0.010000  0.03211  0.03537  0.00550  0.00779  0.02260
0.010000  0.01324  0.05460 -0.00537 -0.02934 -0.01187
0.010000  0.06674  0.02697  0.03385  0.06535  0.03171
0.010000 -0.02088 -0.02425 -0.00337  0.00892  0.00841
0.010000  0.03591  0.01830  0.00947  0.05859 -0.00285
0.010000  0.02168  0.04623 -0.00382  0.03029  0.03537
0.010000  0.05589  0.04884  0.05992  0.06877  0.05435
0.010000 -0.03587 -0.02199 -0.00869 -0.01225 -0.01645
0.010000 -0.02584 -0.03257 -0.00710 -0.06509  0.00073
0.010000 -0.03175 -0.04239 -0.00198  0.01542 -0.01179
0.010000 -0.03325 -0.01577 -0.00580 -0.07066 -0.02114
0.010000  0.00625 -0.00239  0.04500  0.02266  0.02720
0.010000 -0.01306  0.00688  0.00740  0.01260  0.00016
0.010000  0.02968  0.01165  0.05464  0.08105  0.01845
0.010000  0.00042  0.04566 -0.00604  0.02773 -0.01033
0.010000  0.00332 -0.03143 -0.00400 -0.03120  0.05021
0.010000  0.08844  0.03761  0.07344  0.06993  0.07010
0.010000  0.03856  0.02495  0.03277  0.00112  0.02570
0.010000 -0.02981 -0.04314 -0.00840 -0.01342 -0.00587
0.010000  0.00527  0.02458 -0.00574 -0.04041 -0.03463
0.010000  0.04574  0.05254  0.00575 -0.00495  0.04285
0.010000  0.02617  0.01272  0.00196  0.00668 -0.00912
0.010000  0.00723 -0.01816  0.02040  0.04183  0.01800
0.010000 -0.01113  0.01691  0.00271 -0.02501  0.00928
0.010000  0.06201  0.05553  0.07328  0.07561  0.05749
0.010000  0.03993  0.00372  0.01010  0.01863  0.02471
0.010000  0.03089  0.04840  0.00039  0.02872 -0.00570
0.010000 -0.03566 -0.05206 -0.00856 -0.05288 -0.00397
0.010000  0.01121  0.02765 -0.00359  0.02035 -0.00917
0.010000 -0.00536 -0.01815 -0.00610 -0.00689 -0.00901
0.010000  0.01951  0.02708 -0.00334 -0.04718  0.01696
0.010000  0.01739  0.05094 -0.00482 -0.01443 -0.01045
0.010000  0.00921  0.02661 -0.00294  0.02816 -0.01742
0.010000 -0.02684 -0.00182 -0.00424 -0.03865 -0.01201
0.010000 -0.01500 -0.02813  0.02483 -0.00835  0.04662
0.010000 -0.01891  0.02496 -0.00493  0.02151 -0.01765
0.010000  0.02059  0.02590  0.02077  0.01608  0.01508
0.010000 -0.00728  0.02310 -0.00716  0.01302 -0.03020
0.010000 -0.02080 -0.02014 -0.00789 -0.02988 -0.01096
0.010000  0.02732  0.06456  0.00003  0.01252  0.00575
0.010000 -0.03079 -0.03111 -0.00530 -0.05145 -0.02612
0.010000 -0.01793 -0.04344 -0.00712 -0.03877 -0.03742
0.010000  0.04133  0.03428  0.01331  0.05708  0.00181
0.010000  0.04729  0.07093  0.00243  0.02233  0.00279
0.010000  0.01634  0.05105 -0.00497 -0.04510 -0.01156
0.010000  0.07919  0.05569  0.06383  0.08005  0.07931
0.010000 -0.00920 -0.00301 -0.00596 -0.03467  0.00555
0.010000  0.06430  0.03822  0.02141  0.03001  0.02486
0.010000  0.07551  0.05624  0.03142  0.01785  0.05313
0.010000  0.02390  0.00446  0.00032  0.05504 -0.01248
0.010000  0.00430  0.02844  0.00484  0.06401  0.01028
0.010000 -0.03440 -0.04485 -0.00789 -0.06490 -0.01960
0.010000  0.02503 -0.00597  0.00180 -0.02835  0.00676
0.010000  0.00822  0.02420 -0.00439 -0.04946 -0.00632
0.010000  0.05054  0.00520  0.01753  0.05680  0.02927
0.010000 -0.02186  0.01445 -0.00413 -0.00488 -0.03500
0.010000  0.04889  0.04137  0.01054  0.02415  0.03197
0.010000  0.02850 -0.00164  0.00297 -0.02052  0.00919
0.010000  0.00235 -0.00515  0.06562  0.03964  0.04045
0.010000 -0.03357 -0.03599 -0.00568 -0.04028  0.01169
0.010000  0.05403  0.07026  0.00727  0.02810 -0.02045
0.010000 -0.01695  0.02796 -0.00737 -0.01846 -0.02189
0.010000 -0.03542  0.00291 -0.00194  0.00822 -0.02606
0.010000  0.05226  0.07270  0.02223 -0.01695  0.02068
0.010000  0.01426  0.02597 -0.00366  0.02702 -0.00862
0.010000  0.06939  0.05975  0.02803  0.06848  0.00742
0.010000 -0.02484 -0.01477 -0.00809 -0.04357 -0.00415
0.010000  0.05783  0.07009  0.00838  0.00834  0.00592
0.010000 -0.00151  0.00922 -0.00607 -0.00616  0.00020
0.010000  0.03336  0.00036  0.00459  0.03206  0.02152
0.010000  0.03722  0.03497  0.01821  0.03543  0.00403
0.010000  0.01021 -0.02778 -0.00226 -0.01843  0.01093
0.010000  0.05986  0.06257  0.01721  0.02066  0.03664
0.010000 -0.02783 -0.00192 -0.00160 -0.03356 -0.00773
