# Scenario generation method from a paper by Hoyland, Kaut & Wallace
# Code by Michal Kaut (michal.kaut@iot.ntnu.n) & Diego Mathieu

#   prob   var  1   var  2   var  3   var  4   var  5
0.010000 -0.01540 -0.01937  0.01066  0.01562  0.01946
0.010000 -0.00119 -0.01413 -0.01300 -0.02782 -0.03383
0.010000  0.00001 -0.00192  0.00645  0.00194 -0.01053
0.010000  0.02931  0.03012  0.00426  0.01389  0.02181
0.010000 -0.01881 -0.01556  0.01519 -0.00811 -0.00771
0.010000 -0.03184 -0.02218 -0.01581  0.00634 -0.00574
0.010000  0.01062  0.02971 -0.00353  0.02362 -0.02461
0.010000  0.00674  0.03097 -0.00462  0.00603  0.02529
0.010000  0.03161  0.02280  0.00348  0.00314 -0.02157
0.010000 -0.01606  0.00693 -0.00743  0.01992 -0.04172
0.010000 -0.00239  0.01449 -0.00506 -0.01225 -0.01221
0.010000  0.00801  0.00022 -0.00084 -0.01635 -0.00319
0.010000  0.03285  0.03420  0.03677  0.00238  0.01576
0.010000  0.01620  0.01642 -0.00564 -0.00294  0.00005
0.010000  0.02526  0.02328  0.04917  0.01510  0.04206
0.010000 -0.01280  0.01040  0.03642  0.01936 -0.01326
0.010000 -0.01216 -0.02126  0.01981  0.02039  0.00573
0.010000 -0.01742  0.00346 -0.00430 -0.01018  0.02953
0.010000  0.01846  0.02207  0.02983 -0.03896 -0.00872
0.010000  0.00363 -0.01311 -0.01192 -0.00807  0.03394
0.010000  0.02721  0.01397 -0.00143  0.01029  0.01334
0.010000 -0.00539 -0.02200 -0.01431  0.00127 -0.00496
0.010000  0.04873  0.03892  0.03328  0.03050  0.00465
0.010000 -0.00660  0.00390 -0.01250  0.01658 -0.02165
0.010000  0.01694  0.03577  0.00104  0.01025  0.04470
0.010000  0.04545  0.02902  0.05013  0.02320  0.03354
0.010000 -0.02740 -0.02970 -0.00872  0.00347 -0.02460
0.010000  0.04069  0.03871  0.00799  0.00822  0.00484
0.010000 -0.01344 -0.01058 -0.00642  0.01325 -0.00836
0.010000 -0.02248 -0.02743 -0.01461  0.00638  0.00690
0.010000 -0.00359 -0.01205  0.01708  0.00859  0.00262
0.010000  0.02004  0.00717 -0.00521  0.00245  0.01451
0.010000 -0.02653 -0.02977  0.02081 -0.00699  0.03607
0.010000  0.01547  0.03606 -0.00104  0.00005 -0.03135
0.010000  0.01769  0.01896  0.02600 -0.00449  0.04081
0.010000  0.00866 -0.01189  0.00557 -0.00816  0.01008
0.010000  0.02086  0.01352 -0.00484  0.00248 -0.02038
0.010000  0.00611  0.00953 -0.00306  0.01844  0.00815
0.010000 -0.01409 -0.01889 -0.01315 -0.02909  0.04543
0.010000 -0.02097 -0.00285  0.01397  0.01970  0.01964
0.010000 -0.01811 -0.01964  0.00552  0.00486  0.00756
0.010000  0.01129 -0.00167 -0.00948 -0.00080 -0.02468
0.010000  0.02433  0.03505  0.01563  0.01319  0.01344
0.010000 -0.02485 -0.02081 -0.01579 -0.00371 -0.02871
0.010000 -0.00419  0.01142 -0.00483 -0.02478  0.00954
0.010000  0.00061  0.01801 -0.00878  0.01791  0.00581
0.010000 -0.02024  0.01201 -0.01137  0.01863  0.01184
0.010000  0.03881  0.01391  0.00316 -0.02014 -0.01343
0.010000 -0.00843  0.00470 -0.00185  0.01107  0.01269
0.010000 -0.00966 -0.00299 -0.01396  0.00427  0.00478
0.010000 -0.01952  0.01157 -0.01541  0.02094 -0.00530
0.010000  0.00737  0.02900  0.02704  0.01758  0.00048
0.010000 -0.00782  0.02228 -0.00865  0.03076  0.03765
0.010000 -0.00599  0.00068 -0.01233  0.00016 -0.01634
0.010000  0.00996  0.00590  0.03627  0.02053  0.02222
0.010000 -0.01474 -0.01695 -0.01400 -0.02953 -0.02169
0.010000  0.02621  0.01094  0.02783 -0.01709  0.04164
0.010000 -0.02995 -0.01602 -0.01624  0.01122  0.01265
0.010000 -0.00059 -0.01419 -0.00804  0.01274 -0.01083
0.010000  0.02343  0.02908  0.02263  0.01376  0.00114
0.010000 -0.00721  0.00241 -0.01168 -0.00020  0.01008
0.010000  0.00181  0.01273  0.00156  0.02414 -0.00658
0.010000 -0.01153 -0.00233 -0.00838  0.02589 -0.02164
0.010000  0.03417  0.01720  0.00292 -0.01679 -0.02107
0.010000  0.03043  0.02274  0.02258 -0.01463 -0.00439
0.010000 -0.00179 -0.00536 -0.00636  0.01743 -0.00126
0.010000  0.02824  0.03884  0.00408  0.01652  0.02993
0.010000 -0.02325 -0.02047 -0.01587  0.00865 -0.02208
0.010000  0.01334  0.03298 -0.00579  0.01675 -0.00482
0.010000  0.00930  0.01547 -0.00308  0.01522  0.00530
0.010000  0.01475  0.00567 -0.00154  0.01802 -0.03021
0.010000  0.02255  0.00413  0.01736  0.01506 -0.01788
0.010000 -0.01674 -0.01112 -0.00731  0.01487  0.00729
0.010000 -0.02568 -0.01637  0.00928  0.00427 -0.00220
0.010000  0.00121 -0.01549  0.01464  0.00227  0.00760
0.010000 -0.03011 -0.02209 -0.01614  0.01391  0.05171
0.010000  0.03559  0.03679  0.04943  0.02273  0.06381
0.010000  0.01196  0.02331  0.01957  0.01750  0.03298
0.010000 -0.02404 -0.00070 -0.00176  0.02404 -0.01838
0.010000  0.03713  0.02116  0.00589  0.00205 -0.00241
0.010000 -0.00299  0.01928 -0.00221  0.02302 -0.00334
0.010000 -0.02920  0.00033 -0.01626  0.00419 -0.00077
0.010000  0.00549  0.02051  0.03716  0.04550  0.02674
0.010000 -0.00904  0.01195  0.04432  0.02361  0.02289
0.010000 -0.03232 -0.02449 -0.01399 -0.00500  0.03295
0.010000 -0.02172 -0.01728 -0.01577  0.00634 -0.01430
0.010000  0.04286  0.03847  0.00914 -0.02675 -0.00694
0.010000  0.01404  0.03398  0.00902  0.01194  0.01568
0.010000 -0.00479 -0.00514 -0.01356 -0.00055 -0.00656
0.010000 -0.01090  0.00760  0.00037  0.02660 -0.02147
0.010000  0.00487 -0.01382  0.02426  0.00381  0.00559
0.010000 -0.03102 -0.00885 -0.00422  0.01303  0.00654
0.010000  0.00302  0.01660  0.01272  0.00340 -0.01255
0.010000  0.01265 -0.00515  0.01388 -0.00611  0.09199
0.010000 -0.02829 -0.01183 -0.01542  0.02395 -0.01460
0.010000  0.00425 -0.01216 -0.00234 -0.00150  0.00075
0.010000  0.01924  0.01065  0.03567  0.00627  0.02318
0.010000  0.00242  0.02507 -0.00900  0.02420 -0.01436
0.010000 -0.01028 -0.00443 -0.01205 -0.00543 -0.02809
0.010000  0.02169  0.03591  0.00426  0.02677  0.02670
