# Scenario generation method from a paper by Hoyland, Kaut & Wallace
# Code by Michal Kaut (michal.kaut@iot.ntnu.n) & Diego Mathieu

#   prob   var  1   var  2   var  3   var  4   var  5
0.010000  0.01262  0.01007  0.01318  0.00827  0.02215
0.010000  0.00590  0.00235 -0.01512  0.01538 -0.01043
0.010000  0.02768  0.01263  0.04753  0.02188  0.03660
0.010000 -0.04748 -0.02105 -0.03895 -0.03451 -0.01640
0.010000  0.08593  0.05603  0.04892  0.04887  0.09075
0.010000  0.00092  0.00638 -0.00999  0.01108  0.02583
0.010000 -0.05058 -0.02395 -0.03366 -0.04003 -0.03709
0.010000 -0.05467 -0.03426 -0.01066 -0.01725 -0.03438
0.010000 -0.00170 -0.00168 -0.00942 -0.00189  0.01098
0.010000 -0.02097 -0.02712 -0.01610 -0.00568 -0.04285
0.010000  0.01779  0.00084  0.01795  0.02301 -0.02926
0.010000 -0.00296  0.00127  0.00382  0.00242  0.05174
0.010000 -0.03637 -0.02090 -0.01371 -0.02629 -0.03693
0.010000  0.00160  0.00027 -0.00695 -0.00143 -0.02938
0.010000 -0.01510  0.00013 -0.02716 -0.03213 -0.02508
0.010000 -0.00482 -0.00739 -0.01304 -0.00032 -0.02411
0.010000 -0.01204 -0.00416  0.03055  0.02828  0.02792
0.010000  0.01667  0.00852  0.01083  0.00239  0.03544
0.010000  0.01079  0.00329  0.00113  0.00126 -0.03361
0.010000 -0.01572 -0.00380  0.01994 -0.00226  0.03245
0.010000 -0.01763 -0.01028  0.01308 -0.00317 -0.01298
0.010000  0.04309  0.01591  0.07077  0.05318  0.01485
0.010000 -0.03389 -0.02105 -0.00192 -0.01794 -0.01160
0.010000 -0.00604 -0.00710  0.00469  0.00523 -0.01927
0.010000 -0.02621 -0.02719 -0.01512 -0.01242 -0.04043
0.010000 -0.03776 -0.06611  0.01418 -0.00097  0.01731
0.010000 -0.03509 -0.03189 -0.00512 -0.00796 -0.01107
0.010000  0.03160  0.01506  0.02248  0.02851 -0.00095
0.010000 -0.01024 -0.00420 -0.01805 -0.00958 -0.02078
0.010000  0.02955  0.01127  0.04254  0.06489  0.04659
0.010000 -0.03276 -0.01919 -0.00294 -0.02512  0.06137
0.010000 -0.00040 -0.01257 -0.00206  0.01652 -0.01575
0.010000 -0.01387 -0.00261 -0.01645 -0.00195 -0.00549
0.010000 -0.02462 -0.01536 -0.01917 -0.00493 -0.03110
0.010000  0.00369  0.00212 -0.01542 -0.00855 -0.02207
0.010000  0.01357 -0.02169  0.05063  0.08469  0.05382
0.010000  0.00442  0.00416  0.00104  0.02689 -0.01455
0.010000 -0.00359 -0.00385  0.01180  0.00133 -0.00815
0.010000 -0.00725 -0.00920 -0.00241  0.00568 -0.02649
0.010000  0.00026 -0.00349  0.06640  0.03998  0.03944
0.010000 -0.02540 -0.01207  0.00217 -0.00738 -0.02754
0.010000 -0.01144 -0.00365  0.02058  0.00884  0.06758
0.010000  0.02596  0.01091  0.03160  0.00506 -0.00002
0.010000 -0.01893 -0.00640 -0.02243 -0.04531 -0.03814
0.010000 -0.02386 -0.01278  0.00522 -0.00257  0.04449
0.010000 -0.02879 -0.02746 -0.00348 -0.00080 -0.03777
0.010000 -0.01960 -0.01405 -0.00567  0.00715  0.02737
0.010000  0.04754  0.02458  0.01973  0.01891  0.01080
0.010000 -0.04495 -0.04711 -0.01098 -0.02007 -0.00045
0.010000 -0.04093 -0.02841 -0.00983 -0.00649 -0.03197
0.010000  0.00992  0.00147  0.00700  0.02258  0.01042
0.010000 -0.02028 -0.00913 -0.01343 -0.00831  0.01439
0.010000 -0.02238 -0.01424 -0.00567  0.00002 -0.00650
0.010000 -0.01448 -0.00204 -0.02017 -0.01453 -0.03390
0.010000 -0.01326 -0.00248 -0.01096  0.00006 -0.02450
0.010000  0.01897  0.01358 -0.01187 -0.01356 -0.02763
0.010000  0.06256  0.05227  0.00767  0.00317  0.07554
0.010000  0.00515  0.00017 -0.01102  0.01203 -0.02866
0.010000 -0.02704  0.00530 -0.03603 -0.03342  0.03977
0.010000 -0.03069 -0.01433 -0.01658 -0.01749 -0.03016
0.010000 -0.01699 -0.00256 -0.01675 -0.02209 -0.00244
0.010000 -0.00904  0.00144 -0.02088 -0.00366 -0.01611
0.010000 -0.00543 -0.00576  0.00680 -0.00979 -0.02656
0.010000 -0.01265 -0.00837  0.00593  0.00798  0.03688
0.010000 -0.07640 -0.06826 -0.01668 -0.02653 -0.01129
0.010000 -0.01084 -0.00261 -0.00508 -0.01374 -0.02874
0.010000 -0.01828 -0.01772 -0.00673 -0.01425 -0.03830
0.010000  0.01560  0.00792  0.03364  0.02671  0.02968
0.010000 -0.00105  0.00359 -0.00512 -0.03191  0.04996
0.010000 -0.01635 -0.00347 -0.01874  0.00007 -0.02092
0.010000 -0.03170 -0.02645 -0.03068 -0.01757 -0.04135
0.010000 -0.02167 -0.00176 -0.02314 -0.01269  0.02748
0.010000 -0.06082 -0.04653 -0.01878 -0.01673 -0.01613
0.010000 -0.00421  0.00371  0.01232  0.00835  0.01066
0.010000 -0.00964 -0.00500 -0.00107  0.00246  0.00933
0.010000 -0.00664 -0.00396  0.00318 -0.00477 -0.02929
0.010000 -0.00844 -0.00160  0.00914  0.01122  0.02006
0.010000 -0.03927 -0.00972 -0.01315 -0.02809 -0.00394
0.010000 -0.04281 -0.02077 -0.02884 -0.05811 -0.01130
0.010000  0.02021  0.01109  0.00313  0.00027 -0.02946
0.010000  0.02151  0.01015  0.00115  0.00166  0.01277
0.010000  0.00298 -0.00760  0.02134  0.00251  0.00958
0.010000  0.00229 -0.00148  0.00341  0.00439 -0.03324
0.010000  0.02438  0.01263  0.01308  0.00439  0.01497
0.010000 -0.02972 -0.01659  0.03136  0.02241  0.00080
0.010000  0.01169  0.00528  0.01605 -0.00216  0.02993
0.010000  0.00667  0.00354  0.02330  0.00239  0.03497
0.010000  0.01456  0.00330  0.00700  0.04624 -0.01473
0.010000 -0.00785 -0.00432 -0.00368 -0.00051  0.03251
0.010000  0.03650  0.02388 -0.00171  0.00373 -0.01452
0.010000 -0.00233  0.00261 -0.00281 -0.00261 -0.02663
0.010000  0.02290  0.01056  0.02758  0.02333  0.01574
0.010000 -0.02311 -0.00922 -0.02467 -0.02169 -0.03298
0.010000  0.00745 -0.00970  0.05053  0.02317  0.02993
0.010000 -0.02790 -0.01868 -0.02460 -0.02652 -0.01350
0.010000  0.00908  0.01574  0.00309  0.04570  0.01998
0.010000  0.03950  0.01294  0.05558  0.03339  0.02755
0.010000  0.00826  0.01212  0.00492 -0.00328  0.04418
0.010000  0.05349  0.02481  0.02795 -0.00624 -0.00582
0.010000  0.03390  0.01836  0.00690  0.01690 -0.00373
