# Scenario generation method from a paper by Hoyland, Kaut & Wallace
# Code by Michal Kaut (michal.kaut@iot.ntnu.n) & Diego Mathieu

#   prob   var  1   var  2   var  3   var  4   var  5
0.010000 -0.02920  0.00026 -0.02166  0.02259 -0.02020
0.010000 -0.02772 -0.01092 -0.00040  0.01559 -0.01367
0.010000  0.03378  0.02514  0.02664  0.01490  0.04728
0.010000 -0.02878 -0.02697  0.00341  0.00806 -0.00483
0.010000 -0.01396 -0.00687 -0.02877 -0.01606 -0.00215
0.010000 -0.02514 -0.06018  0.00331  0.00917  0.02564
0.010000  0.02556  0.03569  0.00761  0.03956  0.00054
0.010000  0.03016 -0.00005  0.01634  0.01786  0.02650
0.010000 -0.00372  0.00762  0.00624 -0.01422  0.02489
0.010000 -0.00695 -0.00127 -0.01764 -0.00839 -0.00322
0.010000 -0.01766 -0.01474  0.00031 -0.00563  0.07149
0.010000  0.02121  0.03337  0.01097  0.02535 -0.02444
0.010000 -0.01838 -0.00291 -0.01326 -0.00730 -0.02332
0.010000  0.01217  0.01318 -0.00013  0.02143  0.00106
0.010000 -0.00615 -0.06226  0.00293  0.00942  0.07293
0.010000  0.02451  0.03417  0.01585 -0.01241  0.02263
0.010000 -0.00207 -0.01111  0.00729 -0.00859  0.02804
0.010000 -0.00289 -0.03432  0.00332 -0.00263  0.07694
0.010000  0.01809  0.00338 -0.00474  0.00958 -0.01423
0.010000 -0.00933 -0.00111 -0.00141 -0.00089 -0.01109
0.010000 -0.00854  0.00215  0.00061 -0.00932  0.03877
0.010000 -0.02186 -0.01484  0.00522  0.01517  0.00005
0.010000 -0.01980 -0.03414 -0.01559  0.00776  0.04065
0.010000 -0.00453  0.01106  0.00059  0.01375 -0.02353
0.010000 -0.02049  0.00535 -0.00511  0.00270 -0.01918
0.010000 -0.02619 -0.03368 -0.01348 -0.01603  0.04041
0.010000  0.00842  0.02523  0.01573  0.02340 -0.02238
0.010000 -0.01012  0.00807 -0.01010  0.01215  0.00608
0.010000 -0.01471 -0.02956 -0.00220  0.00432  0.02875
0.010000  0.00218 -0.01686 -0.00874 -0.01199  0.01084
0.010000 -0.01546 -0.02283 -0.00713 -0.01622  0.00345
0.010000  0.00392  0.01510  0.00547  0.01892 -0.01278
0.010000  0.01707  0.00086  0.01126 -0.03794  0.05599
0.010000 -0.00841 -0.04318  0.00501  0.00700  0.02975
0.010000 -0.02504 -0.01038 -0.00999  0.00806 -0.02269
0.010000  0.01508  0.02670  0.00466  0.02024 -0.01818
0.010000  0.03998  0.03982  0.02301  0.02089  0.01746
0.010000 -0.00775 -0.05267 -0.00984 -0.04271  0.05397
0.010000 -0.00123 -0.00122  0.00326 -0.00236  0.05299
0.010000  0.02016  0.01407  0.00769  0.00202  0.00453
0.010000  0.03256  0.02262  0.02541  0.01522  0.03718
0.010000 -0.02692 -0.01880 -0.00800  0.01221  0.00029
0.010000 -0.02916 -0.02077 -0.00785  0.01940 -0.01240
0.010000 -0.01760  0.00501 -0.01680 -0.00280 -0.02515
0.010000  0.00305 -0.01789  0.00739 -0.00163  0.02503
0.010000 -0.02563 -0.05023  0.00463  0.00712  0.06895
0.010000  0.04114  0.03481  0.04942  0.02830  0.01411
0.010000  0.00481  0.02741 -0.01430  0.00780 -0.02504
0.010000 -0.01620  0.00802 -0.00862  0.00805  0.01383
0.010000  0.04218  0.03870  0.03512  0.02026  0.00296
0.010000  0.01313  0.01313  0.00428  0.00663 -0.01588
0.010000  0.03627  0.02117  0.00887 -0.01101  0.05338
0.010000  0.03502  0.03032  0.02412  0.01496  0.01296
0.010000 -0.01089 -0.03581 -0.00971 -0.02358  0.04250
0.010000  0.02783  0.03140  0.00434  0.02027 -0.02341
0.010000 -0.02673 -0.00869 -0.02257 -0.00547 -0.02461
0.010000 -0.02252 -0.01162 -0.01524 -0.01031 -0.02118
0.010000 -0.01244  0.01462 -0.00154  0.02393 -0.01230
0.010000  0.03752  0.03484  0.02406 -0.00952  0.04124
0.010000 -0.02317 -0.03512 -0.01855  0.00401 -0.01777
0.010000  0.00934  0.00589  0.00050  0.00672  0.02057
0.010000 -0.02816 -0.00060  0.01107  0.01508 -0.01285
0.010000  0.02445  0.01252  0.00734  0.00893  0.00572
0.010000 -0.02724 -0.01800 -0.01789 -0.03752 -0.00347
0.010000  0.02335  0.03250 -0.00743  0.00678 -0.02688
0.010000  0.02955  0.00687  0.03261  0.01536  0.03620
0.010000 -0.02889 -0.04157 -0.01012  0.00046  0.00484
0.010000 -0.02444 -0.02944 -0.02020 -0.01285 -0.01542
0.010000  0.01410  0.03192  0.02358  0.02059 -0.02076
0.010000  0.04317  0.01610  0.01840  0.01514  0.04294
0.010000  0.01122 -0.01086  0.00790  0.00035  0.01447
0.010000 -0.02118 -0.03039 -0.02045 -0.01677 -0.00835
0.010000 -0.01167 -0.01277 -0.01472 -0.00542  0.00756
0.010000 -0.02944 -0.01398 -0.01547  0.01575  0.00288
0.010000 -0.00039 -0.01699  0.02410  0.00027  0.02269
0.010000 -0.00534 -0.05371  0.00065  0.00265  0.08145
0.010000  0.00132 -0.00139 -0.00579  0.00697  0.02075
0.010000 -0.02855 -0.03313 -0.01012 -0.00091  0.04023
0.010000  0.03135  0.03894  0.01763  0.02844 -0.02315
0.010000  0.02899  0.02896  0.00221  0.01113 -0.02464
0.010000  0.01027  0.01414  0.01016  0.00681  0.01189
0.010000  0.01912  0.01848  0.01124  0.00076  0.00933
0.010000  0.00046  0.01307 -0.00634  0.00749  0.03583
0.010000  0.03876  0.03140  0.02671  0.01092  0.02967
0.010000 -0.01320 -0.02944 -0.01534 -0.00136  0.00680
0.010000  0.04174  0.03887 -0.00040  0.01279 -0.02751
0.010000  0.04296  0.03268  0.01304 -0.01152  0.02495
0.010000 -0.01909 -0.03767 -0.01972 -0.00865 -0.01107
0.010000 -0.01693  0.00339 -0.00821  0.01426 -0.02337
0.010000 -0.02806 -0.06259  0.00050  0.01567  0.04385
0.010000  0.00750 -0.01185 -0.00048  0.02127 -0.00703
0.010000 -0.02935 -0.00839 -0.01753  0.02081 -0.01475
0.010000 -0.02233 -0.03566 -0.01210 -0.02245  0.06084
0.010000 -0.02381 -0.06853  0.01004 -0.01995  0.08033
0.010000  0.00660 -0.03098  0.00624 -0.06244  0.07278
0.010000  0.02227  0.02418  0.00668 -0.01476  0.02372
0.010000  0.01607  0.03163  0.00465  0.02234 -0.02310
0.010000 -0.02940 -0.00250 -0.00280 -0.00209  0.00574
0.010000  0.00570  0.00838 -0.00033  0.00100  0.01825
0.010000  0.02669  0.01555  0.00546  0.00910 -0.01014
