# Scenario generation method from a paper by Hoyland, Kaut & Wallace
# Code by Michal Kaut (michal.kaut@iot.ntnu.n) & Diego Mathieu

#   prob   var  1   var  2   var  3   var  4   var  5
0.010000  0.03623  0.04396  0.02771  0.01356  0.06669
0.010000 -0.00137 -0.03486 -0.01217 -0.01303  0.00716
0.010000 -0.04147 -0.01455 -0.02437 -0.01556 -0.06183
0.010000 -0.03378 -0.02873 -0.03273 -0.01572 -0.05471
0.010000 -0.01691 -0.04098 -0.02510 -0.01454 -0.00631
0.010000 -0.05954 -0.00243 -0.02476 -0.01589 -0.05993
0.010000 -0.03200 -0.03856 -0.02422 -0.01445 -0.05628
0.010000 -0.00503 -0.02495 -0.01276 -0.01371 -0.05071
0.010000  0.09160  0.06126  0.04956  0.02903 -0.01966
0.010000  0.01594  0.03447  0.01294  0.01290  0.03648
0.010000  0.00348 -0.00636 -0.00217 -0.01106 -0.04653
0.010000 -0.01110 -0.01679 -0.01078 -0.01085 -0.05086
0.010000 -0.02516 -0.02422 -0.01891 -0.01404 -0.05669
0.010000 -0.00043  0.00917 -0.00224  0.01769  0.02601
0.010000  0.07142  0.05603  0.06935  0.03103  0.05399
0.010000 -0.02684 -0.05676 -0.00466  0.00346 -0.00549
0.010000 -0.01361 -0.01949 -0.01412  0.00642  0.03243
0.010000 -0.03749 -0.05085 -0.01393 -0.00677 -0.04266
0.010000 -0.00231 -0.02110 -0.00772 -0.00542 -0.04023
0.010000 -0.02853 -0.01176 -0.01087 -0.00910 -0.05471
0.010000 -0.04587 -0.03724 -0.00927 -0.00142 -0.03830
0.010000 -0.01277  0.00176 -0.00853  0.00430  0.04247
0.010000 -0.06493 -0.01611 -0.01107 -0.00320 -0.02151
0.010000 -0.01025 -0.02557 -0.01264  0.01266  0.05451
0.010000  0.00876  0.00411  0.00076 -0.00713  0.04192
0.010000  0.02150 -0.01373  0.00128  0.02280  0.05152
0.010000 -0.02768  0.00319 -0.01081 -0.01308 -0.01866
0.010000  0.04778  0.08706  0.08392  0.04140  0.01666
0.010000 -0.01526  0.00832 -0.00791 -0.01362 -0.02869
0.010000 -0.04706 -0.00179 -0.01767 -0.01470 -0.03025
0.010000 -0.03025 -0.02212 -0.03284  0.03922  0.00453
0.010000  0.01104  0.02434  0.00840 -0.00523 -0.01555
0.010000 -0.02020 -0.00009 -0.01404 -0.00280 -0.05092
0.010000  0.03869  0.04180  0.01054  0.00274  0.02714
0.010000 -0.04252 -0.04011 -0.01306 -0.00643 -0.04704
0.010000  0.03397  0.07906  0.05047  0.07082  0.06536
0.010000 -0.00413 -0.01972 -0.01364  0.00386  0.03308
0.010000 -0.01609 -0.03450 -0.01445 -0.01294 -0.04679
0.010000  0.01342 -0.01995 -0.00500 -0.00948 -0.00452
0.010000 -0.00592 -0.00973 -0.01115 -0.00553 -0.01360
0.010000  0.01221  0.02934  0.00954 -0.00076 -0.00892
0.010000 -0.02600 -0.01885 -0.01207 -0.01233 -0.05143
0.010000  0.03187  0.00020  0.01028  0.00441  0.02471
0.010000 -0.06194 -0.04472  0.00252  0.02578 -0.03091
0.010000 -0.05563 -0.00573 -0.01945 -0.00246 -0.05619
0.010000 -0.04960 -0.03077 -0.03952 -0.01414 -0.06544
0.010000 -0.00940 -0.00132 -0.00632 -0.01129  0.01017
0.010000 -0.02350  0.00386 -0.01447 -0.01456 -0.03535
0.010000  0.02629 -0.02406  0.00002 -0.00474  0.06318
0.010000 -0.01444 -0.01305 -0.01532 -0.01462 -0.04735
0.010000 -0.03846 -0.03016 -0.01903 -0.01281  0.00869
0.010000 -0.00854 -0.01845 -0.01261 -0.01344 -0.00709
0.010000 -0.05396 -0.01155 -0.00850 -0.00420 -0.05406
0.010000 -0.04472 -0.04278 -0.00556  0.00508 -0.03834
0.010000  0.00659  0.04114  0.00990 -0.00119 -0.04689
0.010000 -0.01773 -0.00849 -0.01253 -0.01411 -0.05637
0.010000  0.02804  0.00221  0.00919  0.07609  0.06676
0.010000  0.00553  0.03807  0.00838  0.00640  0.04154
0.010000 -0.00768  0.04913  0.00625  0.01073 -0.00082
0.010000  0.05650  0.03988  0.03656  0.07676  0.07802
0.010000 -0.03288 -0.01937 -0.01377 -0.01245 -0.00952
0.010000  0.02462  0.00960  0.00923 -0.00175  0.06050
0.010000  0.01862 -0.00450  0.00323  0.00602 -0.01450
0.010000  0.04438  0.03702  0.02672  0.02850  0.02687
0.010000 -0.00323 -0.02038 -0.01205 -0.01360 -0.02726
0.010000 -0.02185  0.06829  0.00372  0.00810  0.01899
0.010000  0.00052 -0.00988 -0.00627 -0.01124 -0.01651
0.010000 -0.03654 -0.01213 -0.01926 -0.01245 -0.04696
0.010000 -0.02267 -0.02990 -0.01578 -0.01337 -0.05385
0.010000  0.01466  0.01865  0.00175 -0.00536 -0.01393
0.010000 -0.04044 -0.02651 -0.01729 -0.01272 -0.04886
0.010000 -0.03944 -0.04869 -0.04163  0.01905  0.00379
0.010000  0.06260  0.04390  0.05384  0.03660  0.05067
0.010000 -0.01856 -0.02605 -0.01646 -0.00750  0.01638
0.010000 -0.04361 -0.05002 -0.02819  0.01403 -0.04737
0.010000  0.01726  0.04131  0.01759  0.00186  0.00054
0.010000  0.02004  0.02165  0.01096  0.00073 -0.02934
0.010000 -0.02939  0.02022 -0.01432 -0.01309 -0.06295
0.010000  0.04138  0.00346  0.01917 -0.00118  0.02955
0.010000  0.02303  0.08586  0.04144  0.02860  0.01321
0.010000 -0.02102  0.01112 -0.01010 -0.01439 -0.02770
0.010000 -0.00680 -0.02925 -0.01013 -0.01195 -0.04300
0.010000 -0.01194 -0.01679 -0.01530 -0.01200 -0.05200
0.010000  0.00989  0.01200  0.00331 -0.00803  0.04816
0.010000  0.00149 -0.01035 -0.00736  0.05974  0.03494
0.010000 -0.04830 -0.07020 -0.00252  0.02561  0.00982
0.010000 -0.01938 -0.01013 -0.01506 -0.01059 -0.04841
0.010000 -0.03469 -0.01506 -0.02593 -0.01601 -0.06218
0.010000 -0.03561 -0.05530 -0.01681 -0.00790 -0.04427
0.010000 -0.05747 -0.03356 -0.04103 -0.01484 -0.06591
0.010000  0.00450  0.01394  0.00155  0.03117  0.05908
0.010000 -0.05097 -0.08765 -0.01961  0.00031 -0.01484
0.010000  0.05173  0.00679  0.02482  0.01850  0.04555
0.010000 -0.03112 -0.05359 -0.01366 -0.00558 -0.02872
0.010000  0.02990  0.01652  0.01606  0.01514  0.01709
0.010000 -0.05241 -0.01840 -0.02115 -0.01420 -0.04667
0.010000  0.00766 -0.00694 -0.00307 -0.01143 -0.03300
0.010000 -0.06955 -0.06161 -0.03909 -0.01450 -0.05026
0.010000 -0.02433 -0.01668 -0.00713  0.02392 -0.03934
0.010000  0.00248  0.01660  0.00167  0.01210 -0.03459
