# Scenario generation method from a paper by Hoyland, Kaut & Wallace
# Code by Michal Kaut (michal.kaut@iot.ntnu.n) & Diego Mathieu

#   prob   var  1   var  2   var  3   var  4   var  5
0.010000 -0.02018 -0.00070  0.00379 -0.01455 -0.02000
0.010000 -0.01731  0.00186  0.00619 -0.02819 -0.02359
0.010000  0.01016  0.01583  0.00444  0.02298 -0.00912
0.010000 -0.04462 -0.03464 -0.00821 -0.04603 -0.02956
0.010000  0.00036  0.01691  0.01756  0.01056 -0.01612
0.010000 -0.04776 -0.03052 -0.00697 -0.01784 -0.01546
0.010000 -0.04195 -0.03725  0.00570 -0.03628 -0.01982
0.010000  0.00546 -0.00902 -0.01095  0.00413 -0.00158
0.010000 -0.00509 -0.02084 -0.03987 -0.02566 -0.01161
0.010000 -0.06487  0.01781  0.00244 -0.04529 -0.03352
0.010000  0.01436 -0.01390  0.01384  0.01921  0.00905
0.010000 -0.01518 -0.01345 -0.00549 -0.03443 -0.01525
0.010000 -0.01305 -0.02095 -0.00106 -0.01994  0.00605
0.010000  0.00918 -0.01456 -0.00474 -0.00452 -0.00449
0.010000 -0.00203  0.02141  0.02631  0.01420 -0.02557
0.010000 -0.00804 -0.00854 -0.02320 -0.01813 -0.01884
0.010000 -0.01802 -0.01862 -0.01340 -0.00732  0.00880
0.010000 -0.04612  0.00710  0.01228 -0.03685 -0.04858
0.010000 -0.03744 -0.02506 -0.01237 -0.00357 -0.03263
0.010000  0.02177  0.01008  0.00625  0.01365  0.00229
0.010000 -0.02690 -0.03586  0.00044 -0.01648 -0.02902
0.010000 -0.05790 -0.05012 -0.04154 -0.06350 -0.03443
0.010000 -0.05438 -0.03764 -0.03232 -0.04378 -0.03321
0.010000  0.03162  0.02708  0.03183  0.05191  0.03161
0.010000  0.08779  0.03312  0.02135  0.03941  0.02816
0.010000 -0.00949 -0.03604 -0.02552  0.00957 -0.02323
0.010000  0.06712  0.03973  0.01612  0.07062 -0.00140
0.010000 -0.02236 -0.00418  0.01814 -0.00165 -0.01046
0.010000 -0.01946 -0.02203 -0.02935 -0.05056  0.03820
0.010000 -0.05177 -0.02248 -0.02092 -0.08470 -0.01653
0.010000 -0.03181 -0.00171  0.00407 -0.01921 -0.00069
0.010000  0.01548  0.01256 -0.00496  0.00770 -0.01079
0.010000  0.05260  0.02696 -0.00833  0.03136 -0.01582
0.010000  0.02469  0.01997 -0.00370  0.02060 -0.00767
0.010000  0.00285 -0.02561 -0.01212 -0.00698 -0.01567
0.010000  0.02626  0.01042  0.02774  0.03026 -0.00317
0.010000  0.00728  0.00399 -0.00199 -0.00065  0.00025
0.010000  0.01326 -0.01147  0.02277  0.01491 -0.02276
0.010000 -0.02090 -0.01785 -0.01523 -0.00583  0.01075
0.010000 -0.03849 -0.03897  0.02776 -0.00660 -0.03233
0.010000 -0.03450 -0.01889 -0.00019 -0.00828 -0.03141
0.010000 -0.01660 -0.01131 -0.00624 -0.01379 -0.01263
0.010000 -0.02612 -0.03008 -0.03313 -0.05329 -0.03509
0.010000 -0.00124 -0.00158  0.01371  0.00000 -0.01632
0.010000  0.02041 -0.00433 -0.00698  0.00852 -0.00794
0.010000  0.04436  0.05541  0.02496  0.05305  0.00483
0.010000  0.00200 -0.01992  0.00471 -0.00300 -0.00801
0.010000 -0.04324 -0.03891 -0.02149 -0.01767 -0.04100
0.010000  0.01665  0.05767  0.00303  0.00767 -0.01753
0.010000 -0.04962 -0.02625  0.00170 -0.03118 -0.02391
0.010000 -0.03012 -0.03728 -0.00492 -0.02444 -0.02729
0.010000 -0.01874 -0.00522 -0.00043 -0.01058 -0.01342
0.010000 -0.00731 -0.02776 -0.01838 -0.00612 -0.01366
0.010000  0.04807  0.02582  0.02121  0.05790  0.00136
0.010000 -0.03269 -0.02833 -0.03649 -0.01683 -0.03193
0.010000 -0.02848 -0.01913  0.02343 -0.00579 -0.02059
0.010000 -0.02163 -0.01756 -0.00679 -0.02538 -0.01831
0.010000 -0.00045  0.00120 -0.00792  0.00484 -0.00797
0.010000 -0.01447 -0.01902 -0.03475 -0.00223 -0.05142
0.010000 -0.04073 -0.02346  0.00665 -0.01787 -0.00547
0.010000  0.00117 -0.01588 -0.01126 -0.01515 -0.01710
0.010000  0.01220  0.01347  0.00095  0.00463 -0.01539
0.010000 -0.00658 -0.01383  0.02993  0.00526 -0.02119
0.010000  0.01786  0.08171  0.04897  0.04859  0.00476
0.010000  0.00636 -0.02112 -0.01903 -0.00950 -0.02601
0.010000  0.04119  0.00388  0.00039  0.02188 -0.00627
0.010000 -0.00281 -0.01762 -0.02308 -0.01407 -0.01809
0.010000 -0.00434 -0.00204  0.01423 -0.02288 -0.00879
0.010000  0.02793  0.06051  0.00755  0.01956 -0.00403
0.010000  0.00457  0.01032 -0.02603 -0.00947 -0.06341
0.010000  0.03841  0.00367  0.03405  0.01722 -0.01510
0.010000 -0.03358 -0.00385  0.01690 -0.03192 -0.00292
0.010000 -0.01376  0.00234 -0.01655 -0.01597 -0.00487
0.010000 -0.02768  0.00693 -0.00867 -0.01083 -0.01938
0.010000 -0.03545 -0.04363 -0.01119 -0.05390 -0.02531
0.010000  0.03593  0.02254 -0.00687  0.02399 -0.01533
0.010000 -0.01020 -0.01874 -0.04424 -0.02579 -0.02044
0.010000  0.00822  0.01361 -0.01897 -0.00357 -0.00664
0.010000 -0.02385 -0.02241  0.02960  0.00057 -0.00731
0.010000  0.02971  0.00381 -0.01425  0.01165  0.02079
0.010000 -0.02310 -0.00970 -0.01814  0.02089 -0.02938
0.010000  0.03368  0.00710 -0.01711  0.00418 -0.02285
0.010000 -0.02929 -0.02852 -0.00506 -0.02551 -0.02701
0.010000  0.01117  0.03060 -0.00731  0.01588  0.00187
0.010000  0.00370 -0.01532 -0.01997 -0.00899 -0.02267
0.010000  0.02319 -0.00199  0.00101  0.01124  0.00589
0.010000 -0.02460 -0.02249 -0.01237 -0.01051 -0.00119
0.010000 -0.03959 -0.03271 -0.02060 -0.02226  0.00568
0.010000 -0.01589  0.00464  0.02881 -0.00197 -0.00743
0.010000  0.05847  0.04989  0.03587  0.07667  0.00851
0.010000 -0.01092  0.00330  0.02694  0.00725 -0.01858
0.010000 -0.00877 -0.01171 -0.00396 -0.01617  0.02892
0.010000 -0.03643 -0.02837  0.00512 -0.00020 -0.02828
0.010000 -0.01234 -0.00940  0.00525 -0.01009 -0.03033
0.010000 -0.01163 -0.01391 -0.02793 -0.02344 -0.02105
0.010000 -0.02536  0.01353  0.00300 -0.01433 -0.01328
0.010000 -0.00584  0.00113  0.00380  0.00267 -0.01918
0.010000 -0.03096 -0.04497 -0.02855 -0.06965 -0.01686
0.010000  0.01911  0.00877  0.01325  0.01893 -0.01186
0.010000 -0.00358  0.02226  0.06051  0.02159  0.00914
