# Scenario generation method from a paper by Hoyland, Kaut & Wallace
# Code by Michal Kaut (michal.kaut@iot.ntnu.n) & Diego Mathieu

#   prob   var  1   var  2   var  3   var  4   var  5
0.010000  0.02067 -0.01249 -0.00088 -0.00077 -0.01349
0.010000  0.08897  0.07496  0.02005  0.05318  0.03864
0.010000 -0.01160 -0.00927  0.01993 -0.00511  0.00530
0.010000  0.01008  0.00132  0.01384 -0.01387 -0.00464
0.010000 -0.00664  0.01640 -0.00605 -0.01302 -0.01703
0.010000  0.00296  0.03840  0.00677  0.00925 -0.04545
0.010000  0.03502  0.01609  0.00015  0.01776 -0.01458
0.010000 -0.01856 -0.00828 -0.00716 -0.04743 -0.02569
0.010000 -0.02114 -0.01543 -0.00213 -0.03603 -0.02389
0.010000  0.05588  0.07390  0.04247  0.06796  0.03533
0.010000 -0.02944 -0.01690 -0.01125 -0.00050 -0.00616
0.010000 -0.00803 -0.01337 -0.00536  0.00874 -0.00195
0.010000  0.02655  0.03580  0.00843  0.04197 -0.03278
0.010000  0.03235  0.01094  0.01383  0.02268  0.01156
0.010000  0.04739  0.06563  0.04881  0.05291  0.00426
0.010000 -0.00388  0.01717 -0.00982 -0.00773 -0.04145
0.010000  0.00365 -0.00727  0.06124  0.06526  0.01431
0.010000  0.04131  0.06014 -0.00024  0.02948 -0.01739
0.010000 -0.00457  0.04108 -0.01147 -0.02267 -0.00967
0.010000  0.02550  0.00434  0.00879 -0.00919  0.00860
0.010000 -0.02026  0.00622  0.01395  0.01884  0.01581
0.010000 -0.00944 -0.01868  0.00200 -0.01653  0.00910
0.010000  0.01802  0.01632 -0.00107  0.05964 -0.00554
0.010000 -0.03536 -0.02120 -0.00053 -0.01713  0.00610
0.010000  0.01889  0.03072  0.00168  0.00415 -0.01755
0.010000 -0.01087 -0.00101  0.00873 -0.00496 -0.00570
0.010000 -0.01613 -0.02074  0.00172  0.01973 -0.02055
0.010000 -0.00594 -0.02657 -0.00659  0.01548  0.00093
0.010000 -0.04264 -0.05443 -0.00802  0.00570 -0.00042
0.010000 -0.02599 -0.03558 -0.00937 -0.02988  0.00321
0.010000  0.00861  0.01459 -0.00182 -0.00580  0.00731
0.010000 -0.00251  0.01650  0.00163  0.01472  0.00078
0.010000 -0.02495 -0.00170 -0.01170 -0.01335 -0.02489
0.010000  0.03797  0.02945  0.00585  0.01072  0.00931
0.010000  0.00645  0.01780  0.03082  0.05552  0.02578
0.010000 -0.01692 -0.01684 -0.00628 -0.01008  0.00088
0.010000 -0.00047  0.01331  0.02579  0.01796  0.01559
0.010000 -0.01382  0.01167 -0.01016 -0.04298 -0.01168
0.010000  0.00575  0.01575  0.00177 -0.03854 -0.00621
0.010000 -0.01535 -0.04044  0.00303  0.04744 -0.01024
0.010000 -0.02823 -0.03975 -0.00322  0.01476  0.00479
0.010000 -0.02298 -0.02431 -0.00631 -0.04140 -0.00002
0.010000  0.02449  0.04536  0.02170  0.07005  0.01313
0.010000 -0.01458 -0.03115 -0.00899  0.01430 -0.00620
0.010000  0.01083  0.04316  0.00028 -0.00411  0.01363
0.010000  0.03959  0.03643  0.00461  0.01407  0.03067
0.010000  0.06484  0.06650 -0.00040 -0.05361  0.03232
0.010000  0.01471  0.01454  0.00043  0.00437  0.00399
0.010000 -0.02205 -0.02393 -0.00259  0.04049 -0.02223
0.010000  0.04316  0.01932  0.00459  0.03206  0.02669
0.010000  0.01391  0.02723  0.01573  0.00733  0.01676
0.010000  0.01634  0.04665  0.01641  0.04278  0.00588
0.010000 -0.00115  0.03787  0.00455  0.02493 -0.01560
0.010000 -0.00320  0.01503 -0.00881 -0.02326 -0.00886
0.010000  0.01313  0.04714  0.00930 -0.00703 -0.01063
0.010000  0.01717  0.04664  0.00362 -0.01977  0.01902
0.010000  0.01159 -0.00141  0.00285 -0.00222 -0.01702
0.010000  0.04985  0.03326  0.00461  0.03497  0.01497
0.010000 -0.00873 -0.02472 -0.00430 -0.00135  0.00406
0.010000  0.00159  0.03932 -0.00850 -0.02867 -0.02064
0.010000 -0.02709  0.00715 -0.00672 -0.03608 -0.03497
0.010000 -0.03962 -0.03611 -0.00806  0.00970 -0.03902
0.010000 -0.04806 -0.04510 -0.00039 -0.07398  0.01122
0.010000 -0.03213  0.00583  0.00296 -0.02352 -0.01271
0.010000 -0.01016  0.00308 -0.00384 -0.06432  0.00848
0.010000  0.03365  0.04982 -0.00006 -0.00817  0.00246
0.010000  0.04517  0.04323  0.00133 -0.02555  0.01249
0.010000  0.02875  0.05283  0.01186  0.03693  0.01401
0.010000  0.03646  0.04080 -0.00230  0.01685  0.01914
0.010000  0.02159 -0.00782  0.01298 -0.01741  0.00785
0.010000  0.02253  0.06486 -0.00290  0.00940 -0.04670
0.010000  0.00434 -0.02454  0.00243 -0.00045  0.00677
0.010000 -0.01307 -0.02183  0.00336  0.03060  0.01103
0.010000 -0.00183 -0.01256 -0.00480 -0.04285  0.02130
0.010000  0.05981  0.04506  0.02042  0.05978  0.03405
0.010000 -0.00733 -0.00208 -0.00940  0.00436 -0.02723
0.010000  0.00934  0.02743 -0.00573 -0.04852  0.02624
0.010000 -0.00525  0.00275 -0.00046  0.01198 -0.00397
0.010000  0.02990  0.02682  0.03117  0.07713  0.02675
0.010000 -0.03074 -0.05461 -0.00742  0.00549 -0.02484
0.010000  0.00227  0.04404  0.01145 -0.00182 -0.03151
0.010000  0.02763  0.02996  0.00321  0.01728 -0.04606
0.010000  0.02350  0.02852 -0.00192 -0.02643  0.01143
0.010000  0.01552  0.01480 -0.00300 -0.03630  0.02234
0.010000  0.00090 -0.01707  0.00431 -0.05016  0.01992
0.010000 -0.02395 -0.03032 -0.00269 -0.01369 -0.00360
0.010000  0.00504  0.01308 -0.00054  0.03447  0.00927
0.010000 -0.01233 -0.02971 -0.00538  0.02650 -0.03829
0.010000  0.00717 -0.02818  0.00125 -0.02130 -0.01543
0.010000 -0.03730  0.00371 -0.01255 -0.04171 -0.05486
0.010000  0.03110  0.00836  0.00752 -0.00101 -0.01584
0.010000 -0.03366 -0.00592 -0.01077 -0.05931 -0.03484
0.010000 -0.01773 -0.03149 -0.00759 -0.05844 -0.00169
0.010000  0.01977  0.00699  0.02303  0.04906 -0.00920
0.010000  0.01235  0.06054 -0.00507  0.01684 -0.01770
0.010000 -0.01940 -0.00525 -0.00589 -0.02598  0.01442
0.010000  0.07213  0.07587  0.01603  0.00345  0.00797
0.010000  0.00022 -0.00111 -0.00844 -0.08103  0.00065
0.010000  0.00789  0.03366  0.01233  0.05461  0.01633
0.010000  0.05264  0.06350 -0.00045  0.02139 -0.01558
