# Scenario generation method from a paper by Hoyland, Kaut & Wallace
# Code by Michal Kaut (michal.kaut@iot.ntnu.n) & Diego Mathieu

#   prob   var  1   var  2   var  3   var  4   var  5
0.010000 -0.00507 -0.00139 -0.00636  0.00384 -0.00884
0.010000 -0.02640 -0.02286  0.00608 -0.01610 -0.02307
0.010000 -0.02979 -0.01744 -0.00345 -0.01454 -0.00787
0.010000 -0.02561 -0.02097 -0.05451 -0.04551 -0.02437
0.010000 -0.01926 -0.02128  0.00540 -0.00032 -0.01994
0.010000  0.01607  0.03402 -0.00982  0.00194 -0.01410
0.010000  0.00291 -0.00790 -0.00143  0.00614 -0.02360
0.010000 -0.00565 -0.00669 -0.00247  0.00408 -0.03463
0.010000  0.04387  0.04404  0.00331 -0.01061 -0.02043
0.010000 -0.03268 -0.01100 -0.00162 -0.01811  0.00548
0.010000 -0.04949 -0.02565  0.00584 -0.02397 -0.02763
0.010000  0.00567  0.00999 -0.01075  0.00627 -0.00524
0.010000  0.03079  0.04790  0.00977  0.00221  0.02306
0.010000  0.01969  0.01423 -0.00688 -0.00697  0.01279
0.010000 -0.02721 -0.01908  0.01609 -0.00052 -0.01900
0.010000 -0.06716 -0.01523  0.00250 -0.07138 -0.01115
0.010000  0.03386  0.05953 -0.00404  0.01422  0.03011
0.010000  0.00496  0.01108 -0.02711  0.00135  0.01331
0.010000 -0.02336 -0.01897 -0.02683 -0.02899  0.00059
0.010000 -0.02890 -0.03019 -0.00307 -0.01206 -0.02496
0.010000 -0.01992 -0.02239 -0.01733 -0.01117 -0.01785
0.010000  0.02828  0.05419 -0.02111  0.01101 -0.02066
0.010000 -0.02126 -0.01489  0.00624 -0.00570 -0.01656
0.010000 -0.00390 -0.01009  0.00132  0.00372  0.00177
0.010000  0.01033  0.01811 -0.00222 -0.00969 -0.01649
0.010000  0.00033 -0.00782 -0.00890 -0.00890  0.00853
0.010000 -0.02058 -0.01218  0.00350 -0.04594 -0.04315
0.010000 -0.02265 -0.01111 -0.00706 -0.03705 -0.01793
0.010000 -0.00272 -0.02669  0.01400  0.00597 -0.02027
0.010000  0.02427  0.00337 -0.01581  0.00870 -0.01096
0.010000  0.00869 -0.00555 -0.02226  0.00138  0.01319
0.010000 -0.00152 -0.00711 -0.02174 -0.00347 -0.02380
0.010000 -0.01138 -0.02656 -0.02238 -0.04425  0.01936
0.010000  0.00225 -0.03012 -0.01404 -0.00838 -0.01935
0.010000 -0.02195 -0.02055 -0.01626 -0.01266 -0.02928
0.010000 -0.02804 -0.01658 -0.00033 -0.05784  0.00644
0.010000 -0.00212  0.00871 -0.00240  0.00533 -0.01941
0.010000 -0.03599 -0.03261  0.00071 -0.01955 -0.03501
0.010000 -0.00680 -0.01143 -0.03750 -0.00945 -0.02223
0.010000 -0.05230 -0.03943 -0.00928 -0.05485 -0.05108
0.010000 -0.03996 -0.02159 -0.00943 -0.02662 -0.01462
0.010000 -0.03168 -0.02091 -0.04323 -0.06823 -0.00389
0.010000 -0.06032 -0.04077  0.00182 -0.04453 -0.00149
0.010000  0.01500  0.03172 -0.01791  0.00848 -0.00110
0.010000 -0.03854 -0.02285 -0.01834 -0.02953 -0.00448
0.010000 -0.01313 -0.00670 -0.01569 -0.01850  0.01838
0.010000  0.02109  0.00279 -0.03301  0.00590 -0.00376
0.010000 -0.05577 -0.01875 -0.02084 -0.05628 -0.01648
0.010000 -0.03483 -0.02535 -0.01304 -0.02805 -0.02609
0.010000 -0.01862 -0.00930 -0.00473 -0.00957 -0.02792
0.010000  0.00358  0.01223  0.01504  0.00777 -0.02118
0.010000  0.01208  0.00567 -0.01656  0.00662  0.01467
0.010000 -0.08421 -0.07485  0.00659 -0.07563  0.00850
0.010000 -0.01431  0.01938 -0.00963  0.00084 -0.03084
0.010000 -0.00091  0.01089 -0.01347 -0.00214  0.01869
0.010000 -0.00029  0.00133  0.01064  0.00721  0.00027
0.010000 -0.00795 -0.01890 -0.03255 -0.03219 -0.00945
0.010000 -0.03723 -0.03678 -0.03241 -0.04961 -0.03195
0.010000  0.02614  0.01926 -0.00484  0.01102  0.00631
0.010000  0.02260  0.02110  0.00091  0.00835 -0.00034
0.010000 -0.01254  0.00336  0.01118  0.00544  0.00221
0.010000 -0.04710 -0.02688 -0.00420 -0.06371 -0.03259
0.010000  0.00427  0.01138 -0.00810  0.00650 -0.02209
0.010000 -0.00738 -0.01150 -0.00041 -0.00156  0.01228
0.010000 -0.01612 -0.00971  0.00890 -0.02895 -0.01532
0.010000  0.01398  0.03379 -0.00794  0.00942  0.01112
0.010000  0.00949  0.04364 -0.01090  0.00869  0.00435
0.010000 -0.00449  0.00832 -0.00428  0.00458  0.00318
0.010000 -0.00331 -0.00713 -0.00451 -0.00669  0.00171
0.010000  0.01720  0.02462  0.00338  0.01100 -0.03166
0.010000 -0.03373 -0.03007 -0.02168 -0.02696 -0.01249
0.010000  0.01841  0.00330 -0.00158  0.00599 -0.02608
0.010000 -0.04149 -0.01309  0.00743 -0.02645 -0.00446
0.010000  0.01301 -0.00139  0.01240  0.01005 -0.02357
0.010000 -0.01491 -0.01172  0.00192  0.00036 -0.02232
0.010000 -0.01798 -0.00486  0.00260 -0.00159  0.01823
0.010000 -0.04316 -0.05337  0.00003 -0.04644  0.00959
0.010000  0.05865  0.03251 -0.00802  0.01149  0.01362
0.010000  0.00790 -0.01021 -0.02680 -0.00153 -0.01443
0.010000  0.01119  0.00842  0.00309  0.00917 -0.00464
0.010000 -0.01673 -0.00732 -0.00516 -0.00763 -0.03418
0.010000 -0.00909 -0.00855  0.00194  0.00340 -0.02162
0.010000 -0.01023 -0.00878  0.02261  0.00684 -0.01188
0.010000  0.03788  0.01687 -0.01599  0.00566  0.01683
0.010000  0.00640 -0.01383  0.00336  0.00543 -0.02155
0.010000 -0.02409  0.01360 -0.00242 -0.02912 -0.00202
0.010000 -0.01735  0.01148 -0.01249 -0.00262  0.02865
0.010000 -0.00852 -0.02604  0.00367  0.00301 -0.01300
0.010000  0.00714 -0.00178 -0.01348 -0.00414  0.00062
0.010000 -0.02484 -0.03112  0.00373 -0.00557  0.00252
0.010000 -0.00966 -0.01214 -0.00619 -0.00131 -0.00892
0.010000 -0.01372 -0.00030  0.00041 -0.01193  0.00846
0.010000  0.00097  0.01452 -0.00601  0.00643  0.00238
0.010000 -0.01551 -0.00958 -0.02398 -0.04873 -0.00223
0.010000 -0.03071  0.02802 -0.00856 -0.01516 -0.00093
0.010000 -0.01081 -0.01203 -0.00876 -0.02145 -0.02465
0.010000 -0.04502 -0.01273 -0.00501 -0.02517 -0.02032
0.010000 -0.01196 -0.02407 -0.00073 -0.00932 -0.01893
0.010000  0.00161  0.02514 -0.00824  0.00680 -0.03219
0.010000 -0.00623  0.01578 -0.00425  0.00433 -0.02893
