# Scenario generation method from a paper by Hoyland, Kaut & Wallace
# Code by Michal Kaut (michal.kaut@iot.ntnu.n) & Diego Mathieu

#   prob   var  1   var  2   var  3   var  4   var  5
0.010000  0.00120  0.02663 -0.00772 -0.00390  0.00054
0.010000  0.00790  0.00911  0.00036  0.01379  0.00577
0.010000  0.01358 -0.00516  0.01861  0.04729 -0.00563
0.010000  0.00459  0.00597 -0.00501 -0.00666  0.00035
0.010000 -0.02720 -0.00856 -0.01187 -0.02237  0.00154
0.010000  0.00564  0.01487  0.01370  0.02939 -0.01865
0.010000 -0.00280  0.00751 -0.02073  0.01087  0.00054
0.010000 -0.02822 -0.01406  0.00946 -0.01605 -0.01449
0.010000 -0.01934  0.00441 -0.00793  0.02783 -0.00652
0.010000 -0.00581 -0.01477 -0.00674  0.00923 -0.02210
0.010000 -0.00712 -0.00838  0.01189 -0.00895  0.00446
0.010000 -0.00149  0.00353 -0.00999 -0.01141  0.00719
0.010000 -0.00980 -0.02095 -0.01580 -0.00427 -0.02445
0.010000  0.00511 -0.01273  0.01466  0.01851  0.00701
0.010000 -0.01809  0.01899 -0.00479 -0.00443 -0.02865
0.010000 -0.02068  0.00147 -0.01266 -0.00660 -0.00618
0.010000 -0.02624  0.01023 -0.00347 -0.00533 -0.06044
0.010000 -0.00061  0.00308  0.01851 -0.00914  0.00553
0.010000  0.00674 -0.01493  0.00702  0.02306  0.00614
0.010000 -0.00236 -0.02161  0.00842 -0.00260  0.00006
0.010000 -0.07488 -0.03190 -0.01752 -0.02995 -0.02204
0.010000 -0.02533 -0.02507 -0.00607 -0.03826 -0.00186
0.010000 -0.01265 -0.00070 -0.00104 -0.00046 -0.00633
0.010000 -0.01216 -0.02604 -0.01734 -0.00543  0.00731
0.010000  0.00851 -0.00132 -0.01123  0.00330 -0.01757
0.010000 -0.03173 -0.02408  0.00546 -0.01504 -0.02080
0.010000  0.00309 -0.01878 -0.00292  0.00210  0.00941
0.010000 -0.01365 -0.01961  0.00298 -0.00677 -0.00747
0.010000  0.02228  0.01109  0.00930 -0.00848  0.01062
0.010000 -0.01119 -0.01743  0.00404 -0.00503  0.00605
0.010000  0.01048 -0.00211  0.00395  0.01010  0.00701
0.010000 -0.02138 -0.02816 -0.02215 -0.01313  0.00619
0.010000 -0.00495 -0.01173 -0.00334 -0.00991  0.00505
0.010000  0.03162  0.03295  0.01305  0.02846  0.00196
0.010000  0.00167 -0.00360  0.00874  0.01087 -0.02784
0.010000 -0.00016 -0.01061  0.00050  0.00084  0.00548
0.010000  0.00618 -0.01802 -0.00909  0.00357  0.00991
0.010000 -0.02447 -0.00601 -0.00938  0.00354 -0.00017
0.010000  0.00979 -0.01066 -0.01272  0.00005  0.01023
0.010000  0.00074  0.00468 -0.00822  0.00596 -0.04042
0.010000 -0.00409  0.01352  0.01208 -0.00168 -0.02109
0.010000 -0.00323 -0.02103  0.03097  0.01429 -0.00170
0.010000  0.00358  0.00465  0.00661  0.00773 -0.01184
0.010000  0.04250  0.03280  0.01394  0.01798  0.00949
0.010000 -0.01469 -0.02560 -0.00393  0.00243 -0.01862
0.010000 -0.00668  0.03396  0.00090 -0.04031 -0.00106
0.010000 -0.03632 -0.02895 -0.00176 -0.02815 -0.01793
0.010000 -0.01315 -0.01068 -0.00737 -0.01970  0.00522
0.010000 -0.05753 -0.03077 -0.01497 -0.03425 -0.01610
0.010000 -0.00193 -0.00941 -0.01176  0.00310  0.00768
0.010000 -0.00366 -0.00330 -0.00179  0.00246  0.00521
0.010000  0.01770  0.02171 -0.01131  0.01810 -0.00395
0.010000 -0.01026 -0.01085 -0.00577 -0.00669 -0.01042
0.010000  0.02051  0.01318 -0.00709  0.00755 -0.00963
0.010000  0.00261  0.00913  0.02286  0.01228 -0.00128
0.010000 -0.01578 -0.01275 -0.00543 -0.00671  0.00471
0.010000 -0.01633 -0.01017 -0.01812 -0.01645  0.00618
0.010000  0.01274  0.02345  0.02110 -0.03780  0.00534
0.010000 -0.04046 -0.00425 -0.02353 -0.04145 -0.00028
0.010000 -0.00844  0.00450  0.00570  0.00110 -0.00277
0.010000  0.02446 -0.00167  0.01136 -0.01584  0.00135
0.010000  0.01194 -0.00800  0.00635  0.00626  0.00709
0.010000 -0.03462 -0.00498 -0.01749 -0.04911  0.00184
0.010000 -0.03311 -0.02394 -0.00403 -0.01109 -0.00236
0.010000 -0.01871  0.00391  0.03145 -0.02012 -0.01510
0.010000  0.01449  0.01209  0.00609 -0.00347 -0.01144
0.010000 -0.00889 -0.02308 -0.00940  0.00682 -0.00547
0.010000  0.00731 -0.01785  0.00742 -0.00111  0.01001
0.010000 -0.02210 -0.02795  0.00212  0.00831  0.00418
0.010000 -0.01417 -0.02180 -0.00904 -0.01338  0.00347
0.010000  0.01652  0.00804 -0.00890 -0.01063  0.00059
0.010000 -0.04640 -0.01204  0.02153 -0.01386 -0.02844
0.010000 -0.00799  0.03946 -0.00393  0.00966 -0.05066
0.010000 -0.05080 -0.03049 -0.01763 -0.00622 -0.00092
0.010000 -0.00934  0.00848  0.01366  0.01619 -0.00079
0.010000  0.00029 -0.01334  0.00016  0.03019  0.00556
0.010000  0.02732 -0.00010  0.01265  0.02284  0.00510
0.010000 -0.01691 -0.02142 -0.00273 -0.00221  0.00436
0.010000 -0.01072  0.02746 -0.01510  0.00017 -0.01151
0.010000 -0.03823 -0.02934  0.01257  0.01473 -0.00342
0.010000 -0.00105 -0.01079 -0.00736 -0.00562  0.00835
0.010000 -0.02286 -0.01507  0.01767 -0.01414 -0.00790
0.010000 -0.03047 -0.02738  0.05057  0.00384 -0.00656
0.010000  0.01901  0.01354 -0.01173 -0.00811 -0.05049
0.010000 -0.01749 -0.02523 -0.01035 -0.00675  0.00305
0.010000  0.00914  0.02224 -0.00729 -0.02443  0.00796
0.010000 -0.01167 -0.00238  0.00424  0.00570 -0.02860
0.010000 -0.00755 -0.01184 -0.00319  0.00923  0.00546
0.010000 -0.00538 -0.01237  0.00392 -0.01443  0.00560
0.010000 -0.00452  0.01718 -0.00906  0.00011 -0.00444
0.010000 -0.04310 -0.01679  0.02024 -0.00720 -0.01891
0.010000  0.00408 -0.01601 -0.00173  0.01815  0.00344
0.010000  0.01546  0.00340  0.00117  0.00143  0.00948
0.010000 -0.02000  0.01323 -0.01654 -0.00092 -0.00228
0.010000  0.00214 -0.00458  0.01438 -0.01065  0.00767
0.010000 -0.02930  0.00132  0.00833 -0.01479 -0.01107
0.010000 -0.01523 -0.02512  0.00314  0.00202  0.00025
0.010000  0.01119  0.00537 -0.00067 -0.01365 -0.00245
0.010000 -0.02364 -0.02657  0.00084 -0.01809  0.00358
0.010000 -0.00625 -0.01362 -0.00964 -0.00132 -0.02966
