# Scenario generation method from a paper by Hoyland, Kaut & Wallace
# Code by Michal Kaut (michal.kaut@iot.ntnu.n) & Diego Mathieu

#   prob   var  1   var  2   var  3   var  4   var  5
0.010000 -0.02642 -0.02876 -0.01378  0.06680  0.00426
0.010000  0.05258  0.01019  0.07750  0.03908  0.06096
0.010000  0.00785 -0.02379 -0.00436  0.07506  0.01775
0.010000 -0.00955  0.01816 -0.01280 -0.01485  0.00161
0.010000  0.04946  0.02144  0.03142  0.04930  0.08786
0.010000 -0.03564 -0.00543 -0.01521 -0.01478  0.05077
0.010000 -0.03148 -0.01638 -0.01488 -0.01379 -0.05133
0.010000 -0.02219  0.00514 -0.01410 -0.01481 -0.02997
0.010000  0.02959  0.01143  0.01350  0.07173 -0.03610
0.010000 -0.02504 -0.03566 -0.00949  0.02855 -0.05983
0.010000 -0.02291 -0.00593  0.00404  0.05138  0.03507
0.010000  0.00052  0.00406 -0.00925  0.03231  0.01564
0.010000 -0.03368 -0.01354 -0.01484  0.05862 -0.04945
0.010000  0.00674  0.00476  0.00099 -0.01066  0.04370
0.010000 -0.01207 -0.01996 -0.00841 -0.01016 -0.01153
0.010000 -0.00332 -0.00792 -0.00980 -0.01272 -0.05002
0.010000 -0.01996 -0.00619 -0.00154  0.06063 -0.04027
0.010000 -0.03517 -0.01966 -0.01355  0.00956 -0.02713
0.010000 -0.00143 -0.01170 -0.00367  0.00738  0.02115
0.010000 -0.01921 -0.00730  0.01274  0.02556 -0.02737
0.010000 -0.02841 -0.04491 -0.01417  0.06336 -0.01198
0.010000  0.02470  0.04143  0.00008 -0.00623  0.02659
0.010000 -0.02968 -0.00927 -0.01472 -0.01464 -0.02239
0.010000  0.07813  0.01208  0.04729  0.01250 -0.00105
0.010000 -0.03485 -0.02144 -0.01505  0.06444 -0.01637
0.010000  0.02171  0.00368 -0.00022 -0.00173  0.01600
0.010000 -0.02905 -0.02013 -0.01464 -0.01370 -0.04521
0.010000 -0.03360 -0.00841 -0.01191  0.06436 -0.04532
0.010000  0.01755  0.00592 -0.00026  0.03851  0.00047
0.010000 -0.01690 -0.01711  0.02021  0.01056 -0.00449
0.010000  0.03512  0.00370  0.02623  0.06485  0.04030
0.010000 -0.02775 -0.02188 -0.01460  0.04085 -0.06154
0.010000  0.00897 -0.00216 -0.00602 -0.00755  0.01156
0.010000 -0.02071 -0.00694 -0.00427 -0.00063  0.01691
0.010000 -0.00606  0.01148 -0.00675 -0.01333 -0.00664
0.010000 -0.02305  0.01108 -0.01445 -0.00119  0.01509
0.010000 -0.00695  0.00046 -0.00835 -0.01036  0.00647
0.010000  0.00355 -0.00292 -0.00003 -0.00698 -0.04431
0.010000 -0.03468 -0.01161 -0.01510 -0.01202 -0.01059
0.010000 -0.02900 -0.01126 -0.00417 -0.00146 -0.03148
0.010000  0.00566 -0.01106 -0.00684  0.00396 -0.03200
0.010000 -0.01611  0.00181 -0.01314 -0.01352 -0.04291
0.010000  0.02318  0.00636  0.00116 -0.00872 -0.01942
0.010000 -0.00783 -0.00763 -0.00241 -0.01028 -0.03628
0.010000  0.05606  0.02117  0.06492  0.08494  0.03173
0.010000 -0.03029 -0.02387 -0.01478 -0.00830  0.04185
0.010000 -0.01768 -0.01441 -0.01362 -0.00684 -0.03196
0.010000 -0.03542 -0.00608  0.00766 -0.00815  0.04509
0.010000  0.03715  0.00375  0.00901 -0.00367  0.08133
0.010000  0.01371  0.00033  0.02129  0.03354 -0.01526
0.010000 -0.03448 -0.01906 -0.01491 -0.01441  0.04285
0.010000  0.07039  0.02236  0.03146  0.08025 -0.02895
0.010000  0.02790  0.01821  0.01396 -0.00563  0.07590
0.010000 -0.03204 -0.02848 -0.01270  0.06472 -0.03510
0.010000 -0.03311 -0.01224 -0.01503 -0.01358 -0.05813
0.010000  0.04662 -0.00549  0.01654  0.00237  0.03420
0.010000 -0.01371 -0.01282 -0.01270 -0.01004  0.03360
0.010000 -0.02434 -0.01287 -0.01309  0.04998  0.01863
0.010000  0.06467  0.03056  0.02750  0.02175  0.01429
0.010000 -0.03559 -0.01842 -0.01507 -0.00697 -0.00630
0.010000  0.01624  0.00197  0.01414  0.07749  0.06169
0.010000 -0.00425 -0.01557 -0.01016 -0.00362 -0.01314
0.010000  0.02627  0.02306  0.00437  0.02283 -0.03246
0.010000  0.06002  0.02349  0.02609 -0.00278  0.07116
0.010000 -0.03526 -0.02834 -0.01221 -0.01223  0.04407
0.010000  0.01248  0.01420 -0.00096 -0.01070  0.01506
0.010000 -0.03089 -0.00907 -0.01486 -0.01466 -0.04396
0.010000  0.00252 -0.00075 -0.00685  0.01106  0.06726
0.010000 -0.01532 -0.01578 -0.00249  0.00973 -0.02096
0.010000  0.04157  0.00233  0.03467  0.00857  0.08058
0.010000 -0.03259 -0.00384 -0.01486 -0.00475 -0.01201
0.010000 -0.01040 -0.00812 -0.01173 -0.01359 -0.03349
0.010000 -0.03198 -0.00824 -0.01496  0.03027 -0.04131
0.010000  0.03135  0.00834  0.00904  0.04840  0.04935
0.010000 -0.02363 -0.00062 -0.01430 -0.01435  0.00473
0.010000 -0.01290 -0.01425  0.00718  0.04680  0.05713
0.010000  0.03929 -0.00297  0.01094  0.00659 -0.00337
0.010000  0.01496  0.00608  0.01594  0.04819 -0.01075
0.010000 -0.00870  0.00567  0.05019  0.04065  0.06124
0.010000  0.01129  0.00450 -0.00545 -0.01233  0.03891
0.010000 -0.02709  0.00808 -0.00753  0.04443  0.04341
0.010000  0.04400  0.02208  0.01214  0.07143  0.04361
0.010000 -0.01845 -0.01997 -0.01362 -0.01352  0.05220
0.010000 -0.02145  0.00125 -0.00338  0.02310 -0.01943
0.010000 -0.00238 -0.00848 -0.00973  0.01608  0.00842
0.010000 -0.01452 -0.02303 -0.01090  0.06220 -0.03206
0.010000  0.02028  0.00815  0.01218  0.02749  0.01279
0.010000  0.09298  0.01407  0.05953  0.02740 -0.00435
0.010000 -0.02573 -0.01389 -0.01454 -0.00185  0.03671
0.010000 -0.03555 -0.00209 -0.01489 -0.01481 -0.03533
0.010000  0.01012 -0.01589 -0.00085 -0.00738 -0.04888
0.010000  0.01890  0.00196  0.00059  0.00929  0.03861
0.010000 -0.00046 -0.02310 -0.00806  0.06431 -0.04199
0.010000 -0.01124 -0.00810 -0.00888  0.04868  0.05511
0.010000  0.03319  0.00462  0.00672 -0.00756 -0.04479
0.010000 -0.00133 -0.02204 -0.00063  0.00308  0.06797
0.010000  0.00460 -0.01547 -0.00037  0.04163 -0.01732
0.010000  0.00151  0.01267  0.01674 -0.00577  0.02157
0.010000 -0.00516 -0.04314 -0.00881  0.07436 -0.03842
0.010000 -0.03406 -0.01823 -0.01477  0.03952 -0.06357
