# Scenario generation method from a paper by Hoyland, Kaut & Wallace
# Code by Michal Kaut (michal.kaut@iot.ntnu.n) & Diego Mathieu

#   prob   var  1   var  2   var  3   var  4   var  5
0.010000  0.00630  0.03137  0.00840  0.01657 -0.00630
0.010000 -0.00463 -0.01124 -0.00111  0.01177 -0.03534
0.010000  0.00033  0.00165 -0.00871 -0.02777  0.02867
0.010000  0.05725  0.04936  0.00092 -0.02694  0.01754
0.010000 -0.01273 -0.00359  0.00530  0.01177 -0.02261
0.010000 -0.01061 -0.02625 -0.00889 -0.06192 -0.01749
0.010000 -0.00316  0.00990 -0.00922 -0.01153  0.01031
0.010000 -0.00708 -0.00665 -0.00889  0.00972 -0.04708
0.010000 -0.00267 -0.00607 -0.00332 -0.03411 -0.01234
0.010000 -0.01219 -0.00858 -0.01329 -0.02808 -0.01849
0.010000  0.00515  0.02512  0.00895 -0.00116 -0.01281
0.010000 -0.02094 -0.03934  0.00168  0.01827 -0.04233
0.010000  0.07743  0.07328  0.01195  0.07397  0.00501
0.010000 -0.01876  0.00724 -0.01097 -0.04517 -0.02215
0.010000 -0.00365 -0.00943  0.00466  0.00030 -0.03098
0.010000 -0.00561 -0.00025 -0.00529 -0.02730  0.00116
0.010000  0.01880  0.00271 -0.00611 -0.01582  0.00540
0.010000 -0.00218  0.02815  0.00448 -0.01674 -0.00210
0.010000  0.01522  0.01068  0.00206 -0.01044  0.00355
0.010000 -0.00414  0.02450 -0.00154  0.01080 -0.01744
0.010000  0.01363  0.02606  0.00025  0.00714 -0.01018
0.010000 -0.03923 -0.00953 -0.00735 -0.02973 -0.00516
0.010000  0.00135  0.02444  0.00921  0.03231  0.00577
0.010000 -0.01499 -0.02491  0.00821  0.02745 -0.01412
0.010000  0.00294 -0.00489 -0.00412 -0.03169  0.01927
0.010000 -0.01744 -0.03603 -0.00881 -0.02941 -0.00563
0.010000 -0.04384 -0.02702 -0.00608 -0.02198 -0.01909
0.010000  0.04942  0.08101 -0.00223 -0.01792  0.03161
0.010000  0.04430  0.04883  0.00962  0.03900  0.01852
0.010000  0.04046  0.04283  0.00512  0.01190  0.00570
0.010000  0.02085  0.00820  0.00378  0.01736 -0.00058
0.010000 -0.05540 -0.06289 -0.00778 -0.02085 -0.04097
0.010000 -0.01384  0.00206 -0.01095 -0.04100 -0.03389
0.010000 -0.01809 -0.01138 -0.00132  0.01345  0.01605
0.010000 -0.01680 -0.00833 -0.00077  0.01946 -0.00947
0.010000 -0.00512  0.02402  0.00264 -0.01774  0.00227
0.010000  0.00458 -0.00392  0.00248  0.02760 -0.01320
0.010000 -0.01010 -0.00395  0.00617  0.03718 -0.01433
0.010000 -0.03028 -0.00555  0.00567  0.02549 -0.00335
0.010000  0.03479  0.01778 -0.01123 -0.03118 -0.00293
0.010000 -0.00018 -0.00508 -0.00739 -0.06575 -0.01564
0.010000  0.01142  0.01001  0.00078  0.03346 -0.02181
0.010000  0.01441  0.01134 -0.00902 -0.02588 -0.02130
0.010000  0.01980  0.00685 -0.00940 -0.04425 -0.00984
0.010000 -0.00610  0.01794 -0.00122  0.03051 -0.03511
0.010000 -0.01946 -0.00686 -0.00836 -0.01322  0.02046
0.010000 -0.00857  0.02214  0.00489 -0.00824 -0.01522
0.010000  0.02577  0.01175 -0.00322 -0.02543 -0.00431
0.010000  0.02883  0.03913  0.01025  0.05357 -0.00955
0.010000  0.00812  0.03642  0.00773 -0.02458 -0.00961
0.010000  0.01005 -0.00531 -0.00033 -0.02958 -0.00750
0.010000  0.03256  0.04860  0.00049 -0.04226  0.00334
0.010000 -0.00807  0.00605 -0.00300 -0.01182  0.01571
0.010000  0.01784  0.04353 -0.00468 -0.01328 -0.00276
0.010000 -0.00958 -0.01967 -0.00087 -0.00097 -0.01092
0.010000 -0.01166 -0.02915 -0.00670 -0.05126  0.00179
0.010000 -0.02256  0.00929 -0.00262 -0.03123 -0.00356
0.010000  0.01073  0.01734  0.00992  0.05137 -0.03480
0.010000  0.03738  0.05459  0.01034  0.00348  0.01235
0.010000  0.00403  0.03239 -0.01556 -0.05476 -0.03051
0.010000  0.00690 -0.00017  0.00617 -0.00795 -0.00071
0.010000 -0.02019 -0.00019 -0.01188 -0.07914 -0.01713
0.010000 -0.00758  0.01109  0.00302  0.05117  0.00491
0.010000  0.00939  0.01028 -0.00117 -0.00795  0.00084
0.010000  0.00188  0.02161 -0.00337 -0.03971 -0.01153
0.010000 -0.00659  0.00512  0.00824  0.04830  0.00390
0.010000 -0.01328 -0.02674 -0.00011  0.03114 -0.00390
0.010000 -0.00168  0.01784  0.00597  0.01458 -0.00065
0.010000 -0.00908  0.01741 -0.01426 -0.03329  0.00970
0.010000  0.02197  0.02020 -0.01098 -0.08443  0.02455
0.010000 -0.02641 -0.00243  0.00086  0.01425  0.01221
0.010000  0.00750  0.00930  0.00063 -0.01579 -0.05024
0.010000 -0.01558  0.00660  0.00131 -0.04853  0.01011
0.010000 -0.00069 -0.01220 -0.00647 -0.00600 -0.02998
0.010000 -0.02885  0.00520 -0.00853 -0.03789 -0.01238
0.010000  0.00875  0.03633  0.00229 -0.01805  0.00231
0.010000  0.00572  0.02146  0.00405 -0.00033 -0.02204
0.010000  0.02723  0.04514 -0.00952  0.00367  0.00947
0.010000  0.01693  0.04034  0.00557  0.01190  0.01899
0.010000 -0.01618 -0.00518  0.00310  0.03506  0.00423
0.010000 -0.02173 -0.04031  0.00181 -0.00302  0.00245
0.010000  0.00241 -0.00827  0.00494 -0.01871  0.00677
0.010000 -0.03382 -0.00030 -0.00565 -0.03318 -0.01037
0.010000 -0.02436 -0.00116 -0.01298 -0.02393 -0.01541
0.010000  0.01287  0.00185  0.00398  0.01774  0.01334
0.010000 -0.02757  0.00205 -0.00238 -0.02593  0.00366
0.010000 -0.02343 -0.04381 -0.00613  0.01855 -0.01006
0.010000 -0.00119 -0.01782  0.00516  0.00660  0.01519
0.010000 -0.03616 -0.00189  0.00170  0.04590 -0.02422
0.010000  0.00348 -0.01298  0.00246  0.03280 -0.01518
0.010000 -0.02535 -0.02904 -0.01752 -0.02201 -0.01976
0.010000 -0.01441  0.01814 -0.00653 -0.02571  0.01696
0.010000 -0.01113 -0.02214  0.00053 -0.05668  0.04004
0.010000  0.01213 -0.00238 -0.00347 -0.02261 -0.01233
0.010000 -0.03190 -0.02374  0.00455  0.01917 -0.01958
0.010000  0.02315  0.01718  0.01069  0.01398 -0.05839
0.010000  0.01606  0.00304 -0.00130  0.02307  0.00680
0.010000  0.02441  0.01001  0.00373  0.01219  0.01731
0.010000  0.00084  0.00525 -0.01154 -0.03058 -0.00208
0.010000  0.03059 -0.01924 -0.00159  0.01953 -0.01679
