# Scenario generation method from a paper by Hoyland, Kaut & Wallace
# Code by Michal Kaut (michal.kaut@iot.ntnu.n) & Diego Mathieu

#   prob   var  1   var  2   var  3   var  4   var  5
0.010000 -0.01886 -0.04154 -0.00512 -0.04762  0.01157
0.010000  0.00019 -0.03873  0.03375  0.01617  0.04748
0.010000 -0.04421 -0.04303 -0.00601 -0.05651 -0.01231
0.010000 -0.01736  0.03270 -0.00984  0.01096  0.01576
0.010000  0.01014  0.01614  0.02667 -0.02303 -0.00276
0.010000  0.07515  0.01224  0.04822  0.07130  0.03999
0.010000 -0.04696 -0.04351 -0.00425 -0.07352 -0.05585
0.010000  0.07279  0.06610  0.05604  0.04590  0.01868
0.010000  0.00305 -0.03835 -0.00727  0.01137  0.02995
0.010000  0.04120  0.05767  0.03530  0.01244  0.00285
0.010000 -0.01587  0.03565 -0.00970 -0.06062 -0.05041
0.010000 -0.04152 -0.03894 -0.01103 -0.00429  0.00862
0.010000 -0.00413 -0.00749 -0.00856  0.00708  0.02016
0.010000  0.06156  0.05453  0.07572  0.06297  0.07907
0.010000 -0.04008 -0.04324 -0.01015  0.00330 -0.00946
0.010000  0.01436 -0.03487  0.04923 -0.00597  0.04181
0.010000  0.07692  0.06436  0.01359  0.05398  0.08314
0.010000  0.04986  0.05533  0.05344 -0.00718  0.02404
0.010000 -0.04290  0.00878 -0.00817 -0.07017 -0.00802
0.010000 -0.04490 -0.03557 -0.00679 -0.04090 -0.02287
0.010000  0.07402  0.06315  0.00756  0.06473  0.01508
0.010000 -0.00703 -0.02485 -0.00868  0.04505  0.01226
0.010000 -0.01438  0.00141  0.00644 -0.05716 -0.00446
0.010000  0.00590  0.04165  0.00563 -0.01141 -0.01362
0.010000 -0.03861  0.01698 -0.01125 -0.03099  0.02163
0.010000  0.01996  0.03678  0.01569 -0.01933  0.00999
0.010000 -0.02643 -0.02021 -0.01024 -0.03647  0.00338
0.010000  0.00448  0.03528 -0.00397  0.04360  0.02218
0.010000  0.02277 -0.01641  0.03137 -0.03117  0.00971
0.010000  0.07014  0.04369  0.03340  0.02890  0.05199
0.010000 -0.03560 -0.02083 -0.00504 -0.06000 -0.00236
0.010000  0.03976  0.03501  0.05222 -0.02559  0.02056
0.010000  0.07735  0.06326  0.04611  0.03930  0.03459
0.010000  0.06592  0.06610  0.00253 -0.02214  0.00981
0.010000  0.01296 -0.03315  0.01570  0.03066  0.02996
0.010000 -0.02490 -0.03591 -0.00687  0.01433  0.02281
0.010000  0.07149  0.06731  0.00412  0.06908 -0.00373
0.010000  0.04841  0.00763  0.00024  0.04765  0.03995
0.010000  0.02417  0.06029  0.02843  0.00513  0.00079
0.010000  0.03833 -0.01165 -0.00172  0.00059  0.01105
0.010000 -0.03890 -0.02204 -0.00472 -0.06847 -0.02089
0.010000  0.03548  0.05271  0.04048 -0.02289  0.02478
0.010000  0.04263  0.06172 -0.00324  0.04492  0.04058
0.010000  0.05424  0.06620 -0.00193 -0.00468  0.01113
0.010000 -0.03408  0.00979 -0.00069 -0.02626 -0.02975
0.010000  0.02699 -0.02392  0.05295 -0.00100  0.01290
0.010000 -0.00971  0.03041 -0.00287  0.02424  0.00917
0.010000 -0.02036 -0.02524 -0.00766 -0.05135 -0.03002
0.010000  0.05132  0.00745  0.05757  0.05142  0.01636
0.010000  0.06735  0.06647  0.05118  0.06871  0.03300
0.010000 -0.03102 -0.03520 -0.01040  0.01294  0.03779
0.010000  0.04696  0.05461 -0.00026  0.01501  0.00783
0.010000  0.00731 -0.00032  0.02679 -0.03040  0.02091
0.010000  0.01155  0.05484 -0.00720 -0.00699 -0.00110
0.010000 -0.02187 -0.00681 -0.01020 -0.00218  0.00250
0.010000 -0.00995  0.01182  0.00216 -0.03028  0.01044
0.010000  0.06686  0.04488  0.05017  0.04825  0.02208
0.010000  0.02840  0.00842 -0.00505 -0.00492 -0.00517
0.010000  0.02136 -0.03078  0.02499  0.01314  0.02364
0.010000  0.07379  0.03356  0.01102  0.05761  0.02314
0.010000  0.02981 -0.02288  0.05283  0.06889  0.06758
0.010000  0.06447  0.03377  0.01940  0.05684  0.01752
0.010000  0.01716  0.01329 -0.00603 -0.01664  0.00774
0.010000 -0.03712 -0.03874 -0.00310 -0.02669  0.01187
0.010000  0.07643  0.03716  0.01561 -0.00500  0.03722
0.010000  0.04552  0.06042 -0.00239  0.04398  0.02017
0.010000  0.04407 -0.00443  0.02685  0.05867  0.04806
0.010000  0.05570  0.06613  0.07828  0.06253  0.05225
0.010000  0.02558  0.01036  0.04666  0.02041  0.01099
0.010000 -0.04715 -0.03467 -0.01134 -0.01936 -0.03537
0.010000  0.05863 -0.00401  0.01664  0.07087  0.07621
0.010000 -0.02948  0.00650 -0.01094 -0.03609 -0.01376
0.010000  0.01576 -0.02781 -0.00489 -0.02376  0.00117
0.010000  0.07739  0.06413  0.01063  0.07127  0.02822
0.010000  0.03406 -0.01610  0.05820  0.02573  0.01451
0.010000  0.00873 -0.00346  0.02597  0.01828  0.01503
0.010000 -0.01290 -0.03853 -0.00926 -0.05885  0.01327
0.010000  0.05717  0.04492  0.03756  0.06020  0.04139
0.010000 -0.00558  0.03771 -0.00584 -0.05530 -0.00632
0.010000 -0.00849  0.04190 -0.00671 -0.03828 -0.00504
0.010000  0.06876  0.06562  0.00304  0.04633 -0.00423
0.010000  0.03264  0.00932  0.00245  0.00326  0.00784
0.010000  0.06010  0.02876  0.00859  0.01623  0.02332
0.010000 -0.02795 -0.00153 -0.01050  0.02171 -0.03532
0.010000  0.03520  0.00280  0.02846  0.01892  0.02657
0.010000  0.05278 -0.00182  0.07900  0.06716  0.01372
0.010000  0.01856 -0.03313 -0.00314 -0.01034  0.01048
0.010000  0.00162 -0.03650 -0.00738 -0.01663  0.02183
0.010000  0.07614  0.00928  0.02322 -0.01098  0.05995
0.010000 -0.03255 -0.03805 -0.01059 -0.00947  0.00072
0.010000 -0.04745 -0.04128 -0.01038 -0.02719  0.01837
0.010000 -0.02338 -0.03834 -0.00836 -0.04322  0.01463
0.010000  0.06302  0.02970  0.00893 -0.00149  0.00149
0.010000  0.03690  0.04084 -0.00442 -0.03426 -0.00442
0.010000 -0.01142  0.01206  0.00650 -0.01960  0.00246
0.010000 -0.04539 -0.03830 -0.00606 -0.05292 -0.03331
0.010000  0.03122 -0.02148 -0.00318  0.04694  0.02254
0.010000 -0.00268 -0.03506  0.02658 -0.04370  0.01589
0.010000 -0.04641 -0.04332 -0.01176 -0.00232 -0.01996
0.010000 -0.00124  0.04583  0.00598 -0.02685 -0.00039
