# Scenario generation method from a paper by Hoyland, Kaut & Wallace
# Code by Michal Kaut (michal.kaut@iot.ntnu.n) & Diego Mathieu

#   prob   var  1   var  2   var  3   var  4   var  5
0.010000 -0.05840 -0.05535 -0.04103 -0.00045 -0.02459
0.010000 -0.02972 -0.04324 -0.02609  0.00158 -0.00352
0.010000 -0.03476 -0.01726 -0.00375  0.00307  0.01656
0.010000  0.01109  0.01188  0.01545 -0.01275  0.01577
0.010000  0.01690  0.00866  0.01077  0.00448  0.00089
0.010000  0.04662  0.06204  0.04222 -0.00134  0.01429
0.010000  0.01250  0.00959  0.00616 -0.00499 -0.00518
0.010000  0.02676  0.00431  0.01053 -0.01004 -0.01373
0.010000 -0.01526 -0.04303 -0.00725  0.00335 -0.02086
0.010000 -0.03676 -0.01616 -0.00269 -0.00181 -0.00556
0.010000 -0.01843 -0.00255  0.00489  0.00105 -0.00798
0.010000  0.00702 -0.01468  0.00315 -0.00942  0.00401
0.010000 -0.05710 -0.01179 -0.04071  0.00229 -0.02051
0.010000 -0.05569 -0.01718 -0.01666  0.00386 -0.01781
0.010000 -0.05376  0.00672 -0.00538  0.00006  0.00064
0.010000 -0.05754 -0.03826 -0.02443  0.00526 -0.00812
0.010000 -0.04077  0.02851  0.00890  0.02258 -0.01304
0.010000 -0.03073 -0.02063  0.00449 -0.01462  0.00070
0.010000 -0.02155 -0.03834 -0.01272 -0.00027 -0.00538
0.010000 -0.01738  0.01069  0.00775 -0.00451 -0.00893
0.010000  0.05642  0.02726  0.01142  0.00397  0.00819
0.010000 -0.01419 -0.00288 -0.02526 -0.00241 -0.00270
0.010000  0.02328  0.01924  0.00874  0.00885  0.01677
0.010000 -0.01202 -0.02377 -0.02317  0.00695 -0.00170
0.010000  0.00571  0.01267 -0.00371  0.00113  0.01174
0.010000 -0.05179 -0.01268 -0.00948 -0.00075  0.01131
0.010000 -0.04779 -0.00633  0.00354 -0.00602 -0.02614
0.010000  0.05282  0.05002  0.01457  0.00056  0.00114
0.010000  0.04134  0.01487  0.00396  0.00363  0.02816
0.010000 -0.05921 -0.00476 -0.01872 -0.00439  0.00934
0.010000 -0.03274 -0.00254 -0.01393 -0.00383  0.00378
0.010000 -0.03877 -0.01369 -0.01339  0.00961 -0.01534
0.010000 -0.05079  0.02845 -0.02572 -0.00891 -0.00667
0.010000 -0.03375 -0.03725  0.00261  0.00934  0.01556
0.010000 -0.00413 -0.02256 -0.02509  0.00403  0.00555
0.010000 -0.00529 -0.03102 -0.00462  0.01431 -0.01628
0.010000 -0.04879 -0.04682 -0.04209  0.00991  0.02704
0.010000 -0.02769  0.00369 -0.01181 -0.00815 -0.01523
0.010000 -0.03777 -0.00911 -0.00924  0.01054  0.00245
0.010000 -0.01311 -0.02688 -0.00579 -0.00003  0.00807
0.010000  0.06054  0.01136  0.00913 -0.01025  0.03090
0.010000 -0.00056  0.01245  0.00534 -0.00035 -0.00498
0.010000  0.03246  0.01182  0.01487 -0.01140 -0.00536
0.010000 -0.02871  0.02180  0.00058  0.00360  0.00869
0.010000 -0.02668 -0.01072 -0.01768 -0.00164  0.01445
0.010000  0.08100  0.04192  0.01511  0.00619  0.03062
0.010000 -0.01632 -0.03707 -0.01551 -0.00153 -0.00032
0.010000 -0.02361  0.00904 -0.00061 -0.00626 -0.02048
0.010000  0.03452  0.04104  0.01412 -0.00350  0.01099
0.010000 -0.04478 -0.03253 -0.05476 -0.00382 -0.01115
0.010000 -0.03977 -0.04106 -0.00726  0.00363 -0.00095
0.010000 -0.06086 -0.02403 -0.00503  0.00701 -0.00333
0.010000 -0.04278 -0.04520 -0.01587 -0.00267 -0.00070
0.010000 -0.02463 -0.02126 -0.01718 -0.00740 -0.01816
0.010000 -0.00295 -0.03523 -0.01411  0.00005  0.00772
0.010000  0.03049 -0.00049  0.00335 -0.00712 -0.00311
0.010000 -0.03174 -0.02980  0.00085 -0.00323 -0.01808
0.010000 -0.00644 -0.01825 -0.01604 -0.01225 -0.01332
0.010000  0.02859  0.05189  0.01825 -0.00154  0.01223
0.010000  0.01393 -0.03038 -0.00100 -0.00151  0.00360
0.010000  0.00066  0.05755  0.02397 -0.01076 -0.01407
0.010000 -0.00870  0.02051  0.00437 -0.00783  0.00685
0.010000 -0.03576 -0.03401 -0.01696 -0.01278 -0.02741
0.010000 -0.05278 -0.03018 -0.00465  0.01001 -0.01092
0.010000  0.02162 -0.00162  0.01587 -0.00652  0.00028
0.010000 -0.00982  0.03352 -0.02109  0.00551 -0.00307
0.010000 -0.04979 -0.03268 -0.01573 -0.00084 -0.02346
0.010000  0.02500  0.00677  0.00067 -0.01288  0.02042
0.010000 -0.05473 -0.04769 -0.03528  0.00698 -0.01123
0.010000 -0.06051 -0.04718 -0.03391  0.00377 -0.00844
0.010000 -0.00758 -0.00737  0.00029 -0.00111  0.00238
0.010000 -0.05996 -0.04834 -0.04176  0.00623  0.00317
0.010000 -0.02566 -0.04879 -0.04548 -0.00151 -0.00658
0.010000 -0.00176  0.02459  0.00213 -0.00586  0.01364
0.010000 -0.04378 -0.03788 -0.02830 -0.01198 -0.00536
0.010000 -0.05993 -0.00302 -0.01742 -0.00969  0.00129
0.010000  0.00190 -0.03424 -0.00597  0.00653  0.01396
0.010000  0.00835  0.01961  0.01689 -0.01195 -0.00135
0.010000  0.03667  0.00907  0.01913 -0.01037  0.00509
0.010000  0.04958 -0.01714  0.00670 -0.00270  0.02303
0.010000  0.01843  0.00212  0.01087 -0.02097  0.00712
0.010000  0.00442  0.01887 -0.00451 -0.01529 -0.00924
0.010000 -0.04257 -0.05004 -0.01855  0.00617 -0.01500
0.010000  0.03894 -0.02220  0.00271 -0.00692  0.00787
0.010000  0.00315  0.03196  0.04538  0.01065  0.00095
0.010000 -0.01093 -0.02266 -0.01100  0.00386 -0.01450
0.010000 -0.01947  0.02747  0.00485  0.01646  0.01301
0.010000 -0.02051 -0.03055 -0.00176  0.01040  0.00221
0.010000 -0.05663 -0.00269 -0.01276  0.01655 -0.00463
0.010000  0.07153  0.05305  0.03816 -0.00676  0.03211
0.010000  0.04389  0.00826  0.01560  0.01252  0.00196
0.010000  0.00971 -0.00086  0.01966  0.00161  0.00281
0.010000  0.06540  0.02693  0.01547  0.00263  0.02985
0.010000  0.01540 -0.02031  0.00031 -0.01553  0.00422
0.010000 -0.04679 -0.03085 -0.02957 -0.00365  0.01590
0.010000 -0.06080 -0.04081 -0.01276  0.00602 -0.00826
0.010000 -0.04177 -0.02450 -0.00313 -0.00217 -0.00346
0.010000 -0.04579 -0.00467 -0.00769 -0.00747 -0.01993
0.010000 -0.02258  0.02271  0.00877  0.01205 -0.00114
0.010000  0.02001 -0.00102  0.00614 -0.00093  0.00379
