# Scenario generation method from a paper by Hoyland, Kaut & Wallace
# Code by Michal Kaut (michal.kaut@iot.ntnu.n) & Diego Mathieu

#   prob   var  1   var  2   var  3   var  4   var  5
0.010000 -0.02548 -0.00949 -0.01334 -0.01933 -0.03962
0.010000  0.05027  0.01819  0.01620 -0.01476 -0.02239
0.010000 -0.01667 -0.00822 -0.01163 -0.01748 -0.04508
0.010000 -0.03558  0.00195 -0.01462  0.02453 -0.02705
0.010000 -0.02800 -0.00075 -0.01308  0.04497  0.00427
0.010000 -0.03398 -0.01457 -0.01280  0.00942  0.05123
0.010000 -0.01206 -0.01226 -0.00546  0.05609 -0.01419
0.010000  0.08142  0.03380  0.04105  0.06412  0.02260
0.010000  0.02577  0.02823  0.01581  0.02966  0.08507
0.010000 -0.03595  0.00047 -0.01471 -0.02042 -0.06404
0.010000  0.01813  0.00744  0.00536 -0.01215  0.01624
0.010000  0.05706  0.02922  0.02440  0.04343  0.01758
0.010000 -0.01937 -0.01282 -0.01170  0.02167  0.00142
0.010000 -0.01019 -0.02257  0.00449  0.00798 -0.01164
0.010000 -0.03599 -0.02212 -0.01204  0.00851 -0.06203
0.010000  0.04823  0.03681  0.01289 -0.01613  0.05492
0.010000 -0.02549 -0.03688 -0.00920  0.01110  0.04744
0.010000 -0.00829 -0.00874 -0.01001  0.00683  0.04001
0.010000 -0.00734  0.00530  0.00575  0.00253  0.06306
0.010000 -0.03332 -0.01776 -0.01337  0.04803 -0.02710
0.010000  0.03136  0.01402  0.00116 -0.01541  0.02440
0.010000  0.04258  0.01758  0.00554 -0.01954  0.07274
0.010000  0.02314  0.02900 -0.00283 -0.02063  0.05223
0.010000  0.01114 -0.01279  0.00692  0.08478  0.05432
0.010000 -0.02961 -0.02374 -0.01014  0.03622  0.02828
0.010000 -0.01392  0.00103 -0.01259 -0.01583  0.02849
0.010000  0.00052 -0.04421 -0.00390  0.03173 -0.00180
0.010000  0.02992  0.02005  0.01839  0.03129 -0.02368
0.010000  0.05960  0.01129  0.02627  0.02293  0.07286
0.010000 -0.03191 -0.00885 -0.01004  0.03315 -0.01732
0.010000  0.04627  0.00153  0.00896  0.00349 -0.00470
0.010000 -0.01113 -0.04378 -0.00576  0.02763  0.02028
0.010000 -0.00444 -0.01713 -0.00728  0.03342 -0.04075
0.010000 -0.03263 -0.02093 -0.01285 -0.00547 -0.02971
0.010000 -0.00541 -0.00259 -0.01033  0.01241  0.00226
0.010000  0.02185  0.00116  0.00284  0.07073 -0.00397
0.010000  0.03284  0.02333  0.00623  0.00856  0.06316
0.010000 -0.02027  0.00340 -0.01340  0.01007  0.02398
0.010000  0.03435  0.01105  0.02365  0.07898 -0.00730
0.010000 -0.03533 -0.02319 -0.01340  0.04663 -0.01780
0.010000 -0.01848 -0.00106 -0.00363 -0.01148  0.01980
0.010000  0.08732  0.03158  0.03223 -0.00403  0.04401
0.010000  0.02713  0.02255  0.02051  0.05949  0.06668
0.010000  0.06531  0.01628  0.02035 -0.00571  0.03084
0.010000  0.03750  0.00605  0.08367  0.06206  0.06555
0.010000  0.05241  0.02411  0.05747  0.04978  0.00561
0.010000 -0.01484 -0.00939 -0.01217  0.00237  0.00638
0.010000  0.04439  0.01234  0.00626  0.02912 -0.04401
0.010000  0.05467  0.01518  0.04634  0.01839  0.07136
0.010000 -0.02717 -0.02329 -0.01064  0.00346  0.03672
0.010000 -0.01300  0.00687 -0.01045 -0.01098  0.01794
0.010000 -0.00638 -0.00896 -0.00688 -0.01128 -0.00948
0.010000 -0.03512 -0.03035 -0.01008  0.00280  0.00263
0.010000 -0.00924 -0.00194 -0.00151 -0.01309 -0.00898
0.010000 -0.02203 -0.00594 -0.01332 -0.02000  0.02634
0.010000  0.00464  0.00705 -0.00630 -0.01943  0.01695
0.010000 -0.02291  0.00049 -0.01356 -0.00125  0.02987
0.010000 -0.00148  0.00937 -0.00720 -0.00455  0.01410
0.010000 -0.03622 -0.01353  0.00069  0.07796  0.01176
0.010000 -0.00252  0.00557 -0.00951 -0.00625 -0.01413
0.010000 -0.02881 -0.01639 -0.01331 -0.01561  0.01657
0.010000 -0.00346 -0.01203  0.00052 -0.00234 -0.05071
0.010000 -0.01576 -0.00747 -0.01196  0.05525  0.04018
0.010000  0.00256  0.00767 -0.00147 -0.02036  0.01037
0.010000  0.01341  0.01775 -0.00129 -0.02208  0.04917
0.010000 -0.03618 -0.01057  0.01689 -0.00162  0.00007
0.010000 -0.03130 -0.03424 -0.01136  0.05540 -0.00344
0.010000  0.03914  0.00516  0.00607  0.06424 -0.02182
0.010000  0.01003  0.00923  0.00502 -0.01007  0.04338
0.010000  0.02851 -0.01087  0.00076  0.05116 -0.01617
0.010000  0.00784 -0.00849 -0.00647  0.07737 -0.07902
0.010000 -0.03397  0.00423 -0.01433 -0.02051  0.00640
0.010000  0.06857  0.01642  0.02268  0.06103  0.01528
0.010000  0.00154  0.01457 -0.00883  0.03914 -0.02614
0.010000  0.06234  0.01648  0.05512  0.01880  0.03986
0.010000  0.02444  0.01380 -0.00217  0.00029  0.01317
0.010000  0.01692 -0.00801 -0.00156  0.03732  0.03315
0.010000 -0.02633 -0.01344 -0.01333  0.04919  0.02079
0.010000  0.00360  0.00832  0.03398  0.01649  0.06675
0.010000 -0.00247 -0.02563  0.00027  0.06611 -0.04149
0.010000  0.00676  0.00303 -0.00804 -0.01531  0.04453
0.010000  0.00569 -0.00845 -0.00105  0.00815  0.07094
0.010000  0.03590  0.02366  0.00643  0.05141 -0.01295
0.010000 -0.03040  0.00094 -0.00321 -0.00954 -0.01474
0.010000  0.04083  0.02366  0.00838 -0.01606  0.05313
0.010000  0.01227  0.00849  0.02304 -0.00969  0.07404
0.010000 -0.03116 -0.02420 -0.01104  0.04363  0.00632
0.010000  0.02059  0.03204  0.01868 -0.02119 -0.02885
0.010000  0.07642  0.01633  0.03757  0.00377  0.03848
0.010000  0.00893 -0.00140  0.02394  0.05406 -0.00700
0.010000  0.01935  0.00835 -0.00439 -0.00973 -0.03016
0.010000 -0.03457 -0.01157 -0.01409 -0.01036  0.03603
0.010000 -0.00048  0.00806 -0.01043 -0.02214  0.01833
0.010000 -0.02115 -0.01297  0.01461  0.00467  0.02502
0.010000  0.07223  0.03168  0.02099  0.05512  0.04947
0.010000 -0.02377 -0.00609 -0.00378 -0.01594 -0.02578
0.010000 -0.02464 -0.00160 -0.01318  0.01563  0.02509
0.010000 -0.01758 -0.00736 -0.01192  0.06847  0.01348
0.010000  0.01456 -0.01652  0.00856  0.08230 -0.02059
0.010000  0.01573 -0.01140  0.01567  0.06379  0.00811
