# Scenario generation method from a paper by Hoyland, Kaut & Wallace
# Code by Michal Kaut (michal.kaut@iot.ntnu.n) & Diego Mathieu

#   prob   var  1   var  2   var  3   var  4   var  5
0.010000 -0.03850 -0.00707 -0.01008 -0.02144 -0.04967
0.010000  0.05954  0.05837  0.04843  0.02953  0.03926
0.010000  0.02095 -0.00740  0.00716  0.03291  0.00129
0.010000 -0.03689 -0.01097 -0.00963 -0.05623  0.00503
0.010000  0.00654 -0.00574  0.00231  0.01124 -0.00064
0.010000 -0.02009 -0.00262 -0.00784 -0.05608 -0.00022
0.010000 -0.00235  0.03617 -0.00842 -0.01799  0.00083
0.010000  0.05782  0.03556  0.03246  0.01344  0.05777
0.010000  0.00544  0.02220 -0.00556  0.03009 -0.00153
0.010000  0.01982  0.03614  0.03712  0.08436  0.01106
0.010000  0.00874  0.03892 -0.00673 -0.01700  0.01207
0.010000  0.02787  0.05704 -0.00363  0.05597 -0.00291
0.010000  0.05455  0.03946  0.01321 -0.02709  0.01735
0.010000  0.01535  0.00758 -0.00049  0.02025 -0.00018
0.010000 -0.04792 -0.02006 -0.01095 -0.05679 -0.06031
0.010000 -0.01038 -0.02135 -0.00370 -0.03754  0.01587
0.010000  0.01869 -0.00835  0.00403  0.05759  0.02801
0.010000  0.01094  0.01602 -0.00351  0.01280  0.01108
0.010000 -0.00575  0.00402 -0.00584 -0.05989 -0.00619
0.010000  0.03389  0.03235  0.00418  0.04601  0.01675
0.010000 -0.03086 -0.01380 -0.00855  0.01161 -0.00919
0.010000  0.03025  0.05996  0.01083  0.05502  0.02089
0.010000 -0.00461  0.01071 -0.00639  0.03732 -0.03027
0.010000 -0.04905 -0.02964 -0.01033 -0.05341 -0.00384
0.010000  0.07369  0.04397  0.03864  0.07128  0.01896
0.010000  0.03638 -0.00037  0.01413 -0.00984  0.02673
0.010000  0.01203  0.04435 -0.00677  0.04273 -0.01509
0.010000  0.06914  0.06130  0.06964  0.06309  0.05575
0.010000  0.07135  0.06897  0.01957  0.02888  0.00126
0.010000 -0.01759 -0.04805 -0.00163 -0.05538  0.01353
0.010000 -0.03231 -0.03887 -0.00643 -0.04474  0.00087
0.010000 -0.00921 -0.02292 -0.00274 -0.04000  0.01733
0.010000  0.00100 -0.03568  0.00251  0.00832  0.00535
0.010000  0.02323  0.03082 -0.00223 -0.02125 -0.01935
0.010000  0.01757 -0.01368  0.00525  0.00755 -0.00705
0.010000 -0.02266 -0.04263  0.03820  0.03195  0.02524
0.010000  0.02209 -0.00320  0.02374  0.03235  0.03271
0.010000  0.01314  0.04451 -0.00657 -0.05525 -0.02645
0.010000  0.00984  0.04334 -0.00708 -0.01727  0.00997
0.010000  0.00323  0.03284 -0.00724  0.00830 -0.01333
0.010000  0.05145  0.06221  0.02435  0.02616  0.01086
0.010000 -0.00348 -0.00698 -0.00396  0.02419  0.02120
0.010000  0.04023  0.05523  0.05994  0.04275  0.04037
0.010000  0.00764  0.04518 -0.00634 -0.00361  0.00905
0.010000 -0.00011  0.02203  0.01699 -0.01824  0.01284
0.010000  0.07886  0.04703  0.04853  0.01839  0.01384
0.010000  0.03765  0.06206  0.01497  0.05981  0.01102
0.010000  0.06314  0.04894  0.01712  0.00994  0.01068
0.010000 -0.02530  0.00325 -0.00925 -0.03029 -0.02683
0.010000  0.06705  0.03961  0.06291  0.01215  0.02515
0.010000  0.06505  0.05746  0.01519  0.03425  0.00595
0.010000 -0.00805  0.02894 -0.00883 -0.05438 -0.02122
0.010000 -0.03381 -0.05306 -0.00342  0.01321  0.04195
0.010000  0.04564  0.06698 -0.00160 -0.04912 -0.02442
0.010000  0.01646 -0.01941  0.00671 -0.03842  0.01305
0.010000 -0.01883  0.01250 -0.00910 -0.04651 -0.00341
0.010000 -0.04539 -0.05788 -0.00693 -0.04261  0.00510
0.010000 -0.02943 -0.03260 -0.00657  0.02683 -0.02346
0.010000 -0.05190 -0.02772 -0.01066 -0.05309 -0.01089
0.010000  0.04995  0.05630  0.06083  0.06714  0.03771
0.010000 -0.01274 -0.03863  0.00120 -0.04684  0.01683
0.010000  0.08473  0.07171  0.02473 -0.00506  0.03916
0.010000 -0.01155 -0.02737 -0.00316  0.00935  0.00634
0.010000  0.06131  0.04620  0.07764  0.04664  0.05738
0.010000  0.03513 -0.00525  0.05051  0.00755  0.03806
0.010000  0.05298  0.06342  0.00754  0.02744  0.00921
0.010000  0.07618  0.03630  0.05199  0.06328  0.09077
0.010000  0.03145 -0.00979  0.03331 -0.02390  0.04237
0.010000  0.02553  0.05088  0.00151 -0.00323  0.02022
0.010000  0.03893  0.03432  0.00387 -0.04852  0.01853
0.010000  0.01424  0.00829  0.00898  0.07306  0.00371
0.010000  0.02905  0.05505 -0.00419 -0.00035  0.00388
0.010000 -0.00123 -0.03869  0.00681 -0.00276  0.01967
0.010000  0.04425  0.02570  0.07818  0.08458  0.04384
0.010000  0.08566  0.07172  0.02996  0.06686  0.00936
0.010000  0.04848  0.05189  0.00533  0.05513  0.04246
0.010000  0.05616  0.03329  0.05466  0.01616  0.03474
0.010000  0.04155  0.03724  0.06753  0.01406  0.02701
0.010000 -0.04185  0.00218 -0.01085 -0.02480 -0.03628
0.010000 -0.01514  0.02546 -0.00963 -0.00787 -0.03076
0.010000 -0.05076 -0.03163 -0.01041 -0.04484 -0.00118
0.010000 -0.01393 -0.01379 -0.00545 -0.01192 -0.00629
0.010000  0.02438  0.05536 -0.00547  0.03384 -0.03346
0.010000  0.02670 -0.00444  0.00780  0.05602  0.00001
0.010000 -0.04722 -0.04574 -0.00833 -0.05512 -0.01872
0.010000  0.08174  0.06274  0.03966  0.05307  0.02396
0.010000  0.04705  0.04237  0.00582 -0.00833  0.01383
0.010000 -0.02803 -0.03372 -0.00615  0.00477  0.01607
0.010000 -0.04015 -0.05487  0.00200 -0.01883 -0.02665
0.010000 -0.02665  0.00870 -0.01001 -0.04052 -0.02112
0.010000 -0.02137 -0.01089 -0.00505 -0.05165 -0.01751
0.010000 -0.00690  0.02245 -0.00807 -0.01054 -0.01338
0.010000  0.04289  0.01473  0.01839  0.02805  0.00495
0.010000  0.00212  0.00960 -0.00479  0.00373 -0.03245
0.010000  0.03266  0.03432  0.00026  0.01070 -0.00017
0.010000  0.00433 -0.01502  0.04614  0.06908  0.00829
0.010000 -0.02397 -0.01779 -0.00708 -0.05908  0.01474
0.010000 -0.01636  0.01226 -0.00875 -0.05952  0.00648
0.010000 -0.03533 -0.03279 -0.00769 -0.00031 -0.00124
0.010000 -0.04359 -0.03420 -0.00876 -0.00233  0.00163
