# Scenario generation method from a paper by Hoyland, Kaut & Wallace
# Code by Michal Kaut (michal.kaut@iot.ntnu.n) & Diego Mathieu

#   prob   var  1   var  2   var  3   var  4   var  5
0.010000 -0.02106  0.00105  0.00336 -0.00442 -0.03912
0.010000  0.04115  0.00680  0.01969  0.02997 -0.00703
0.010000  0.00202  0.02789  0.00597 -0.01333 -0.00699
0.010000  0.01240  0.00140  0.00203  0.01268 -0.03683
0.010000 -0.02784  0.01852 -0.01987 -0.01303 -0.00887
0.010000 -0.02678  0.00998 -0.01970  0.00450 -0.04643
0.010000 -0.02990  0.00067 -0.01337  0.03934 -0.01155
0.010000 -0.01172 -0.01499  0.00703  0.07257  0.00258
0.010000  0.02482  0.03849  0.00460 -0.00453  0.00960
0.010000  0.04756  0.01528  0.01077  0.00339  0.00903
0.010000  0.07027  0.02318  0.02976  0.01419  0.04093
0.010000 -0.02918 -0.00640  0.00276  0.00064 -0.00550
0.010000 -0.02833 -0.00381 -0.01744 -0.00449 -0.03340
0.010000 -0.02562 -0.00951 -0.00594  0.02797 -0.00114
0.010000 -0.01361 -0.00625 -0.00844  0.00992  0.02035
0.010000  0.01019  0.00121  0.01312  0.00986  0.01170
0.010000 -0.02732  0.02161 -0.01970 -0.01341 -0.01340
0.010000 -0.02243 -0.01586 -0.01609  0.07143  0.04230
0.010000 -0.02501  0.01616  0.00259 -0.00942 -0.03775
0.010000  0.01353  0.01916  0.00396  0.02495  0.00654
0.010000 -0.00618  0.01236 -0.00766 -0.00980 -0.00876
0.010000 -0.02983 -0.01405 -0.00141  0.07107  0.01807
0.010000  0.05840  0.00890  0.02704  0.05222  0.01788
0.010000 -0.01964  0.01381  0.00231 -0.01014 -0.07654
0.010000 -0.03021 -0.01564 -0.02009  0.03290 -0.00444
0.010000  0.00805  0.02641 -0.00318 -0.00816  0.02847
0.010000  0.02916  0.02468  0.00029 -0.01134  0.04245
0.010000 -0.00174  0.00726 -0.00888 -0.00686  0.02641
0.010000 -0.01517  0.00558  0.00085  0.03957  0.03022
0.010000 -0.01121  0.00715 -0.00962  0.01076  0.02345
0.010000 -0.01594 -0.00029 -0.00559 -0.00356  0.00329
0.010000 -0.01892 -0.00032 -0.00064  0.02829 -0.00421
0.010000 -0.01819  0.00789 -0.00172 -0.00837  0.01267
0.010000  0.02345  0.02154  0.00224 -0.01069  0.02252
0.010000  0.01828  0.01265  0.01269  0.01023 -0.00716
0.010000  0.06569  0.00287  0.01556  0.07129  0.04970
0.010000 -0.02175 -0.00839  0.00495  0.00661  0.02054
0.010000 -0.02921 -0.01720  0.00132  0.05498 -0.00363
0.010000  0.05533  0.00900  0.00919  0.06834  0.00433
0.010000  0.02767  0.00775  0.00934  0.06788 -0.01097
0.010000  0.01586  0.02192  0.00304 -0.01129  0.02364
0.010000 -0.00531  0.01022 -0.00537 -0.00848 -0.01792
0.010000  0.03228  0.00650 -0.00730  0.00163  0.01484
0.010000 -0.00354  0.00981  0.00528 -0.00746 -0.00879
0.010000 -0.02403 -0.01107 -0.00895  0.00531 -0.01286
0.010000  0.00012  0.02021 -0.00985 -0.00882  0.01800
0.010000 -0.02958  0.01411 -0.00349 -0.00295 -0.00580
0.010000 -0.02036 -0.00941  0.00368  0.01034  0.04231
0.010000  0.03392  0.00107  0.02063  0.04224  0.04152
0.010000 -0.03034 -0.01541 -0.01556  0.01060 -0.00133
0.010000  0.03923  0.02100  0.01473 -0.00670 -0.03799
0.010000 -0.01983  0.02488  0.00242 -0.01161 -0.02961
0.010000 -0.03042  0.01966 -0.00355 -0.01019  0.01262
0.010000  0.03070  0.03056 -0.00057  0.01742  0.03497
0.010000 -0.00873  0.01016 -0.01225 -0.00971  0.02901
0.010000  0.01682  0.01310  0.00818  0.01116  0.01505
0.010000  0.04317  0.01910  0.02260  0.02334  0.00559
0.010000  0.01128  0.01901 -0.00240 -0.01023  0.00245
0.010000  0.03562 -0.00200  0.00915  0.04448  0.00395
0.010000 -0.00443  0.00441  0.00764  0.05231  0.01388
0.010000  0.00106 -0.00002 -0.00754  0.00152  0.02164
0.010000 -0.02310 -0.01334 -0.00352  0.06946  0.00738
0.010000  0.02211  0.01163  0.00185 -0.00518 -0.02736
0.010000  0.04530  0.00980  0.01693  0.03897  0.03067
0.010000 -0.00704 -0.00249 -0.01098  0.00353 -0.01083
0.010000 -0.01670 -0.00235 -0.00074  0.05909  0.00893
0.010000  0.07599  0.01353  0.01766  0.06996  0.00560
0.010000  0.01468  0.02268  0.00374 -0.01104 -0.01695
0.010000 -0.00789  0.03450 -0.00533 -0.01409 -0.01582
0.010000 -0.01039 -0.01157  0.00047  0.07179  0.01963
0.010000 -0.02879 -0.01134 -0.00465  0.00761 -0.03554
0.010000  0.01706  0.01361  0.01326  0.00139  0.00966
0.010000  0.01953 -0.00637  0.00874  0.04146  0.00937
0.010000 -0.02375 -0.00375 -0.00567 -0.00200 -0.00606
0.010000  0.00397  0.01485  0.00763 -0.00903  0.04572
0.010000  0.08435  0.04442  0.04125  0.02134 -0.04953
0.010000  0.04996  0.01769  0.00548  0.06410  0.06133
0.010000  0.00911 -0.01096  0.00594  0.07151  0.00563
0.010000 -0.00956  0.00944  0.00008  0.02139 -0.03643
0.010000  0.02623  0.02819  0.00400 -0.01206  0.03240
0.010000 -0.02439 -0.01655  0.02649  0.06900 -0.02252
0.010000 -0.03039  0.01610 -0.02387 -0.01310 -0.01685
0.010000  0.05254  0.01972  0.02595  0.05934  0.00589
0.010000 -0.01282 -0.00284 -0.01319 -0.00216  0.02928
0.010000 -0.02655 -0.01271 -0.00660  0.01042  0.01222
0.010000  0.02081  0.01210 -0.00226  0.04279 -0.00034
0.010000 -0.03016 -0.01100 -0.00942  0.00420  0.01621
0.010000 -0.02621  0.01129  0.00262 -0.00595 -0.02947
0.010000  0.00701  0.00077  0.00601  0.00519  0.02126
0.010000  0.00598  0.02315 -0.00326 -0.00943  0.00233
0.010000  0.03739 -0.00780  0.00528  0.06742 -0.00077
0.010000  0.00299 -0.01456  0.00824  0.07291  0.02088
0.010000  0.00497 -0.01078 -0.00352  0.07210  0.02765
0.010000  0.06181  0.02909  0.00777 -0.00787  0.02027
0.010000 -0.00265  0.03076 -0.01113  0.02986 -0.02439
0.010000 -0.00082  0.01652 -0.00807 -0.00943 -0.02795
0.010000 -0.01439 -0.00250 -0.01351 -0.00230 -0.01641
0.010000 -0.01201  0.03131  0.00492  0.02359 -0.05069
0.010000 -0.02815 -0.01325  0.00034  0.05989  0.00748
0.010000 -0.01745 -0.01179  0.00583  0.06800  0.00491
