# Scenario generation method from a paper by Hoyland, Kaut & Wallace
# Code by Michal Kaut (michal.kaut@iot.ntnu.n) & Diego Mathieu

#   prob   var  1   var  2   var  3   var  4   var  5
0.010000  0.01550 -0.01225  0.00663  0.01991 -0.01293
0.010000 -0.02703 -0.02203 -0.01110 -0.01791 -0.01967
0.010000  0.00960  0.01751 -0.00107 -0.00730 -0.00900
0.010000  0.01401 -0.00990 -0.01459 -0.00892 -0.00624
0.010000 -0.02082 -0.03110 -0.00955 -0.01540 -0.03371
0.010000 -0.00703 -0.00975 -0.00059 -0.00478 -0.00362
0.010000 -0.02613 -0.02545 -0.01241 -0.01946  0.02044
0.010000  0.01200  0.01051  0.00485  0.00130 -0.01500
0.010000  0.01808  0.00700  0.01038  0.02687 -0.00248
0.010000 -0.01596 -0.02497 -0.00385  0.01057 -0.01932
0.010000  0.01631  0.01000  0.00859  0.01148 -0.00059
0.010000  0.00201  0.00510  0.00910  0.03706 -0.02476
0.010000  0.00155  0.00643 -0.02449 -0.02646 -0.01461
0.010000 -0.02150 -0.02462 -0.00940 -0.01800  0.00111
0.010000 -0.00795  0.00018 -0.00638 -0.00454  0.02766
0.010000 -0.02446 -0.02857 -0.00922  0.00279  0.00363
0.010000 -0.00343  0.00971 -0.00880 -0.02318  0.00589
0.010000 -0.02528 -0.01210 -0.00674 -0.02105 -0.03398
0.010000 -0.00749 -0.01210 -0.00464 -0.00950  0.00717
0.010000 -0.00028  0.00645 -0.02159 -0.02708  0.00023
0.010000  0.02773  0.02479  0.00698 -0.00057 -0.00294
0.010000  0.00295 -0.00818  0.00062  0.02630  0.01096
0.010000 -0.00983  0.00854 -0.00102 -0.00497  0.00501
0.010000 -0.01177  0.00480 -0.00673 -0.01879  0.00161
0.010000  0.01908  0.01617  0.02246  0.02682 -0.01279
0.010000 -0.01768 -0.02815 -0.00899 -0.00496 -0.02035
0.010000  0.01017  0.00338  0.00536  0.00723 -0.01740
0.010000  0.00438 -0.00677  0.00600  0.00256 -0.03372
0.010000 -0.04572 -0.02354 -0.01054 -0.01248  0.02373
0.010000  0.00587  0.00398 -0.05047 -0.02490 -0.02633
0.010000  0.00109  0.01575  0.02622  0.02027 -0.02690
0.010000 -0.00433 -0.01561  0.03224  0.04483  0.00414
0.010000  0.02019  0.01837  0.00069  0.03096 -0.00692
0.010000 -0.01433 -0.00749 -0.01310 -0.01513  0.00217
0.010000 -0.00612  0.00356 -0.00363 -0.01365 -0.02621
0.010000 -0.01710 -0.02291 -0.00325 -0.01044 -0.00874
0.010000 -0.02368  0.00096 -0.00937 -0.02546 -0.03719
0.010000 -0.00841  0.00771  0.00044 -0.01000 -0.02297
0.010000 -0.00567  0.01021 -0.02052 -0.00088  0.01458
0.010000  0.00848  0.01954 -0.00279 -0.01025  0.01286
0.010000  0.00063 -0.00484  0.00803  0.00100 -0.04499
0.010000 -0.02797 -0.01503 -0.04943 -0.01816  0.02412
0.010000  0.01076  0.01262 -0.00488 -0.01103 -0.02466
0.010000 -0.03247 -0.02085 -0.00885 -0.01295 -0.00442
0.010000 -0.03005 -0.02239 -0.01669 -0.02045 -0.02562
0.010000 -0.03720 -0.03566 -0.01718 -0.02312 -0.00059
0.010000 -0.01128 -0.00317 -0.00718 -0.01232 -0.02054
0.010000 -0.00074 -0.00210 -0.01568 -0.00901 -0.02514
0.010000  0.01137  0.01847  0.01217  0.01307 -0.01406
0.010000  0.00794  0.00483  0.02302  0.03969  0.02407
0.010000 -0.05370 -0.01961 -0.00962 -0.02505 -0.00469
0.010000 -0.00888 -0.01481 -0.01894  0.00344 -0.00345
0.010000 -0.00658 -0.01115 -0.01371 -0.02158 -0.01014
0.010000 -0.00209 -0.01239 -0.01874 -0.01308 -0.01311
0.010000  0.00017  0.01119  0.00545 -0.01195 -0.00923
0.010000 -0.01828  0.00281 -0.00159 -0.02281  0.01637
0.010000 -0.03386 -0.03346 -0.01743 -0.01327  0.00840
0.010000  0.00903  0.01305  0.01027  0.00105  0.00800
0.010000  0.02477  0.00999 -0.00170  0.02360 -0.02865
0.010000  0.00741  0.00842 -0.00148  0.01879  0.01300
0.010000 -0.00477 -0.02358  0.00614  0.03052 -0.00558
0.010000 -0.01487 -0.01426  0.00036  0.00423 -0.00131
0.010000 -0.02898 -0.02039 -0.01022 -0.02387 -0.02071
0.010000  0.01474  0.00300  0.00923  0.01918  0.00687
0.010000  0.00689 -0.00381  0.00818  0.02304 -0.01713
0.010000 -0.01227  0.00900  0.00272 -0.02217 -0.02226
0.010000  0.02144  0.02462  0.00372  0.00683  0.01566
0.010000 -0.00164 -0.01167  0.00405  0.00930  0.00349
0.010000 -0.00388  0.00778  0.00093 -0.01257 -0.01521
0.010000 -0.01329  0.00941 -0.00528 -0.00665 -0.01285
0.010000 -0.01278  0.00946  0.00704 -0.01764 -0.00260
0.010000 -0.01541 -0.02632 -0.00551 -0.00508 -0.02578
0.010000 -0.02293  0.00046  0.01016 -0.01240  0.00936
0.010000 -0.02016 -0.02587 -0.00472 -0.00571 -0.04531
0.010000 -0.04199 -0.01935 -0.01675 -0.02579 -0.02274
0.010000  0.01331  0.00312 -0.00176  0.01352 -0.03520
0.010000  0.00537  0.00059  0.00048 -0.00023  0.00911
0.010000 -0.01079 -0.00629  0.00841 -0.00047 -0.00363
0.010000 -0.03541 -0.02284 -0.01311  0.00395  0.00753
0.010000  0.00637  0.01393  0.01675  0.01225  0.01985
0.010000 -0.00119 -0.01267  0.00909  0.02100 -0.03074
0.010000 -0.00522 -0.00920 -0.01012 -0.00800 -0.00705
0.010000 -0.01952 -0.00664 -0.00972 -0.01634 -0.01483
0.010000 -0.00253  0.01080  0.01194  0.00567 -0.00856
0.010000  0.00342  0.01134 -0.00874  0.01205  0.03505
0.010000 -0.02220  0.00047 -0.01300 -0.02623  0.01334
0.010000 -0.00935  0.00492 -0.01559 -0.02080 -0.01855
0.010000  0.02291  0.02883  0.01953  0.02259 -0.00936
0.010000 -0.01889 -0.01294 -0.02018 -0.02273 -0.03902
0.010000  0.01716  0.00995  0.00721  0.00699 -0.02105
0.010000 -0.01031 -0.01063 -0.01033 -0.01338 -0.03328
0.010000 -0.03932 -0.03477 -0.01794 -0.02211  0.01111
0.010000  0.00248 -0.00649  0.00727  0.03482  0.00256
0.010000  0.00390 -0.01420  0.00234 -0.01346 -0.02307
0.010000  0.00487  0.00588 -0.00635 -0.01778 -0.03013
0.010000 -0.00298  0.00551 -0.00550 -0.02255 -0.00737
0.010000 -0.03121 -0.02252 -0.01158 -0.02117 -0.01686
0.010000 -0.01653  0.00312 -0.01650 -0.02551  0.01783
0.010000  0.01264  0.00864  0.01347  0.09930  0.01184
0.010000 -0.01381 -0.00866  0.01029  0.00760 -0.01054
