# Scenario generation method from a paper by Hoyland, Kaut & Wallace
# Code by Michal Kaut (michal.kaut@iot.ntnu.n) & Diego Mathieu

#   prob   var  1   var  2   var  3   var  4   var  5
0.010000  0.00590  0.00878 -0.00018 -0.00075 -0.01902
0.010000 -0.02583 -0.01911 -0.00544 -0.00399  0.01739
0.010000 -0.02499 -0.03274 -0.01224 -0.01592 -0.02743
0.010000  0.01350 -0.01067  0.02351  0.02018 -0.02862
0.010000 -0.01915 -0.01676 -0.01093 -0.01556  0.03907
0.010000  0.00980  0.01301  0.02062  0.01230 -0.00965
0.010000 -0.02120 -0.00461 -0.01888 -0.01182  0.00888
0.010000 -0.00424 -0.01139 -0.00171 -0.00689 -0.01451
0.010000 -0.01201 -0.01822 -0.01072 -0.00880 -0.02846
0.010000  0.00380 -0.01006  0.00200 -0.00174 -0.03847
0.010000  0.00537 -0.00640  0.01789  0.00673 -0.02273
0.010000 -0.02191 -0.02421 -0.00137 -0.00019 -0.00294
0.010000 -0.00726  0.00277 -0.01092 -0.00838 -0.03380
0.010000 -0.03721 -0.01312 -0.02745 -0.04719 -0.01571
0.010000 -0.03060 -0.02008 -0.01618 -0.01038  0.02496
0.010000 -0.00625 -0.00296  0.03702  0.08911  0.02969
0.010000 -0.00985 -0.00924 -0.01374 -0.01220 -0.00891
0.010000  0.00484  0.00143  0.04110  0.02170  0.03859
0.010000  0.00277 -0.01595  0.01565  0.00592  0.00486
0.010000 -0.04710 -0.03344 -0.02721 -0.03622 -0.04123
0.010000 -0.03422 -0.01797 -0.01623 -0.01815 -0.01706
0.010000 -0.00126 -0.00925  0.01549  0.05550 -0.03744
0.010000 -0.03292 -0.03159  0.00579  0.00591  0.03126
0.010000 -0.01602 -0.01624  0.00587  0.01414 -0.01306
0.010000 -0.00574 -0.02034  0.00563 -0.00060  0.01453
0.010000  0.01485  0.00156 -0.00147  0.00420 -0.04349
0.010000 -0.00275 -0.01204 -0.00771 -0.01184 -0.00868
0.010000 -0.01312 -0.01794 -0.00449 -0.00756  0.05275
0.010000 -0.01038 -0.00658 -0.01140 -0.00806 -0.02276
0.010000 -0.02340 -0.01023 -0.01422 -0.00568  0.02775
0.010000  0.02142  0.01535  0.03347  0.01903 -0.00285
0.010000  0.00753  0.00581  0.02239  0.01652  0.00230
0.010000 -0.02955 -0.02518  0.00053  0.00047 -0.00935
0.010000 -0.02418 -0.03151 -0.01860 -0.02016 -0.01169
0.010000  0.01098 -0.00716  0.01272  0.00499 -0.02441
0.010000  0.02491  0.00902  0.01892  0.00517  0.00401
0.010000  0.01865  0.00973  0.01423  0.00838  0.01564
0.010000 -0.01662 -0.00758 -0.02160 -0.02406 -0.03115
0.010000 -0.00325  0.00334 -0.01101 -0.00465 -0.04807
0.010000 -0.02670 -0.02837 -0.01518 -0.01767  0.01398
0.010000 -0.04108 -0.01338 -0.02562 -0.02213 -0.03136
0.010000 -0.03564 -0.02955 -0.02665 -0.03035 -0.04459
0.010000  0.00125 -0.01237 -0.00825 -0.00747 -0.04608
0.010000 -0.05384 -0.03147 -0.02935 -0.05170 -0.03416
0.010000 -0.01256 -0.00419 -0.01508 -0.02049 -0.04241
0.010000  0.01416  0.00246  0.06524  0.03205  0.05817
0.010000 -0.03172 -0.01226 -0.02348 -0.00052 -0.01681
0.010000 -0.02050 -0.01677 -0.02178 -0.00939 -0.02189
0.010000 -0.01425 -0.01801  0.01712  0.01172 -0.00132
0.010000 -0.00777 -0.01152 -0.00977 -0.00238 -0.03462
0.010000  0.02636  0.00782  0.00369  0.05915 -0.04473
0.010000  0.00865  0.00258  0.01958  0.00881 -0.00841
0.010000  0.01038  0.00677  0.03760  0.03222  0.03529
0.010000 -0.01786 -0.01174 -0.01956 -0.01994 -0.04580
0.010000 -0.00829  0.00330 -0.01308 -0.00964 -0.00984
0.010000  0.00922  0.00996  0.00015  0.00621 -0.01375
0.010000  0.00432  0.00515  0.01131  0.00115 -0.01124
0.010000 -0.00026 -0.01576 -0.00100  0.00072 -0.02771
0.010000  0.00329  0.01228 -0.00421  0.00250 -0.01329
0.010000 -0.03900 -0.02893 -0.02001 -0.02290 -0.01689
0.010000  0.01159  0.01434  0.01343  0.00640  0.01453
0.010000 -0.00076 -0.01181 -0.00302 -0.00167 -0.03526
0.010000 -0.02760 -0.01151 -0.01281 -0.00259 -0.01155
0.010000 -0.01542 -0.02173  0.00105 -0.00597  0.00186
0.010000 -0.00881 -0.00073 -0.00304  0.01555 -0.03411
0.010000 -0.01483 -0.01805 -0.00491  0.00038 -0.02197
0.010000 -0.01146  0.00632 -0.00186 -0.00793  0.02172
0.010000  0.02247 -0.00103  0.02114  0.01375  0.01371
0.010000  0.02363 -0.00077  0.06608  0.04181  0.03571
0.010000  0.01783  0.00422  0.01690 -0.00120  0.00957
0.010000  0.00074 -0.00328  0.00399 -0.00226 -0.01165
0.010000  0.01704  0.01469  0.00915 -0.00869 -0.00998
0.010000  0.00809  0.00752  0.04269  0.04791  0.04875
0.010000 -0.00933 -0.01108 -0.01817 -0.02757 -0.00503
0.010000 -0.04364 -0.02753 -0.01180 -0.00570  0.00888
0.010000 -0.02855 -0.02184 -0.02544 -0.03022 -0.02434
0.010000 -0.00675  0.00016 -0.01461 -0.00485 -0.04300
0.010000  0.01555 -0.00875  0.02255  0.00378 -0.01238
0.010000 -0.00524 -0.00209 -0.00324  0.00180  0.03147
0.010000  0.01952  0.01472  0.04404  0.01798  0.02266
0.010000  0.01628  0.01009  0.00995  0.00301  0.01127
0.010000 -0.01982 -0.01611 -0.01436 -0.01581 -0.02141
0.010000  0.00175  0.00093  0.00611  0.01681 -0.00316
0.010000  0.00644  0.00403  0.02496  0.01214  0.01419
0.010000 -0.00375 -0.01873  0.01643  0.00691  0.00850
0.010000 -0.01724 -0.01615 -0.01539 -0.01254 -0.03646
0.010000  0.02773  0.01532  0.03227  0.01450  0.01592
0.010000 -0.00176 -0.00163 -0.00165  0.00070 -0.02767
0.010000  0.00226  0.00567  0.00007 -0.00014 -0.00373
0.010000 -0.00474 -0.00502 -0.00802 -0.01667 -0.00192
0.010000  0.00024 -0.02002 -0.00689 -0.01110 -0.01891
0.010000 -0.01092 -0.00773  0.01023  0.00360  0.00638
0.010000  0.01221 -0.00050  0.00632 -0.00570 -0.03599
0.010000  0.00698 -0.01535  0.00178 -0.00909  0.00057
0.010000 -0.01368  0.00359 -0.01628 -0.01523 -0.01599
0.010000 -0.00225 -0.01341  0.02071  0.00824  0.01818
0.010000 -0.01850 -0.00338  0.01400  0.00865  0.03182
0.010000  0.01285 -0.00562  0.07614  0.02991  0.08555
0.010000  0.02044  0.00897  0.00515  0.00128 -0.02196
0.010000 -0.02265 -0.01217 -0.00618  0.00078 -0.01534
