# Scenario generation method from a paper by Hoyland, Kaut & Wallace
# Code by Michal Kaut (michal.kaut@iot.ntnu.n) & Diego Mathieu

#   prob   var  1   var  2   var  3   var  4   var  5
0.010000  0.02409  0.02409  0.00182 -0.00515  0.02262
0.010000 -0.03167 -0.03416  0.01206 -0.00629 -0.00093
0.010000  0.03276 -0.00154  0.01588  0.00546  0.00135
0.010000  0.00376 -0.01186  0.01587  0.01162  0.00588
0.010000  0.04880  0.03032  0.02215 -0.02097  0.00459
0.010000  0.02189  0.01037  0.01261 -0.01268  0.00609
0.010000 -0.02812 -0.01806 -0.02386 -0.02246  0.00040
0.010000 -0.01602 -0.03009 -0.00291 -0.00884  0.00246
0.010000 -0.02225 -0.00681 -0.00943 -0.00853 -0.00080
0.010000 -0.03329 -0.02995 -0.01335 -0.00940 -0.00572
0.010000 -0.01909 -0.01955 -0.01766 -0.00389 -0.00830
0.010000 -0.01027 -0.02495 -0.00445  0.01195 -0.00520
0.010000  0.00126 -0.01049 -0.00766  0.00357 -0.00757
0.010000 -0.01858 -0.02562  0.00006 -0.01208 -0.00634
0.010000 -0.04086 -0.03529 -0.01152 -0.00399 -0.00196
0.010000  0.01990 -0.01102  0.01987  0.00203  0.00672
0.010000 -0.04609 -0.03166 -0.01531  0.00465 -0.01057
0.010000  0.08869  0.05167  0.05529 -0.00566  0.02528
0.010000  0.01350  0.02220  0.00804 -0.01272  0.00624
0.010000  0.01810  0.00475  0.00242 -0.00537  0.00730
0.010000 -0.01241  0.01256 -0.03960  0.02797 -0.01857
0.010000 -0.02564 -0.02480  0.00841 -0.00797 -0.00022
0.010000 -0.01704 -0.00739  0.00583 -0.01062  0.00286
0.010000  0.00756 -0.00624 -0.00314 -0.00464  0.00064
0.010000  0.01492  0.01060  0.00138  0.00655  0.00582
0.010000 -0.02748 -0.01298  0.01263 -0.00662  0.00497
0.010000  0.00558 -0.00845  0.00049  0.00157  0.03063
0.010000 -0.01345 -0.01044 -0.02241 -0.00326 -0.01251
0.010000 -0.02118  0.01451  0.00293 -0.00087 -0.01210
0.010000 -0.02013  0.00864 -0.01469 -0.01596 -0.00814
0.010000 -0.00375 -0.02503  0.01170 -0.00761  0.01120
0.010000 -0.05149 -0.03261 -0.00989  0.00461 -0.01331
0.010000  0.01092 -0.00883  0.01713  0.00442 -0.00197
0.010000  0.00974 -0.00647  0.00198  0.00357  0.00797
0.010000 -0.01082 -0.02792  0.00433 -0.00888  0.00164
0.010000 -0.01551 -0.02701 -0.03590 -0.00207 -0.01323
0.010000  0.02657 -0.00034  0.01618 -0.00794  0.00061
0.010000 -0.02947 -0.01040  0.02111 -0.01302  0.00014
0.010000 -0.03950 -0.03345 -0.00699 -0.00995 -0.00295
0.010000 -0.01500 -0.00206 -0.02530 -0.01681 -0.00751
0.010000 -0.02685  0.01805 -0.02422 -0.00793 -0.00469
0.010000 -0.00917 -0.00393 -0.00741 -0.01747 -0.00065
0.010000  0.02942  0.01548  0.01258 -0.00246  0.00792
0.010000 -0.05554 -0.03445 -0.02410 -0.01802 -0.01019
0.010000 -0.01397 -0.02585 -0.00487 -0.00549  0.00020
0.010000 -0.04409 -0.03356 -0.00869 -0.00757 -0.00438
0.010000 -0.00745  0.00782  0.00160 -0.01915 -0.00136
0.010000 -0.00626 -0.02599  0.00143  0.00520 -0.00580
0.010000  0.05962  0.03142  0.03108  0.01736  0.01423
0.010000 -0.01189  0.00540 -0.00167 -0.01408 -0.00463
0.010000 -0.01806 -0.01171 -0.01473 -0.00093 -0.00898
0.010000  0.03679  0.00851  0.01492 -0.00498  0.00421
0.010000  0.00049 -0.00560  0.00919  0.01205  0.01928
0.010000  0.00290 -0.01345  0.00264 -0.00355 -0.00173
0.010000 -0.04849 -0.03588 -0.03350 -0.00994  0.01100
0.010000 -0.04237 -0.02709  0.00458  0.00919 -0.00956
0.010000 -0.00171 -0.00504 -0.00401  0.00321 -0.01247
0.010000 -0.00803 -0.01807  0.00565 -0.01062 -0.00323
0.010000  0.00207  0.00557  0.00290 -0.00707 -0.01199
0.010000 -0.01135 -0.02283 -0.00886  0.00515 -0.00314
0.010000 -0.01653 -0.02529 -0.00187 -0.00272 -0.00422
0.010000 -0.03607 -0.03381 -0.02277  0.00008 -0.00136
0.010000 -0.01448 -0.02778  0.00105 -0.00733  0.00599
0.010000  0.01217  0.01004 -0.00759 -0.01630 -0.00733
0.010000 -0.02879 -0.03031 -0.00869 -0.00383 -0.00927
0.010000 -0.02391 -0.02144 -0.01041 -0.01393 -0.00427
0.010000 -0.00686  0.01198  0.00393 -0.01897  0.01292
0.010000 -0.03017 -0.03393 -0.00155 -0.00792  0.01023
0.010000 -0.02171 -0.01664 -0.01793 -0.00192  0.00778
0.010000  0.01645  0.00260  0.01176  0.01222  0.01545
0.010000 -0.00241  0.01693 -0.00997 -0.00752 -0.00346
0.010000 -0.03712 -0.02862 -0.02466 -0.01511 -0.00783
0.010000  0.00863  0.00777  0.01288 -0.00318  0.00064
0.010000 -0.00565 -0.02452 -0.01617  0.01044  0.00785
0.010000 -0.00440  0.00392  0.00017 -0.01602  0.00928
0.010000  0.00655  0.02520  0.00918 -0.00223 -0.00223
0.010000 -0.02624 -0.03067 -0.01271 -0.01312  0.00789
0.010000 -0.03826 -0.03508 -0.00452 -0.00325 -0.00168
0.010000  0.00465 -0.01756  0.00570 -0.00508 -0.00350
0.010000 -0.03246 -0.02462 -0.01509 -0.00182  0.00291
0.010000 -0.00972 -0.02296 -0.00704  0.01021  0.04000
0.010000 -0.00860  0.00926 -0.00102 -0.00832 -0.00229
0.010000 -0.01755 -0.02311 -0.01757 -0.00176 -0.00398
0.010000 -0.00027 -0.02219  0.01544  0.02490 -0.00044
0.010000 -0.02448  0.00799 -0.02000 -0.02998 -0.01100
0.010000 -0.06185 -0.03513 -0.02935 -0.01458 -0.01019
0.010000 -0.02280 -0.01285  0.00220 -0.00453 -0.00680
0.010000 -0.03509 -0.02992 -0.00964  0.00607 -0.01228
0.010000 -0.01294 -0.02730 -0.00944 -0.01001 -0.00021
0.010000 -0.02065 -0.00941  0.00330 -0.00913 -0.00194
0.010000 -0.01961 -0.02115 -0.00931 -0.00198 -0.01011
0.010000 -0.02505 -0.02989 -0.00944 -0.01178 -0.00642
0.010000 -0.02335 -0.02385 -0.00567 -0.01450  0.00203
0.010000 -0.00100 -0.00306 -0.00702  0.00484  0.00435
0.010000  0.04188  0.01060  0.00502  0.00202  0.00801
0.010000 -0.00309 -0.01249  0.01711  0.01290  0.00927
0.010000 -0.03416 -0.01689 -0.01597 -0.00782 -0.00858
0.010000 -0.03090 -0.03309 -0.02179  0.00576 -0.01290
0.010000 -0.07888 -0.03376 -0.02415 -0.00997 -0.01341
0.010000 -0.00503 -0.01647  0.00173 -0.00883 -0.00140
