# Scenario generation method from a paper by Hoyland, Kaut & Wallace
# Code by Michal Kaut (michal.kaut@iot.ntnu.n) & Diego Mathieu

#   prob   var  1   var  2   var  3   var  4   var  5
0.010000 -0.01811  0.01359 -0.01085  0.02133  0.00841
0.010000 -0.01674 -0.02553 -0.00482  0.00663  0.00425
0.010000  0.03285  0.00806  0.00725  0.00799  0.00089
0.010000 -0.01216 -0.00874  0.00015  0.00859  0.01804
0.010000 -0.00239  0.00471 -0.01228 -0.02310  0.00403
0.010000 -0.01153 -0.01489  0.01158 -0.01284  0.01798
0.010000  0.02169 -0.00052  0.00479 -0.02155  0.00734
0.010000  0.00487  0.00027 -0.00843  0.01017 -0.01575
0.010000  0.01924  0.00958 -0.00346 -0.00977  0.01892
0.010000 -0.03184 -0.02595 -0.01745  0.00624 -0.03049
0.010000  0.01196  0.00904 -0.00685 -0.00569 -0.01063
0.010000  0.04545  0.02637  0.01296  0.01434  0.00230
0.010000  0.00674  0.02481  0.01267  0.00793 -0.00220
0.010000 -0.03232 -0.01261 -0.00329  0.00497 -0.03567
0.010000 -0.00119 -0.01695  0.00779  0.01369  0.03847
0.010000  0.02931  0.01687  0.00699 -0.01293  0.02155
0.010000  0.01062  0.00832 -0.00650 -0.00669 -0.02064
0.010000  0.04873  0.03707  0.02756 -0.00734  0.00235
0.010000 -0.01606 -0.02396 -0.01551  0.00521  0.01056
0.010000  0.02086  0.03771  0.02484  0.02069  0.00175
0.010000  0.03417  0.00908  0.02515 -0.00539  0.02118
0.010000 -0.02568 -0.02515 -0.01615  0.02180 -0.00996
0.010000 -0.00843  0.00567 -0.00387 -0.00372  0.00955
0.010000 -0.01344 -0.00222 -0.01435 -0.00247 -0.01342
0.010000  0.01694  0.00320  0.00418  0.00169  0.02199
0.010000  0.00737  0.00299 -0.00863  0.01526 -0.02481
0.010000 -0.01280 -0.01499 -0.00614  0.00423  0.01032
0.010000  0.00121 -0.00923  0.01548  0.00769 -0.01687
0.010000 -0.01742 -0.02613 -0.00417  0.00489  0.03077
0.010000  0.01404  0.00281 -0.00436 -0.02918  0.05526
0.010000  0.00996  0.01935  0.04790  0.00666  0.04955
0.010000 -0.02920 -0.01911 -0.01466  0.00966 -0.01722
0.010000  0.01620  0.03538 -0.00306  0.02325 -0.00630
0.010000 -0.00904  0.00461  0.02063  0.02596  0.00334
0.010000  0.01846  0.03393 -0.00341  0.01722  0.01086
0.010000  0.02004  0.02565 -0.00209  0.00828 -0.00834
0.010000  0.04286  0.02339  0.04947 -0.00016  0.01740
0.010000  0.00549 -0.00315  0.03814  0.01209  0.02213
0.010000 -0.01409 -0.00902 -0.01639  0.00431 -0.02087
0.010000  0.00363  0.02984  0.00964  0.00299 -0.00839
0.010000  0.02824  0.02662  0.04061  0.00638  0.00789
0.010000 -0.02024 -0.02686 -0.01631  0.00213  0.00201
0.010000  0.00061  0.02208  0.01095  0.02072 -0.00585
0.010000  0.02255  0.01965  0.00379  0.01726 -0.03403
0.010000  0.02433  0.00689  0.00223 -0.00169 -0.01031
0.010000 -0.02404 -0.00063 -0.01734  0.01061 -0.00199
0.010000  0.00866  0.02964 -0.00663  0.01869 -0.00402
0.010000  0.03713  0.03406  0.00772  0.00316  0.01273
0.010000  0.04069  0.03724  0.01157  0.01842 -0.01695
0.010000 -0.02097  0.00651 -0.01666  0.01146 -0.00347
0.010000 -0.03011 -0.00800 -0.00422 -0.02778 -0.00924
0.010000 -0.02248 -0.01821 -0.01197  0.02564  0.00034
0.010000 -0.02829 -0.01216 -0.01243  0.01648 -0.01045
0.010000  0.02343  0.03452  0.04313  0.00480  0.00765
0.010000 -0.00599  0.02330  0.00835  0.03152  0.02331
0.010000  0.01769  0.01023  0.01047 -0.03405  0.02440
0.010000  0.01334  0.01811 -0.00198 -0.00115  0.00686
0.010000 -0.01952 -0.00108 -0.01015  0.00924  0.01118
0.010000  0.02721  0.02815  0.03579  0.00267 -0.03520
0.010000  0.01475 -0.00527 -0.00020  0.00351  0.00686
0.010000  0.00302  0.01436  0.03171  0.03037  0.03301
0.010000  0.02621  0.00598 -0.00086  0.00224 -0.02435
0.010000  0.03559  0.04010  0.01855  0.00578  0.04362
0.010000  0.03161  0.03645  0.00212  0.00817 -0.02303
0.010000 -0.00299 -0.01719  0.01853  0.00544  0.03081
0.010000 -0.02485  0.00237  0.03561  0.02949  0.05864
0.010000  0.03881  0.03884  0.02635  0.03009  0.02982
0.010000 -0.00479  0.02248 -0.00946  0.02275 -0.01319
0.010000 -0.01540 -0.01935  0.02244 -0.00691  0.02015
0.010000  0.01265  0.01933  0.00385  0.02149  0.02042
0.010000 -0.01028 -0.02192 -0.01485 -0.03695 -0.00341
0.010000 -0.00059  0.01836 -0.00894 -0.00191  0.01845
0.010000 -0.00782 -0.00105 -0.01371 -0.01040 -0.02017
0.010000 -0.00419  0.01639 -0.01270 -0.02202 -0.01174
0.010000 -0.03102 -0.01793 -0.01089  0.02553 -0.00466
0.010000  0.00425  0.02974  0.01925  0.03407  0.06488
0.010000 -0.00539 -0.00668 -0.01322 -0.00380  0.01446
0.010000 -0.01090 -0.01485 -0.00189  0.01003  0.01035
0.010000 -0.02325 -0.00581 -0.00610  0.01297 -0.00052
0.010000 -0.01881 -0.02398  0.00431  0.01274 -0.03126
0.010000 -0.02995 -0.02664 -0.01888 -0.00378 -0.03480
0.010000  0.00242 -0.01235 -0.00976 -0.02857  0.00004
0.010000 -0.02653 -0.01332 -0.01430 -0.00986 -0.01312
0.010000  0.00611  0.02088 -0.00804  0.02033 -0.03469
0.010000  0.03043  0.02384  0.04246  0.00696  0.05466
0.010000 -0.00966 -0.01846  0.03902  0.00736 -0.00544
0.010000 -0.00359  0.00129  0.02227  0.02251  0.00516
0.010000 -0.00179  0.00055 -0.00618  0.02941 -0.00989
0.010000 -0.00660  0.01097 -0.00709 -0.00123  0.03181
0.010000  0.01547  0.00924  0.00156 -0.00919 -0.01183
0.010000 -0.00721 -0.00281 -0.00570  0.00939 -0.02803
0.010000 -0.01474 -0.01161 -0.01636  0.01511 -0.00133
0.010000 -0.02172 -0.00873 -0.00809  0.01248  0.02333
0.010000  0.02526  0.03982 -0.00129  0.01727 -0.00195
0.010000  0.00181  0.02414  0.00108  0.02730 -0.01814
0.010000  0.01129  0.02090  0.00365  0.02686  0.08668
0.010000  0.00801  0.02385  0.01122  0.00761 -0.00531
0.010000  0.00001  0.02541  0.00477  0.03528  0.00672
0.010000 -0.02740 -0.01992  0.00186  0.01930  0.03048
0.010000  0.00930  0.00520  0.04377  0.01130  0.00486
