# Scenario generation method from a paper by Hoyland, Kaut & Wallace
# Code by Michal Kaut (michal.kaut@iot.ntnu.n) & Diego Mathieu

#   prob   var  1   var  2   var  3   var  4   var  5
0.010000 -0.02482 -0.05093 -0.04952 -0.02843 -0.03299
0.010000  0.04393  0.04050  0.03307  0.03957  0.00311
0.010000 -0.02108 -0.03662 -0.00744 -0.02748 -0.01215
0.010000  0.02824  0.02850  0.02233  0.04401 -0.00505
0.010000 -0.01967 -0.01366  0.02799 -0.01185 -0.00269
0.010000  0.01670 -0.00201 -0.00190  0.00481 -0.02940
0.010000  0.03818  0.01103  0.02759  0.03647  0.00945
0.010000 -0.05026  0.00152  0.00544 -0.02720 -0.02397
0.010000  0.01466  0.01798 -0.01611 -0.00347 -0.00951
0.010000 -0.05475 -0.02273  0.03066 -0.00575 -0.02588
0.010000 -0.02329 -0.01089 -0.01723 -0.01385 -0.00585
0.010000 -0.03089  0.01008  0.02723 -0.00189 -0.04347
0.010000 -0.02643 -0.03302  0.00498 -0.02806 -0.01126
0.010000 -0.01627  0.01205  0.02873  0.00417  0.04080
0.010000 -0.01761  0.00547  0.00987 -0.00219  0.00973
0.010000  0.01777 -0.00315  0.01651  0.00913 -0.01464
0.010000 -0.04080 -0.04846 -0.01940 -0.04979 -0.03807
0.010000  0.01007 -0.00497 -0.01130 -0.01542 -0.00025
0.010000 -0.03921 -0.03068 -0.01281 -0.03475 -0.01283
0.010000  0.04085  0.02209  0.01552  0.01098  0.00185
0.010000 -0.00461 -0.01116 -0.03417 -0.01690 -0.00519
0.010000 -0.02254 -0.02161 -0.00452 -0.00007 -0.01483
0.010000 -0.00977 -0.03163 -0.01257 -0.01760 -0.03019
0.010000 -0.00195 -0.01816 -0.02997 -0.01903 -0.01536
0.010000 -0.03776 -0.03787 -0.00769 -0.02846 -0.02227
0.010000 -0.01106 -0.02352 -0.01936 -0.00631  0.00243
0.010000 -0.00656 -0.01277 -0.01150 -0.01808 -0.02154
0.010000 -0.01234  0.00222 -0.00923 -0.02106 -0.03573
0.010000  0.00223 -0.00271  0.00125  0.02975 -0.00422
0.010000  0.02123  0.01583 -0.00764  0.01919 -0.00673
0.010000 -0.01299  0.05371  0.03804  0.00924 -0.00496
0.010000 -0.01364 -0.03324 -0.02406 -0.01733 -0.02786
0.010000  0.00597  0.00175 -0.00624  0.01426 -0.01661
0.010000  0.00080 -0.03453  0.02148  0.02427 -0.00418
0.010000 -0.00059 -0.02312 -0.01876 -0.00976 -0.00974
0.010000 -0.03519 -0.01727  0.00391 -0.01815 -0.00965
0.010000  0.01566 -0.01113  0.00545  0.02292 -0.02053
0.010000 -0.04712 -0.02163 -0.02537 -0.04047 -0.00141
0.010000 -0.03643 -0.02494 -0.00915 -0.02757 -0.03186
0.010000 -0.01170 -0.02731 -0.01407 -0.02061 -0.00395
0.010000  0.01275  0.03171  0.01976  0.01783  0.00406
0.010000 -0.00849 -0.01020 -0.01315 -0.01549 -0.04449
0.010000  0.02003  0.00983  0.01232  0.03950 -0.00865
0.010000 -0.01693 -0.00151 -0.00871 -0.00390 -0.03626
0.010000 -0.01829 -0.02110 -0.00807 -0.00076 -0.02496
0.010000 -0.00263  0.01438 -0.02267 -0.01265  0.00201
0.010000 -0.02994 -0.00222  0.01793 -0.00846 -0.01606
0.010000 -0.04466 -0.00600  0.01428 -0.02149 -0.02755
0.010000 -0.01560  0.02553  0.01605  0.02108 -0.03215
0.010000 -0.00720 -0.00193 -0.03277 -0.01041 -0.03802
0.010000  0.02520  0.02616  0.00820  0.02667  0.03302
0.010000 -0.06511 -0.04333  0.01008 -0.04392 -0.01782
0.010000 -0.02813 -0.01530  0.02400 -0.02995 -0.01667
0.010000  0.03581  0.01863 -0.02191  0.00553 -0.00932
0.010000  0.08862  0.06200  0.05447  0.07574  0.02643
0.010000 -0.03403 -0.03564  0.00285 -0.02744 -0.00923
0.010000  0.06673  0.03693  0.00533  0.08306 -0.00050
0.010000  0.00756  0.02598  0.03662 -0.00658 -0.01574
0.010000  0.03171  0.05708  0.02550  0.03083  0.01432
0.010000 -0.03189 -0.01254  0.01161  0.00554 -0.01812
0.010000  0.00151  0.00253  0.02291  0.01967  0.01603
0.010000  0.00010 -0.02015 -0.02883 -0.00165 -0.00355
0.010000 -0.03293 -0.01533 -0.00657  0.01213 -0.02204
0.010000  0.02991  0.01032  0.00321  0.02170 -0.00361
0.010000  0.00444 -0.02625 -0.01379 -0.00577 -0.00943
0.010000 -0.00913  0.01845 -0.01077 -0.01605 -0.02661
0.010000 -0.02902 -0.02229  0.03414 -0.00777 -0.02593
0.010000 -0.00127  0.00414  0.04554  0.00550  0.01763
0.010000  0.01369  0.01934 -0.01112  0.00638 -0.00205
0.010000 -0.04260 -0.03613 -0.05029 -0.05848 -0.06222
0.010000 -0.02405 -0.03462 -0.01866 -0.01572 -0.01445
0.010000  0.02249  0.00668 -0.00640 -0.00417 -0.02027
0.010000  0.01888  0.01549 -0.01955 -0.01482  0.01466
0.010000  0.00520 -0.02258  0.00267 -0.00747 -0.02921
0.010000  0.05791  0.08397  0.01201  0.03384 -0.01571
0.010000 -0.02180 -0.02023 -0.01998 -0.02447  0.00156
0.010000 -0.00329  0.00502 -0.00988  0.00675 -0.01207
0.010000  0.05203 -0.00828  0.01087  0.01412  0.01785
0.010000  0.00838 -0.02188 -0.00815 -0.01720 -0.01170
0.010000 -0.00526  0.00446  0.02678  0.01147 -0.01920
0.010000  0.01183 -0.00232  0.00427  0.03264  0.00435
0.010000  0.00676 -0.01160  0.00701  0.01055 -0.02161
0.010000  0.02381  0.00361  0.01538  0.03023 -0.00341
0.010000 -0.01897  0.00036 -0.02440 -0.01519 -0.02250
0.010000  0.04756  0.02228  0.05748  0.04518  0.01891
0.010000 -0.00785  0.00413  0.02036  0.01555 -0.05075
0.010000 -0.01042 -0.02084  0.02215 -0.00823  0.00400
0.010000 -0.01494 -0.02743 -0.00548 -0.01154 -0.01928
0.010000 -0.00591 -0.00663 -0.01814  0.01001 -0.00417
0.010000 -0.01429 -0.01122 -0.00682 -0.02174 -0.02913
0.010000  0.01094 -0.00665 -0.02068 -0.01255 -0.01022
0.010000 -0.02562  0.01726  0.01427 -0.00136 -0.02419
0.010000  0.00296 -0.00544 -0.00281  0.00672 -0.00821
0.010000 -0.02727 -0.01283  0.00713 -0.00364 -0.01670
0.010000  0.02668  0.00098  0.02898  0.02813  0.01511
0.010000 -0.02037 -0.01712 -0.02168 -0.02124 -0.03276
0.010000 -0.00395 -0.01380 -0.02465 -0.01226 -0.02719
0.010000  0.03367  0.01866  0.01403  0.03062  0.00196
0.010000  0.00369  0.02154  0.01565  0.00890  0.01139
0.010000  0.00921  0.02245  0.03220  0.02462 -0.02564
