# Scenario generation method from a paper by Hoyland, Kaut & Wallace
# Code by Michal Kaut (michal.kaut@iot.ntnu.n) & Diego Mathieu

#   prob   var  1   var  2   var  3   var  4   var  5
0.010000  0.00437 -0.00612 -0.00974  0.00623  0.02936
0.010000 -0.03775  0.07925 -0.00137  0.02696 -0.00091
0.010000  0.03556  0.05428  0.02556  0.00172  0.04086
0.010000 -0.01889 -0.00052 -0.00119  0.00748  0.02713
0.010000 -0.06059 -0.00553 -0.01834 -0.01626 -0.04168
0.010000  0.02092 -0.01181  0.03574  0.01583  0.00918
0.010000 -0.04586 -0.03467 -0.02569 -0.01720 -0.06113
0.010000  0.03948  0.06302  0.02004  0.05755  0.04126
0.010000 -0.00185  0.00361  0.00149 -0.00890 -0.04564
0.010000  0.02749  0.04664  0.02391  0.05535  0.05602
0.010000 -0.01372 -0.02843 -0.02021 -0.01355 -0.01014
0.010000  0.01972  0.03566  0.01113  0.00130  0.01023
0.010000  0.00166 -0.01949 -0.00791  0.02190  0.05726
0.010000 -0.05519 -0.05225 -0.03328 -0.01793 -0.06272
0.010000 -0.02066  0.00455 -0.00119 -0.00857 -0.05834
0.010000 -0.07842 -0.08861 -0.03747 -0.01848 -0.06520
0.010000 -0.04746 -0.05193 -0.03102  0.05810  0.00092
0.010000  0.02342 -0.00646 -0.00717 -0.00812 -0.02944
0.010000  0.00255 -0.01419 -0.01306 -0.00606  0.02109
0.010000 -0.01629  0.01097  0.00634 -0.00877 -0.02643
0.010000  0.02473  0.01085  0.02008  0.00292  0.04899
0.010000 -0.02245 -0.02507 -0.01651 -0.01224  0.00979
0.010000 -0.03898 -0.04302 -0.02495 -0.01657 -0.01464
0.010000 -0.00781  0.01081  0.00728 -0.00394 -0.03132
0.010000 -0.01977 -0.00235 -0.00671 -0.01359 -0.04535
0.010000 -0.01033 -0.01970 -0.01607 -0.01243 -0.04955
0.010000 -0.05099 -0.05390 -0.02147  0.00051 -0.02476
0.010000 -0.06414 -0.07243 -0.02806 -0.01714 -0.04910
0.010000 -0.01715 -0.01282 -0.01064  0.00075 -0.02275
0.010000  0.01414  0.03530  0.02441  0.04878  0.02850
0.010000  0.06248 -0.00093  0.01529  0.02994  0.05445
0.010000 -0.03321 -0.04164 -0.02463 -0.01633 -0.05242
0.010000 -0.03215 -0.04010 -0.02326 -0.01244  0.00381
0.010000  0.04168  0.06617  0.04933  0.00728  0.03519
0.010000 -0.00011 -0.02107 -0.00571  0.03329  0.06106
0.010000 -0.03111 -0.01518 -0.01463 -0.00849 -0.03950
0.010000 -0.00271  0.01312  0.00111  0.00429  0.02078
0.010000  0.06990  0.04908  0.05759  0.02342  0.01297
0.010000 -0.04292 -0.04855 -0.02926 -0.01695 -0.06890
0.010000 -0.00527  0.00768  0.00353  0.03038  0.03331
0.010000  0.04407  0.06030  0.01960  0.00174 -0.00966
0.010000  0.05726  0.08379  0.05783  0.01163  0.05843
0.010000  0.03745  0.01702 -0.00146  0.03033  0.05469
0.010000  0.00908  0.00683 -0.00328 -0.00898 -0.00512
0.010000  0.01105  0.01749 -0.00155 -0.00841  0.01830
0.010000 -0.01802  0.00628  0.00008  0.02810 -0.00879
0.010000 -0.02809 -0.03976 -0.02288 -0.01312  0.02494
0.010000 -0.04435 -0.04508 -0.02561 -0.01651  0.00289
0.010000 -0.01543  0.01046  0.00102 -0.01003  0.02143
0.010000  0.02609  0.01937  0.00433 -0.00635  0.01201
0.010000  0.01855  0.01902  0.00285 -0.00753 -0.04487
0.010000  0.01207  0.00571  0.00032  0.00057  0.03219
0.010000  0.00077  0.01677  0.00403 -0.00745 -0.02665
0.010000 -0.03542 -0.04208 -0.02523 -0.01647 -0.03507
0.010000 -0.02155 -0.02227 -0.01750 -0.00307 -0.00001
0.010000  0.01741  0.00186  0.00580  0.00940  0.02205
0.010000 -0.05769 -0.01315  0.01092  0.01467 -0.01425
0.010000 -0.00865 -0.00653 -0.00337  0.00326 -0.03593
0.010000 -0.04155 -0.02997 -0.02501 -0.01360 -0.06423
0.010000  0.05315  0.08471  0.03695  0.00544  0.02051
0.010000 -0.01287 -0.00706  0.00370  0.01959  0.01105
0.010000  0.01006  0.00380  0.03224  0.00589  0.01491
0.010000  0.03049 -0.00158  0.01454  0.00073  0.02865
0.010000 -0.00098  0.01604  0.01330  0.00069 -0.03538
0.010000 -0.00357  0.01966  0.01377  0.00658  0.03074
0.010000 -0.04916 -0.05722 -0.02876  0.00754 -0.04142
0.010000  0.01630 -0.03954 -0.00734  0.00179  0.01798
0.010000 -0.00696 -0.01675 -0.01068  0.01831  0.00142
0.010000 -0.00442 -0.01608 -0.00892  0.00806 -0.00990
0.010000  0.01521 -0.01068 -0.01220 -0.01053  0.03819
0.010000  0.04672  0.00564  0.02607  0.02015  0.06333
0.010000 -0.04024 -0.01885 -0.01512 -0.00842 -0.01824
0.010000 -0.02522 -0.03755 -0.02327 -0.01167 -0.05736
0.010000  0.02215  0.03451  0.01962  0.06260  0.04860
0.010000  0.00622 -0.01289 -0.01155  0.01011 -0.01666
0.010000 -0.01118  0.00880  0.00976 -0.00562 -0.04200
0.010000  0.02896  0.05070  0.02012  0.00327 -0.00064
0.010000 -0.06893 -0.02106 -0.01932 -0.00445 -0.04880
0.010000 -0.02908 -0.03670 -0.02642 -0.01706 -0.04623
0.010000  0.08640  0.01312  0.09079  0.04681  0.07766
0.010000 -0.02429 -0.03376 -0.01689 -0.01300 -0.02483
0.010000  0.00529 -0.01540 -0.00399 -0.00699  0.02681
0.010000 -0.05299 -0.00338 -0.00911 -0.00644 -0.05540
0.010000  0.03209  0.01644  0.00406  0.00669  0.03302
0.010000  0.00345  0.01448  0.00039 -0.01000 -0.00330
0.010000 -0.03008 -0.04112 -0.02737 -0.01702  0.00728
0.010000 -0.01457  0.00078 -0.01048 -0.01485 -0.03045
0.010000 -0.02616 -0.02827 -0.02203 -0.01362  0.00184
0.010000  0.01309  0.00899  0.02080  0.01759  0.06043
0.010000 -0.03657 -0.04567 -0.02658 -0.01690 -0.06524
0.010000  0.04970  0.00599  0.04154  0.08624  0.07694
0.010000 -0.02337 -0.03161 -0.02204 -0.01472 -0.06658
0.010000 -0.03431 -0.03588 -0.02936 -0.01763 -0.04167
0.010000 -0.02712 -0.03879 -0.02358 -0.01616 -0.01177
0.010000 -0.00612 -0.00017 -0.00984 -0.01199 -0.06427
0.010000 -0.00949 -0.02154 -0.01082 -0.00063  0.00429
0.010000  0.00811  0.02237  0.00601 -0.00742 -0.04485
0.010000 -0.01202  0.00054  0.00818  0.00376  0.01587
0.010000  0.00716  0.00499  0.00394 -0.00669 -0.05189
0.010000  0.03377  0.05516  0.01808 -0.00323 -0.02227
