# Scenario generation method from a paper by Hoyland, Kaut & Wallace
# Code by Michal Kaut (michal.kaut@iot.ntnu.n) & Diego Mathieu

#   prob   var  1   var  2   var  3   var  4   var  5
0.010000 -0.00590 -0.02578  0.00021 -0.01823 -0.00042
0.010000 -0.02365 -0.00636  0.00625  0.00442 -0.00674
0.010000  0.01056 -0.00019 -0.00426  0.00572  0.00753
0.010000  0.01952 -0.01606  0.00255 -0.01471  0.00366
0.010000  0.04829  0.02152  0.01529 -0.00838  0.00732
0.010000 -0.00743 -0.00290 -0.01011 -0.01103 -0.00056
0.010000 -0.00352  0.01152  0.00625 -0.00490  0.00958
0.010000 -0.01466 -0.01922  0.00413 -0.00242  0.00528
0.010000  0.00632 -0.01319 -0.01043 -0.01389 -0.00129
0.010000 -0.05725 -0.03796  0.00156 -0.00299 -0.00975
0.010000  0.00158 -0.02251 -0.00420 -0.00815 -0.00173
0.010000 -0.00188 -0.00568  0.01069 -0.00399 -0.00180
0.010000 -0.02575 -0.01763 -0.00451 -0.00547 -0.00286
0.010000  0.00733 -0.00702 -0.00303  0.01326 -0.00149
0.010000 -0.04436 -0.03629 -0.02988 -0.02729 -0.00659
0.010000 -0.02861  0.01797  0.00746 -0.00572 -0.00664
0.010000 -0.01396  0.03485 -0.00211 -0.01028 -0.00355
0.010000 -0.03730  0.02075  0.00251 -0.03043  0.00610
0.010000  0.01288  0.02530  0.00405 -0.00826  0.00876
0.010000  0.02432  0.03878 -0.00546 -0.00881  0.00240
0.010000 -0.01039 -0.00994  0.00256  0.00203 -0.00520
0.010000 -0.02088  0.04061 -0.00029 -0.02016 -0.00594
0.010000 -0.04107 -0.01326 -0.04577 -0.00350 -0.00389
0.010000  0.03236 -0.00386  0.01850  0.00607  0.00820
0.010000 -0.00104  0.03838  0.00920 -0.00605  0.00926
0.010000 -0.04840 -0.00845  0.00886 -0.00023 -0.00869
0.010000 -0.05004 -0.03828 -0.02049 -0.00211 -0.00883
0.010000  0.03011  0.02709  0.02772  0.00201  0.00393
0.010000 -0.00966  0.00196 -0.00102  0.00718 -0.00478
0.010000 -0.02226 -0.03455 -0.00312 -0.00789  0.00527
0.010000 -0.00432  0.04571  0.00783  0.01304 -0.00031
0.010000 -0.01255 -0.01485  0.00099 -0.00053 -0.00542
0.010000 -0.02434 -0.00798 -0.01973 -0.00487 -0.00391
0.010000 -0.04211 -0.03774 -0.02567  0.00099 -0.00801
0.010000 -0.03314 -0.03662 -0.00725 -0.00280 -0.00438
0.010000 -0.03394 -0.03567 -0.03249  0.00022  0.01369
0.010000 -0.01881 -0.02951 -0.00281  0.00841 -0.00573
0.010000 -0.02504  0.01732  0.00032 -0.00049 -0.00661
0.010000  0.03482 -0.00576 -0.00095  0.01587  0.00819
0.010000 -0.01950  0.00951 -0.00325 -0.00669 -0.00471
0.010000  0.01808 -0.01341 -0.00692 -0.00411  0.00143
0.010000  0.07009  0.03518  0.00021 -0.00510  0.01800
0.010000  0.00436  0.04827  0.00748  0.00367  0.00063
0.010000 -0.03558 -0.03240 -0.01913  0.00130 -0.00188
0.010000 -0.03083 -0.02000 -0.02441  0.00325 -0.00682
0.010000 -0.00512  0.00320 -0.00409  0.01452 -0.00372
0.010000 -0.00818 -0.02888  0.00125 -0.01408 -0.00074
0.010000 -0.03912 -0.03571 -0.00576 -0.01733 -0.00749
0.010000 -0.04560  0.00310 -0.01288 -0.00651 -0.00824
0.010000  0.01170 -0.02119  0.01367 -0.00748  0.02187
0.010000  0.00532 -0.02501  0.01282  0.00370  0.03189
0.010000 -0.01184 -0.02444 -0.00989 -0.00717  0.00162
0.010000 -0.01813  0.01637  0.00072  0.00709 -0.00094
0.010000 -0.03475  0.00499 -0.00620 -0.01172 -0.00757
0.010000  0.02104  0.00405  0.00956 -0.00805  0.00046
0.010000 -0.01744 -0.02517  0.00504 -0.01248 -0.00603
0.010000  0.00249 -0.01761 -0.01644  0.00982 -0.00105
0.010000 -0.02157  0.03858  0.00563 -0.00079 -0.00109
0.010000 -0.02019 -0.03043 -0.00172 -0.01084  0.00668
0.010000 -0.01605  0.03676  0.00465  0.00903  0.00378
0.010000 -0.04321 -0.03794 -0.04133 -0.00170 -0.00744
0.010000 -0.01325 -0.03029 -0.01635  0.00823 -0.00483
0.010000 -0.01536  0.01136  0.00027 -0.01484 -0.00506
0.010000 -0.05421 -0.03476 -0.01482  0.00489 -0.00924
0.010000 -0.06321 -0.03852 -0.02856 -0.00503 -0.00855
0.010000  0.01411  0.03087  0.02593 -0.00118  0.00019
0.010000 -0.04694 -0.01580  0.01009 -0.01161 -0.00523
0.010000  0.03754  0.04970  0.02568  0.01253  0.03042
0.010000 -0.02717 -0.03562  0.02033  0.00785 -0.00826
0.010000 -0.02934 -0.02674 -0.00028 -0.01913  0.02190
0.010000  0.00838 -0.01569 -0.00594 -0.01176  0.03204
0.010000 -0.00667  0.00313  0.01776  0.00248 -0.00415
0.010000 -0.03159 -0.01102 -0.01799 -0.00243  0.00148
0.010000 -0.05192 -0.03764  0.00017  0.00018 -0.00817
0.010000  0.01670  0.00547  0.01534  0.00949 -0.00064
0.010000  0.04413  0.05192  0.03661 -0.00125  0.02100
0.010000  0.00341 -0.02367  0.00097 -0.01606  0.00011
0.010000 -0.03236 -0.03651 -0.00820 -0.01825 -0.00696
0.010000 -0.01674 -0.02940 -0.00654 -0.02059 -0.00565
0.010000  0.05340  0.01842  0.02154 -0.01131  0.00906
0.010000  0.09461  0.03071  0.04051  0.00519  0.02298
0.010000  0.04061  0.03078  0.03461 -0.02037  0.00405
0.010000 -0.03642 -0.01112 -0.01113 -0.00496 -0.00568
0.010000  0.00069 -0.01001  0.01529  0.01846  0.00456
0.010000  0.02804 -0.00753  0.01195 -0.00230  0.00339
0.010000 -0.00893 -0.02636  0.00094 -0.00851 -0.00032
0.010000 -0.02295 -0.02061 -0.01125  0.00290 -0.00538
0.010000 -0.02645  0.01302  0.01490 -0.00731 -0.00226
0.010000  0.02263 -0.01576  0.01621  0.02767  0.02378
0.010000 -0.00018 -0.01300 -0.00055 -0.01429 -0.00326
0.010000 -0.04007  0.00403 -0.00867 -0.00554 -0.00712
0.010000  0.02612  0.01887  0.01636  0.00673  0.00429
0.010000 -0.03819 -0.02121 -0.01489 -0.01095 -0.00737
0.010000  0.06010  0.05294  0.03337 -0.00019  0.02553
0.010000 -0.00271 -0.02745 -0.01048  0.01148 -0.00285
0.010000 -0.03008 -0.01695 -0.02182  0.01910 -0.00474
0.010000  0.01538  0.05411  0.02314  0.00276  0.00009
0.010000 -0.01112  0.03357  0.00408  0.00534 -0.00503
0.010000 -0.02789 -0.00237 -0.01346 -0.00002 -0.00648
0.010000  0.00945  0.04636  0.00499 -0.00356  0.00479
