# Scenario generation method from a paper by Hoyland, Kaut & Wallace
# Code by Michal Kaut (michal.kaut@iot.ntnu.n) & Diego Mathieu

#   prob   var  1   var  2   var  3   var  4   var  5
0.010000 -0.00968 -0.04696 -0.01705 -0.00914 -0.00722
0.010000  0.00373  0.02846  0.01067  0.00584 -0.00849
0.010000  0.00569  0.01500  0.02031 -0.00591 -0.01045
0.010000 -0.00826 -0.01993 -0.00851 -0.00350  0.00244
0.010000 -0.00549 -0.02488 -0.00956 -0.00320  0.04587
0.010000 -0.02927 -0.03554 -0.01279 -0.00117 -0.02711
0.010000 -0.01041  0.00002  0.00702 -0.00229 -0.00544
0.010000 -0.03321 -0.01506 -0.02480 -0.02156  0.01331
0.010000  0.01594  0.00909  0.00450 -0.00024 -0.03518
0.010000 -0.01114 -0.01646  0.00022 -0.01674  0.01138
0.010000  0.02974 -0.01945  0.01931  0.00545  0.04557
0.010000 -0.00897 -0.01020 -0.00167 -0.00727  0.01180
0.010000 -0.03988  0.00771 -0.00994 -0.01047 -0.03485
0.010000 -0.02694 -0.01835 -0.01547  0.00036 -0.02809
0.010000 -0.05072  0.00565 -0.01828 -0.03032 -0.05761
0.010000  0.02570  0.00848  0.02724 -0.00241  0.01427
0.010000  0.01034 -0.01536 -0.00813 -0.00602  0.04714
0.010000 -0.00413 -0.01553  0.00409 -0.01918  0.01197
0.010000 -0.00214 -0.00575  0.00489  0.00424 -0.03209
0.010000  0.02477  0.01476  0.01448 -0.01929 -0.02149
0.010000  0.04449  0.02869  0.02615  0.00794  0.02141
0.010000 -0.01340 -0.01860 -0.01839 -0.00008  0.01728
0.010000 -0.03051 -0.01885 -0.01015 -0.01688 -0.01609
0.010000 -0.01825 -0.01480  0.00095 -0.00784 -0.02567
0.010000  0.01102  0.00732  0.01291  0.00629 -0.02008
0.010000  0.02764  0.01477  0.00709 -0.00509  0.00524
0.010000  0.01972  0.04833  0.02471 -0.01581  0.00327
0.010000 -0.04722 -0.02913 -0.03301 -0.02578 -0.03791
0.010000 -0.00686 -0.02301  0.00391 -0.01108 -0.04757
0.010000 -0.01576 -0.01821  0.00291  0.00026  0.00146
0.010000  0.01170  0.02497  0.01208 -0.01277  0.01584
0.010000  0.03779  0.01417 -0.00310 -0.00388 -0.00452
0.010000  0.00113 -0.01594 -0.00174 -0.00168 -0.02035
0.010000  0.00439 -0.01565 -0.00107  0.00263  0.01743
0.010000  0.00504  0.02700  0.02594 -0.01564 -0.03517
0.010000 -0.01417 -0.07025 -0.03090 -0.00028 -0.00963
0.010000  0.00833 -0.01265 -0.01496  0.00647  0.04790
0.010000  0.01894  0.02229  0.00680 -0.02038 -0.04992
0.010000  0.01521 -0.00639  0.01396 -0.00721 -0.05317
0.010000  0.00308  0.03479  0.01968  0.00562  0.02015
0.010000 -0.01263 -0.01788 -0.00857 -0.00740 -0.01674
0.010000  0.01379  0.01085  0.00303  0.00589  0.02530
0.010000 -0.04439 -0.03147 -0.00801 -0.01222  0.00208
0.010000  0.00701 -0.01245  0.01031  0.00518 -0.03421
0.010000 -0.04199 -0.02926  0.00071 -0.01403 -0.03088
0.010000  0.01308  0.05098  0.01809  0.00415 -0.02640
0.010000 -0.00756 -0.02229 -0.02993 -0.00365 -0.01843
0.010000 -0.06544 -0.08020 -0.03376 -0.01782 -0.04974
0.010000  0.04179  0.00843  0.00924  0.00567  0.00900
0.010000 -0.01496 -0.01811  0.00854  0.00403  0.01323
0.010000 -0.02480  0.08995 -0.01301 -0.00384 -0.05435
0.010000 -0.00017  0.02037  0.02083  0.00533  0.01216
0.010000  0.00767 -0.02594  0.00949  0.00697  0.00313
0.010000  0.01741  0.02692 -0.00015  0.00485 -0.01977
0.010000  0.03963  0.03386  0.02605  0.00725  0.03291
0.010000 -0.03469 -0.04185 -0.00367 -0.01699 -0.02699
0.010000  0.03468  0.00586  0.01147  0.00785  0.03311
0.010000  0.01449 -0.00638 -0.01378  0.00716  0.02946
0.010000 -0.00148  0.00142 -0.01067 -0.01378 -0.03335
0.010000  0.03332  0.01064  0.01232  0.00806  0.05039
0.010000  0.02133  0.00605  0.00647 -0.01705 -0.03999
0.010000  0.02301 -0.01496  0.00117  0.00781  0.01612
0.010000  0.00899 -0.01015 -0.01208 -0.00066  0.01043
0.010000  0.01239 -0.00525 -0.00410 -0.02402  0.02796
0.010000  0.02216  0.01824  0.01557  0.00364  0.01041
0.010000 -0.00347 -0.02640  0.00587  0.00487  0.02408
0.010000 -0.00280 -0.00949 -0.00744  0.00559  0.01435
0.010000 -0.03627 -0.04975 -0.01999 -0.00007 -0.04973
0.010000 -0.02090  0.00003 -0.01291 -0.00057  0.00166
0.010000  0.01817  0.00483  0.00367  0.00668  0.00271
0.010000 -0.01911 -0.03383 -0.02821 -0.02569 -0.05780
0.010000 -0.05555 -0.02095 -0.00634 -0.01011 -0.00320
0.010000 -0.01740 -0.02793 -0.01282  0.00162  0.03189
0.010000  0.03087  0.00984  0.00685  0.00217  0.01423
0.010000 -0.00082 -0.00061 -0.00072  0.00204 -0.04631
0.010000 -0.02378 -0.01499 -0.02145 -0.00190 -0.00267
0.010000  0.02665  0.02586  0.01507  0.00771  0.00234
0.010000 -0.02000 -0.01023 -0.00514 -0.02698  0.01490
0.010000  0.03616 -0.00224  0.02410  0.00876  0.05478
0.010000 -0.02808 -0.04124 -0.01347 -0.00571 -0.05004
0.010000 -0.00481  0.00220  0.00218 -0.00019  0.00916
0.010000 -0.01657 -0.02158 -0.00262  0.00296 -0.03570
0.010000  0.02866  0.00715  0.01692  0.00814  0.05530
0.010000  0.01667  0.01171  0.02353 -0.01372 -0.05379
0.010000  0.00635 -0.00893  0.01532  0.00747  0.01150
0.010000 -0.00617 -0.02060  0.00221 -0.00542 -0.05330
0.010000 -0.01188 -0.00269 -0.01110  0.00387 -0.05237
0.010000  0.00178 -0.00999 -0.01144  0.00349 -0.01181
0.010000  0.02052  0.02464  0.01815  0.00764 -0.04088
0.010000 -0.02184 -0.00403 -0.02750  0.00076 -0.03869
0.010000  0.00243  0.07469 -0.00108  0.00257 -0.01304
0.010000  0.00966  0.02489  0.00305  0.00628  0.04440
0.010000 -0.03182 -0.02308 -0.00570 -0.01160 -0.00085
0.010000  0.03206  0.00555  0.00464  0.00758 -0.01698
0.010000  0.04871  0.03595  0.01329  0.00818  0.02715
0.010000  0.02388  0.04036  0.03119 -0.00370  0.02495
0.010000 -0.03799 -0.02749 -0.01456 -0.01368 -0.05582
0.010000 -0.02585 -0.01939 -0.01278  0.00152  0.01024
0.010000  0.00048 -0.00315  0.00006 -0.00906 -0.02688
0.010000 -0.02279 -0.00665 -0.00551 -0.00799 -0.06094
