# Scenario generation method from a paper by Hoyland, Kaut & Wallace
# Code by Michal Kaut (michal.kaut@iot.ntnu.n) & Diego Mathieu

#   prob   var  1   var  2   var  3   var  4   var  5
0.010000 -0.03389 -0.01864  0.00057 -0.02008 -0.00170
0.010000  0.00467 -0.02091 -0.00071  0.03143  0.00000
0.010000 -0.00079  0.01935  0.01292  0.00263 -0.00238
0.010000 -0.03131 -0.02579 -0.00951 -0.01397  0.03219
0.010000 -0.00941 -0.02767 -0.00742 -0.01145  0.00154
0.010000  0.00648  0.00973  0.01033  0.01204  0.02901
0.010000  0.01434 -0.00780  0.00900  0.00652  0.00115
0.010000 -0.04081  0.00193 -0.01195  0.00334 -0.01008
0.010000 -0.02509 -0.03256 -0.00815 -0.00085 -0.00415
0.010000 -0.00283 -0.00724 -0.00697 -0.00564 -0.00368
0.010000 -0.00656 -0.01465  0.00801  0.01553 -0.00068
0.010000 -0.03052 -0.02073 -0.02608 -0.00188 -0.00497
0.010000  0.03723  0.04796  0.02547 -0.01616  0.03060
0.010000 -0.01837 -0.03289  0.00867  0.00171  0.00248
0.010000 -0.00597 -0.03214 -0.00176 -0.00501 -0.00100
0.010000 -0.04415 -0.01429 -0.00903  0.00031 -0.00920
0.010000 -0.02161 -0.03274 -0.00364 -0.00407 -0.00434
0.010000 -0.00348  0.02405  0.00393  0.01053 -0.00199
0.010000 -0.02634 -0.00091 -0.00187 -0.00910 -0.00084
0.010000 -0.03299 -0.03405 -0.01951  0.00003 -0.00374
0.010000 -0.01732 -0.00285  0.00953 -0.00652  0.01053
0.010000 -0.00772 -0.03248 -0.01060  0.00354  0.00177
0.010000 -0.02389 -0.02713 -0.01776 -0.00078 -0.00265
0.010000 -0.02977  0.00787 -0.02529  0.00005 -0.00971
0.010000 -0.02331 -0.03140 -0.01041 -0.00803 -0.00439
0.010000 -0.01997 -0.02682 -0.01665  0.00959 -0.00655
0.010000  0.02478  0.02514  0.01737  0.00000  0.00128
0.010000  0.00298 -0.02116  0.00295  0.00665  0.00365
0.010000 -0.01263 -0.00709 -0.00433  0.01032 -0.00509
0.010000  0.00951 -0.00184  0.01401  0.00340  0.00232
0.010000 -0.05595 -0.02741 -0.02699 -0.01587 -0.00826
0.010000  0.00556 -0.01320  0.00050  0.00068 -0.00041
0.010000 -0.00412  0.01989  0.00145 -0.00116 -0.00450
0.010000  0.00218  0.02574  0.00859 -0.00209  0.00392
0.010000 -0.00829  0.00588  0.00098  0.00326 -0.00442
0.010000 -0.02217 -0.02957 -0.00295  0.00736  0.02040
0.010000 -0.00008  0.01315  0.00832 -0.00173 -0.00119
0.010000 -0.02833 -0.02944 -0.01316 -0.00915 -0.00665
0.010000 -0.00885  0.02228 -0.00638 -0.01025 -0.00512
0.010000 -0.02571 -0.03266 -0.00479  0.00066 -0.00442
0.010000 -0.01628 -0.03336 -0.01586 -0.01738 -0.00378
0.010000 -0.01680 -0.03160  0.01342 -0.00611 -0.00036
0.010000 -0.01890 -0.02617  0.01566  0.00728  0.00224
0.010000 -0.03812 -0.00311 -0.03312  0.01385 -0.00441
0.010000 -0.02765  0.00676 -0.01921  0.00351 -0.00941
0.010000  0.04898  0.05237  0.02309  0.00224  0.00576
0.010000 -0.01576 -0.00468  0.01316 -0.02033  0.00090
0.010000  0.02066  0.02974  0.01033 -0.00947  0.02070
0.010000 -0.01210 -0.03283 -0.00102 -0.00168  0.00044
0.010000 -0.03695 -0.03240 -0.02835 -0.00531 -0.00825
0.010000 -0.04869 -0.03362 -0.01006 -0.01993 -0.00591
0.010000 -0.04237 -0.00804 -0.00973 -0.00385 -0.00807
0.010000  0.08781  0.06012  0.04456  0.00438  0.02641
0.010000 -0.05178 -0.03136 -0.00450 -0.00159 -0.00934
0.010000 -0.01472  0.01438 -0.00193  0.01734  0.00578
0.010000  0.01178  0.04747  0.00287 -0.02486 -0.00603
0.010000 -0.01785  0.00766 -0.00436 -0.01089 -0.00750
0.010000 -0.00996  0.01335  0.00215 -0.01573 -0.00573
0.010000 -0.03485 -0.02563 -0.01696 -0.01109 -0.00639
0.010000  0.03329  0.04249  0.03859 -0.00039  0.00814
0.010000 -0.00714 -0.01982  0.00110  0.00354 -0.00305
0.010000  0.01062 -0.00999  0.01604 -0.01696  0.01010
0.010000 -0.03586 -0.01293 -0.00622 -0.00797 -0.00536
0.010000 -0.01104 -0.02882  0.01170 -0.00172 -0.00146
0.010000 -0.01368 -0.03282  0.00601 -0.01172 -0.00090
0.010000 -0.01420 -0.02373 -0.02771 -0.00957  0.00497
0.010000 -0.01524 -0.02140 -0.01166  0.00162 -0.00517
0.010000  0.00845 -0.01387  0.01210  0.01168  0.00655
0.010000 -0.03940 -0.01988  0.01455 -0.01835  0.00001
0.010000 -0.00217 -0.02645  0.00579  0.00417  0.00208
0.010000 -0.07982 -0.03639 -0.04469 -0.00850 -0.01224
0.010000 -0.02106  0.01648  0.00169 -0.01372 -0.00416
0.010000  0.00065 -0.02601  0.00526  0.00711  0.02592
0.010000 -0.02449  0.00113  0.00783 -0.00984 -0.00747
0.010000  0.00141 -0.01386 -0.01353 -0.01124  0.00412
0.010000 -0.01050 -0.03245  0.00906  0.00134  0.01093
0.010000 -0.01944 -0.03301 -0.01308 -0.02692 -0.00411
0.010000  0.05953  0.05265  0.03251 -0.00351  0.00682
0.010000  0.04222  0.05301  0.03174  0.00599  0.01568
0.010000 -0.00149 -0.02905  0.00833 -0.00259 -0.00076
0.010000  0.02261  0.00760  0.01576 -0.00984  0.01388
0.010000  0.00381 -0.00737  0.00978 -0.00497 -0.00002
0.010000 -0.00536 -0.00969  0.01241 -0.01249 -0.00278
0.010000  0.01574  0.02287  0.01143 -0.01398  0.00274
0.010000  0.01725 -0.00263  0.00960 -0.00704  0.00160
0.010000 -0.04622 -0.00414 -0.00603 -0.00935 -0.00968
0.010000 -0.02274  0.01614  0.00337 -0.00896 -0.00775
0.010000  0.02722  0.02536 -0.01110  0.00239  0.00070
0.010000 -0.00475  0.02099 -0.00063 -0.00822  0.00486
0.010000  0.01302  0.00903 -0.00041  0.01118  0.00071
0.010000 -0.01315 -0.03261 -0.00782 -0.01772 -0.00239
0.010000 -0.06242 -0.02505 -0.03975 -0.02353  0.00416
0.010000 -0.03213  0.00958 -0.01661  0.00254 -0.00666
0.010000 -0.02904 -0.03311 -0.01080 -0.00124 -0.00176
0.010000  0.00745 -0.00260  0.01256 -0.01104  0.02203
0.010000  0.01888  0.02066  0.02197 -0.00794  0.01166
0.010000 -0.01157  0.01850  0.00611 -0.01382 -0.00663
0.010000 -0.02051 -0.00539 -0.00929 -0.00856 -0.00500
0.010000  0.03001  0.02303  0.02901  0.00153  0.00558
0.010000 -0.02699 -0.02303 -0.01670  0.01373 -0.00470
