# Scenario generation method from a paper by Hoyland, Kaut & Wallace
# Code by Michal Kaut (michal.kaut@iot.ntnu.n) & Diego Mathieu

#   prob   var  1   var  2   var  3   var  4   var  5
0.010000 -0.01973 -0.01809  0.01861 -0.00191 -0.03771
0.010000 -0.00374 -0.01231 -0.00102  0.00863  0.00066
0.010000 -0.02769 -0.01498 -0.00646 -0.01705  0.01530
0.010000 -0.01714 -0.01243  0.00672 -0.01029 -0.01901
0.010000 -0.01404 -0.01119  0.00250 -0.00087 -0.03758
0.010000 -0.01651 -0.01396  0.01334 -0.00699 -0.01117
0.010000 -0.00056  0.01245 -0.00803  0.00101  0.01375
0.010000  0.01344  0.04370  0.01100  0.02064  0.01209
0.010000 -0.00436  0.01945 -0.00861 -0.01230  0.00510
0.010000 -0.01222 -0.00625  0.00260  0.00317  0.00872
0.010000  0.02512  0.03084 -0.01320 -0.00462  0.00749
0.010000  0.03889  0.03035  0.00644  0.01628  0.03277
0.010000  0.00649 -0.01772 -0.01739 -0.01155  0.00136
0.010000 -0.01527 -0.02147 -0.00362 -0.01144 -0.01455
0.010000  0.00890 -0.00548  0.00357  0.01492 -0.01697
0.010000  0.00010  0.00344 -0.00728  0.00395 -0.04279
0.010000 -0.01778 -0.01468 -0.00207 -0.00407 -0.01326
0.010000 -0.04428 -0.03044  0.01300 -0.02518 -0.02534
0.010000 -0.04805 -0.04795  0.01348 -0.02597  0.01466
0.010000 -0.03111 -0.04007  0.00143 -0.02460  0.00307
0.010000 -0.01042 -0.00009  0.00253 -0.00814  0.00002
0.010000 -0.08171 -0.05028  0.01180 -0.07247 -0.00586
0.010000 -0.00742  0.02751  0.01727  0.00671  0.00234
0.010000 -0.03504 -0.02153 -0.00187 -0.01397 -0.00379
0.010000 -0.00559 -0.00375  0.00419  0.00177 -0.01529
0.010000 -0.00498  0.01711 -0.01741 -0.04025  0.00232
0.010000 -0.02107 -0.00075 -0.01029 -0.00580 -0.02476
0.010000 -0.02535 -0.00706  0.00772 -0.00576 -0.01528
0.010000 -0.00802 -0.01170 -0.02318 -0.01802  0.01296
0.010000 -0.05298 -0.02497 -0.03187 -0.04077 -0.03624
0.010000  0.02704  0.00354 -0.00655  0.01871 -0.00469
0.010000 -0.02315 -0.02617  0.01347 -0.00144 -0.00698
0.010000  0.00498  0.02085 -0.00697  0.00437 -0.00654
0.010000 -0.00982  0.00325 -0.01369 -0.01936  0.00675
0.010000 -0.03979 -0.01587  0.01347 -0.05061 -0.01478
0.010000  0.00213  0.00723 -0.00816 -0.03551  0.00895
0.010000 -0.02689 -0.03732 -0.00275 -0.00994 -0.00248
0.010000 -0.02039 -0.00997 -0.01833 -0.02864 -0.00238
0.010000 -0.00312 -0.00887 -0.01202 -0.01031 -0.00037
0.010000 -0.02935 -0.02729  0.04158 -0.01656  0.00450
0.010000 -0.01589 -0.01711 -0.00107 -0.02386 -0.00190
0.010000 -0.04266  0.01680 -0.03071 -0.04378 -0.01444
0.010000  0.02922  0.02380  0.00168  0.02028 -0.02921
0.010000  0.00282 -0.00854 -0.01422 -0.00223  0.00919
0.010000 -0.01465 -0.00761 -0.00440 -0.00130 -0.02523
0.010000  0.02184  0.00616 -0.02429  0.00452 -0.00642
0.010000  0.01153  0.01744  0.00847  0.00755  0.02628
0.010000  0.01062  0.00673 -0.00881 -0.00676  0.01332
0.010000 -0.00185  0.00214 -0.00781 -0.02226 -0.01152
0.010000  0.01552 -0.00250 -0.00454  0.01598 -0.02433
0.010000 -0.05622 -0.02111 -0.01557 -0.08604 -0.00653
0.010000 -0.03400 -0.02211  0.00642 -0.04784 -0.02273
0.010000  0.00425 -0.00182 -0.00597  0.01085 -0.01215
0.010000 -0.03300 -0.02473 -0.01463 -0.04307  0.00338
0.010000 -0.01842  0.00033  0.00063 -0.00111 -0.00849
0.010000  0.00975  0.00956 -0.00545  0.01632 -0.01764
0.010000 -0.01343 -0.01316 -0.03194 -0.01911 -0.00780
0.010000  0.00808  0.00603 -0.00347  0.01616 -0.01548
0.010000  0.00353 -0.00285 -0.01872 -0.01852 -0.02409
0.010000  0.03487  0.00844 -0.01215  0.01827 -0.01637
0.010000  0.00077 -0.02590 -0.01252 -0.03125 -0.00453
0.010000  0.01906  0.02247 -0.02747 -0.00866 -0.00051
0.010000 -0.02245 -0.02861 -0.05751 -0.03217 -0.02341
0.010000 -0.02611 -0.02030 -0.01835 -0.02078 -0.01885
0.010000 -0.00249  0.00990  0.01856  0.00322  0.00484
0.010000 -0.02460  0.02045  0.00044 -0.00829 -0.02862
0.010000  0.01781  0.01468 -0.02505  0.01342 -0.02662
0.010000 -0.03728 -0.02189 -0.00213 -0.03209 -0.01628
0.010000 -0.04117  0.00166 -0.00448 -0.01149 -0.01580
0.010000 -0.03021 -0.01964 -0.01598 -0.04762 -0.02292
0.010000  0.05906  0.06692 -0.00301  0.02003 -0.01725
0.010000 -0.03204 -0.03465 -0.01171 -0.05512 -0.01057
0.010000  0.00573  0.01562 -0.00067  0.01281 -0.00231
0.010000 -0.06044 -0.04890 -0.01319 -0.06351 -0.04302
0.010000  0.00144  0.02551  0.03384  0.02000 -0.01232
0.010000 -0.00121  0.01440 -0.01573  0.00910  0.01447
0.010000  0.01445  0.02493 -0.02300 -0.00488  0.01308
0.010000  0.01663  0.00244 -0.03203  0.01157  0.00121
0.010000 -0.02850 -0.00201 -0.01950 -0.03856  0.01784
0.010000  0.04481  0.05082  0.01783  0.02288  0.02186
0.010000 -0.00620 -0.01551  0.01359  0.00612 -0.00758
0.010000 -0.02175  0.00204 -0.01004 -0.01791 -0.00289
0.010000 -0.01161 -0.01431 -0.01143 -0.01395 -0.02076
0.010000 -0.06665 -0.02854 -0.01875 -0.04784 -0.03569
0.010000 -0.00681 -0.01385  0.01974  0.00023 -0.02871
0.010000 -0.01101 -0.00660 -0.00434 -0.00667 -0.03239
0.010000 -0.00922  0.00604 -0.01048 -0.02805 -0.01159
0.010000  0.02040  0.02183 -0.03172  0.01265  0.02250
0.010000 -0.05033 -0.05984  0.00615 -0.03725 -0.01210
0.010000  0.02340  0.00188 -0.02169  0.00346  0.00987
0.010000 -0.00862  0.00260  0.01164 -0.00607  0.01647
0.010000  0.01247  0.00636 -0.00598  0.01291 -0.02329
0.010000 -0.03850 -0.02212  0.02731 -0.00343 -0.00673
0.010000 -0.01907  0.00897 -0.02792 -0.01918 -0.00332
0.010000 -0.02387 -0.01500 -0.03400 -0.03016 -0.02819
0.010000  0.03177  0.05872  0.02860  0.01861  0.01999
0.010000 -0.04606 -0.04231 -0.01150 -0.06310 -0.02040
0.010000  0.00728  0.02117  0.01621  0.01652 -0.02132
0.010000 -0.03613 -0.01217  0.01067 -0.00183 -0.01210
0.010000 -0.01282 -0.04597 -0.01427 -0.00647  0.00704
