# Scenario generation method from a paper by Hoyland, Kaut & Wallace
# Code by Michal Kaut (michal.kaut@iot.ntnu.n) & Diego Mathieu

#   prob   var  1   var  2   var  3   var  4   var  5
0.010000  0.03944  0.02744  0.01472 -0.01469  0.02741
0.010000 -0.05117 -0.04260 -0.02597 -0.02431 -0.05334
0.010000  0.08732  0.03886  0.05406  0.06283  0.07975
0.010000 -0.01201 -0.02190 -0.01216 -0.01671 -0.05277
0.010000 -0.04080 -0.05172  0.00209  0.00902 -0.04818
0.010000 -0.04174 -0.03233 -0.02454 -0.02099 -0.05656
0.010000  0.07575  0.07082  0.07060  0.01762  0.06752
0.010000 -0.03083 -0.01756 -0.02097 -0.01983 -0.05617
0.010000 -0.03392 -0.04479 -0.02555 -0.02356  0.00841
0.010000 -0.04266 -0.02449 -0.00816  0.00327  0.05364
0.010000  0.01298 -0.01815 -0.00089 -0.00464 -0.03428
0.010000 -0.05081 -0.07052 -0.02740  0.00268 -0.05631
0.010000 -0.01778 -0.02156 -0.01872 -0.01707  0.05271
0.010000  0.00306 -0.03336 -0.01872  0.01838  0.01994
0.010000 -0.02767 -0.00495  0.00037  0.03485 -0.02853
0.010000 -0.04846  0.00607 -0.02455 -0.01054 -0.05091
0.010000 -0.02115 -0.00773 -0.02126  0.00118 -0.05600
0.010000 -0.00843  0.00938 -0.01142 -0.00846  0.03976
0.010000 -0.02873  0.03763  0.00325  0.00262 -0.05501
0.010000 -0.04773 -0.05893 -0.02588  0.00277 -0.05697
0.010000 -0.03985 -0.02421 -0.02127 -0.00926 -0.05692
0.010000  0.01918 -0.00199 -0.00603 -0.00626  0.06758
0.010000  0.04164 -0.00403  0.01292  0.00799  0.00086
0.010000 -0.05138  0.00988 -0.02478 -0.01763 -0.06045
0.010000  0.05414  0.03622  0.02133  0.00439  0.07220
0.010000  0.03528  0.01864  0.03367  0.01191  0.07317
0.010000 -0.00963  0.01717 -0.01434 -0.00565  0.05038
0.010000  0.01759  0.03695  0.00267 -0.00951  0.02475
0.010000 -0.00090  0.07887  0.03057  0.01422 -0.04759
0.010000 -0.04915 -0.01130 -0.02335 -0.01187  0.01361
0.010000 -0.04444 -0.04456 -0.02637 -0.00777 -0.05702
0.010000 -0.04713 -0.02256 -0.02591  0.00651  0.02612
0.010000  0.02950  0.01056  0.00026  0.00052 -0.03656
0.010000 -0.00473 -0.02177 -0.01707  0.02986 -0.01505
0.010000  0.03137  0.02693  0.00494 -0.01554 -0.04026
0.010000 -0.01664  0.01235 -0.01614 -0.01897 -0.01057
0.010000 -0.04531 -0.03680 -0.02617  0.01347 -0.03058
0.010000  0.04629  0.00685  0.00802  0.00400 -0.02120
0.010000 -0.01550 -0.01195  0.01466  0.03951  0.05454
0.010000 -0.02003 -0.02630 -0.02191 -0.01384 -0.04997
0.010000  0.06018 -0.00604  0.02729  0.00014  0.07514
0.010000 -0.01435 -0.00749 -0.01937  0.01080  0.05104
0.010000  0.00040 -0.00157  0.00457 -0.00331 -0.03864
0.010000  0.00719  0.00930  0.03876  0.01766  0.01308
0.010000 -0.04356 -0.03504 -0.02276  0.04611 -0.03213
0.010000 -0.02552 -0.03411 -0.02408 -0.00928 -0.05603
0.010000 -0.03693 -0.02478 -0.01587 -0.00941  0.04638
0.010000  0.06353  0.08176  0.07710  0.05074  0.07803
0.010000  0.06719  0.00015  0.03714  0.01125  0.05534
0.010000 -0.03290  0.02747 -0.01440  0.01564  0.00161
0.010000  0.01603 -0.00522 -0.00838  0.02450  0.02382
0.010000 -0.04614 -0.00236 -0.02474 -0.02238 -0.05826
0.010000 -0.04930 -0.02781 -0.02605  0.04195 -0.05256
0.010000  0.02417  0.02140  0.00098  0.01478 -0.03410
0.010000 -0.04318 -0.01606 -0.02120 -0.01679 -0.05648
0.010000 -0.00436 -0.00948 -0.01517 -0.01475 -0.05287
0.010000 -0.01083 -0.03264  0.02077  0.01526  0.06405
0.010000 -0.02660 -0.03398 -0.02081  0.02640 -0.05365
0.010000  0.05139  0.01315  0.04918  0.07561  0.06908
0.010000  0.03733  0.05433  0.01927  0.01185 -0.01131
0.010000  0.04392 -0.00246  0.02692 -0.00676  0.01695
0.010000  0.02768  0.01626  0.00998 -0.00173 -0.02135
0.010000 -0.03889 -0.03251 -0.02549  0.00963 -0.05634
0.010000  0.00172 -0.02640 -0.00227 -0.01276 -0.04316
0.010000 -0.04695 -0.03907 -0.02522 -0.00609 -0.05722
0.010000  0.02247 -0.00521  0.02476  0.05896  0.07312
0.010000 -0.03493 -0.01530 -0.02449 -0.02077  0.01210
0.010000  0.00579  0.00729 -0.00927 -0.01458 -0.00784
0.010000 -0.05140 -0.03330 -0.02613 -0.01850 -0.05313
0.010000 -0.05052 -0.04810 -0.02587 -0.00449 -0.02580
0.010000 -0.01891 -0.01663 -0.01901  0.00667 -0.05163
0.010000  0.00860  0.01068 -0.00233  0.07539 -0.02408
0.010000 -0.00721  0.00206 -0.01157 -0.01088  0.05455
0.010000  0.04878 -0.00337  0.00934 -0.00811 -0.01478
0.010000  0.09527  0.04907  0.07201  0.01233  0.07777
0.010000  0.08100  0.03412  0.05798  0.00452  0.07190
0.010000  0.02590  0.00051 -0.00263 -0.02001 -0.01186
0.010000  0.02081  0.01047 -0.00053 -0.00454  0.06082
0.010000 -0.03594 -0.02480 -0.02514  0.00174  0.03953
0.010000 -0.02225 -0.01760 -0.02263 -0.02336 -0.01574
0.010000 -0.05034 -0.02240 -0.02174  0.03482  0.03748
0.010000 -0.03504  0.00031 -0.00016  0.00565 -0.05285
0.010000  0.05706  0.00671  0.01986  0.04344  0.07475
0.010000  0.01150 -0.02579 -0.01483  0.00056 -0.04035
0.010000  0.03330  0.00193  0.00528 -0.01272  0.05684
0.010000 -0.04978 -0.01770 -0.02574 -0.01510 -0.05904
0.010000 -0.01318 -0.02487 -0.01588 -0.00424 -0.05271
0.010000 -0.00347 -0.01684 -0.01765 -0.01705  0.05790
0.010000  0.07122  0.05297  0.08801  0.04791  0.06371
0.010000 -0.00597  0.01485 -0.00340 -0.00430 -0.05151
0.010000 -0.05115 -0.04918 -0.02605 -0.02428 -0.04114
0.010000  0.00442  0.02585 -0.00510  0.02406 -0.04947
0.010000 -0.02335  0.00451 -0.01606  0.02722  0.05216
0.010000  0.01004  0.01720  0.00243 -0.01338  0.00978
0.010000 -0.03791 -0.02792 -0.02550 -0.02411  0.00820
0.010000 -0.03187 -0.01703 -0.01701  0.00020 -0.05606
0.010000 -0.00219 -0.02175 -0.01689 -0.00810 -0.05125
0.010000  0.01449  0.00065  0.02026  0.02569  0.07215
0.010000 -0.02978 -0.05311 -0.02521 -0.02352 -0.05643
0.010000 -0.02444 -0.02350 -0.02145  0.05704  0.02410
