# Scenario generation method from a paper by Hoyland, Kaut & Wallace
# Code by Michal Kaut (michal.kaut@iot.ntnu.n) & Diego Mathieu

#   prob   var  1   var  2   var  3   var  4   var  5
0.010000 -0.00090  0.00168 -0.00866 -0.02587  0.02921
0.010000  0.01552  0.01725  0.01157  0.00322 -0.02250
0.010000 -0.02106 -0.01680 -0.00432 -0.00618 -0.03816
0.010000  0.04238  0.01381  0.02939  0.01195  0.02711
0.010000  0.03858  0.00878  0.03064  0.00685  0.01547
0.010000 -0.02772 -0.02665 -0.02132 -0.00221  0.01401
0.010000  0.00663  0.04207  0.00880 -0.02245  0.02620
0.010000 -0.01391 -0.03343  0.00576  0.00098  0.03019
0.010000 -0.00880  0.00328  0.00920  0.01137  0.03526
0.010000  0.03310  0.00491  0.03420  0.01269  0.04621
0.010000 -0.02611 -0.03291  0.00487 -0.00827 -0.00314
0.010000  0.02110  0.02857  0.02644  0.01442  0.01200
0.010000 -0.02387 -0.02055 -0.00416  0.00914 -0.01219
0.010000  0.01921  0.00384 -0.00054 -0.05592  0.02367
0.010000 -0.02308 -0.03249  0.01211  0.00723  0.07084
0.010000 -0.02841 -0.05649 -0.01932 -0.02764  0.04801
0.010000  0.05287  0.02240  0.03473  0.01600  0.08325
0.010000 -0.00368  0.00064 -0.00966 -0.03257  0.01851
0.010000  0.05394  0.04546  0.01413 -0.00090  0.00807
0.010000  0.01643  0.00659  0.01635  0.01163  0.02222
0.010000 -0.01221 -0.03540  0.00264  0.00320  0.01958
0.010000 -0.01730 -0.04053  0.00833  0.01202  0.04526
0.010000 -0.01645 -0.03193 -0.01626 -0.01125 -0.01304
0.010000 -0.01561 -0.03757  0.00601  0.00327  0.04997
0.010000  0.04932  0.03708  0.04731  0.02970  0.03839
0.010000 -0.01898 -0.00827 -0.00511 -0.04822  0.02445
0.010000  0.00750 -0.01348  0.01049 -0.00234  0.05590
0.010000  0.02398 -0.01280  0.00316  0.00603 -0.01645
0.010000  0.03525  0.02950  0.00062  0.01020  0.04073
0.010000  0.00490  0.03566 -0.01126  0.00007 -0.00121
0.010000  0.04809  0.05692  0.03456  0.02366  0.04292
0.010000  0.03204 -0.00850  0.02549 -0.01645  0.02615
0.010000 -0.00026 -0.01192 -0.00600 -0.02698  0.03293
0.010000  0.00145 -0.02795  0.01084  0.00468  0.07162
0.010000 -0.01136 -0.03195 -0.02182 -0.00479  0.01748
0.010000  0.01281  0.00069 -0.00108  0.00783 -0.00427
0.010000  0.03100  0.00663  0.01785 -0.01811  0.03135
0.010000 -0.01814 -0.03055 -0.01593  0.00685  0.01052
0.010000 -0.02741 -0.02122 -0.02699 -0.03232 -0.00692
0.010000 -0.00454  0.02106 -0.01450 -0.02227  0.04413
0.010000  0.05053  0.00495  0.04134  0.01957  0.06528
0.010000  0.04443  0.00665  0.03862  0.02674  0.06565
0.010000 -0.00625 -0.04185 -0.02071 -0.00090 -0.02750
0.010000  0.02301  0.03339  0.02393  0.02292  0.06077
0.010000  0.00926  0.01250  0.00887  0.00918  0.01152
0.010000  0.04564  0.06844  0.04331  0.00805  0.04861
0.010000  0.02015 -0.00771  0.01768 -0.00759  0.06652
0.010000 -0.02880 -0.00730 -0.02981 -0.02010 -0.00001
0.010000 -0.01306 -0.03470 -0.02413 -0.02719  0.01571
0.010000  0.02593  0.00985  0.00938  0.00500 -0.00977
0.010000  0.05275  0.03550  0.02322  0.00974 -0.04920
0.010000 -0.00710 -0.05051 -0.01154 -0.00031  0.00271
0.010000 -0.00539  0.02259 -0.01138 -0.01555  0.01655
0.010000  0.01371  0.01311 -0.00186 -0.03702  0.03631
0.010000  0.01461  0.01782  0.00946  0.01599 -0.02889
0.010000 -0.01981 -0.01422 -0.01214 -0.01363  0.00647
0.010000 -0.00966 -0.04825 -0.00068  0.00494  0.01431
0.010000  0.03634  0.04648  0.02707  0.01996  0.04523
0.010000 -0.02871 -0.07767  0.00548  0.01263  0.06307
0.010000  0.02793  0.04491  0.00501  0.01673 -0.05401
0.010000  0.04323  0.02736  0.02843  0.01856  0.00037
0.010000  0.00838  0.02779  0.00398 -0.00288 -0.03860
0.010000  0.01014 -0.00045  0.00428  0.00603  0.01269
0.010000  0.04204  0.02051  0.04123  0.02166  0.07695
0.010000  0.00060  0.00661 -0.01061  0.00560  0.00212
0.010000  0.03972  0.03900  0.01700 -0.00336  0.01888
0.010000  0.03745  0.05149  0.02124  0.00223  0.00584
0.010000  0.01828  0.06696 -0.00821 -0.00043 -0.01957
0.010000  0.00318 -0.01576 -0.00534 -0.00647 -0.03689
0.010000  0.02205 -0.01523  0.00745  0.00994 -0.00478
0.010000 -0.02064 -0.00891 -0.01384 -0.01375 -0.01792
0.010000 -0.02228 -0.03453 -0.02468 -0.01557 -0.04415
0.010000 -0.01051 -0.06501 -0.02146 -0.03768  0.03314
0.010000  0.01735  0.02887  0.00701  0.01817  0.03834
0.010000  0.00404 -0.00955  0.01342  0.00491  0.07338
0.010000 -0.02796 -0.02324 -0.00964  0.00512 -0.00331
0.010000 -0.02678 -0.02489 -0.00851 -0.00290  0.04282
0.010000  0.01102  0.00633  0.00611 -0.00523  0.04866
0.010000 -0.02855 -0.02934 -0.00162 -0.00771  0.04595
0.010000 -0.01476  0.00870  0.00671  0.00314  0.03830
0.010000  0.04087  0.01834  0.00788 -0.00987  0.02883
0.010000  0.01191  0.00394 -0.01227 -0.02130  0.04800
0.010000 -0.02146 -0.01604 -0.02096 -0.00449 -0.02079
0.010000  0.02693 -0.00878  0.03819  0.01819  0.01088
0.010000  0.00577 -0.00870 -0.00656  0.00815 -0.00432
0.010000  0.02894  0.05369  0.02122 -0.00332  0.05266
0.010000  0.04686 -0.00053  0.01331 -0.00313  0.02266
0.010000  0.02996  0.04429  0.03845 -0.00112  0.06241
0.010000 -0.00197 -0.02839  0.00611  0.00364  0.03136
0.010000 -0.02576 -0.06684 -0.02457 -0.00823  0.01043
0.010000  0.05359  0.06273  0.01920  0.02212 -0.07730
0.010000 -0.02539 -0.03027 -0.01620 -0.03206 -0.00120
0.010000  0.00231 -0.02568  0.00431  0.01053  0.04964
0.010000  0.02495  0.00441  0.02339  0.00426  0.03030
0.010000  0.05169  0.03760  0.01049  0.01201  0.04465
0.010000  0.03417  0.02593  0.01985  0.00491 -0.01215
0.010000 -0.00283 -0.01938 -0.02292 -0.02025  0.00602
0.010000 -0.02464 -0.02369 -0.02630 -0.01964 -0.02090
0.010000 -0.00795 -0.01406 -0.00908 -0.01242 -0.05579
0.010000 -0.00112 -0.01651 -0.00450  0.00956 -0.02350
