# Scenario generation method from a paper by Hoyland, Kaut & Wallace
# Code by Michal Kaut (michal.kaut@iot.ntnu.n) & Diego Mathieu

#   prob   var  1   var  2   var  3   var  4   var  5
0.010000 -0.01434  0.01293  0.00358 -0.00719 -0.00615
0.010000  0.01493  0.03155 -0.00730 -0.02229  0.00538
0.010000 -0.01221  0.01219 -0.00393 -0.01287 -0.00592
0.010000 -0.01887 -0.02412 -0.00998 -0.03275  0.00406
0.010000 -0.02340  0.01257 -0.00660 -0.01227 -0.01022
0.010000  0.08864  0.03486  0.02614  0.02212  0.00985
0.010000 -0.02565 -0.01272 -0.00360 -0.00353 -0.00421
0.010000 -0.01489  0.00309 -0.01617 -0.01746 -0.00466
0.010000 -0.03646 -0.02602 -0.01067  0.00396 -0.01843
0.010000  0.01390  0.01671  0.00975 -0.00222  0.00371
0.010000  0.01715 -0.01556  0.00345  0.00165  0.01186
0.010000 -0.00907 -0.00442 -0.01495 -0.01178  0.00087
0.010000  0.01963  0.00359 -0.00691  0.00910  0.00584
0.010000  0.00936  0.00156 -0.00153 -0.00536  0.00973
0.010000 -0.00430 -0.01323  0.02300  0.00613  0.00775
0.010000 -0.02820  0.00329 -0.01663 -0.02007 -0.03381
0.010000 -0.03234 -0.02870 -0.01408  0.00106 -0.02220
0.010000 -0.00319 -0.01681  0.00467  0.00199 -0.00050
0.010000 -0.01011  0.02435  0.01464 -0.00428 -0.00648
0.010000  0.00090 -0.01315 -0.01114  0.02464 -0.00035
0.010000 -0.02072 -0.01999  0.00072  0.01380 -0.01948
0.010000  0.01835  0.00347 -0.00304 -0.00783  0.01086
0.010000  0.02760 -0.00371  0.01647 -0.00062  0.01490
0.010000  0.03468  0.03369 -0.00701  0.01189  0.00264
0.010000 -0.03120 -0.02127  0.00573 -0.00400  0.00442
0.010000 -0.00645 -0.02279  0.05391 -0.03010 -0.01534
0.010000 -0.02009 -0.00704 -0.00318 -0.00152 -0.00419
0.010000  0.01020  0.02029 -0.00868 -0.05866  0.01727
0.010000  0.03202  0.00466  0.02611 -0.01965  0.04381
0.010000 -0.02487 -0.02518 -0.01499 -0.01514 -0.00215
0.010000  0.00413 -0.02091  0.02978  0.04724  0.00088
0.010000  0.02402 -0.01241  0.01124  0.00751  0.01606
0.010000 -0.00538  0.01154 -0.00808  0.00636 -0.00558
0.010000 -0.03358 -0.00564  0.00853 -0.01309 -0.00902
0.010000  0.00215 -0.00856 -0.00003 -0.00834  0.00888
0.010000 -0.01116 -0.01867 -0.01496  0.00756  0.00753
0.010000 -0.00375  0.00606  0.02670  0.01218  0.00148
0.010000  0.00152 -0.01840 -0.00554 -0.02866  0.01385
0.010000  0.00854  0.02795 -0.00886 -0.00683 -0.06332
0.010000 -0.01827  0.00429 -0.01539 -0.02887  0.00053
0.010000  0.04153  0.01054  0.01786  0.01706  0.00776
0.010000  0.00625 -0.01961 -0.00059  0.00968  0.01069
0.010000 -0.01543  0.01430 -0.00426 -0.00947 -0.01108
0.010000 -0.01655 -0.02449  0.01461 -0.00218  0.00502
0.010000 -0.01947  0.00524 -0.01768  0.01459 -0.03836
0.010000  0.02573 -0.00804 -0.00543 -0.00699  0.01818
0.010000 -0.00263 -0.02080 -0.00670  0.00499  0.00713
0.010000 -0.00803  0.00801 -0.01042 -0.00765 -0.00871
0.010000  0.02244  0.00876  0.00844  0.01535  0.00874
0.010000  0.00280  0.02160  0.03262  0.00308 -0.00665
0.010000 -0.01599  0.00115  0.00933  0.00100 -0.00600
0.010000 -0.00032 -0.00535 -0.01038 -0.01599  0.00867
0.010000  0.01107 -0.00817 -0.01032 -0.01467  0.00917
0.010000 -0.03013 -0.02600 -0.01501 -0.01217  0.00134
0.010000 -0.00592 -0.00174  0.00455  0.00617  0.00017
0.010000  0.00028  0.02597 -0.00248  0.02636 -0.03302
0.010000  0.05259  0.03781  0.02121  0.01963  0.00951
0.010000  0.01601  0.01287  0.02932  0.01518  0.00697
0.010000 -0.01711 -0.01484  0.01088 -0.00813  0.00391
0.010000  0.00482  0.00034 -0.00209  0.00044  0.00091
0.010000  0.06246  0.01483  0.01188  0.02195  0.01314
0.010000 -0.03817 -0.02321 -0.01112 -0.02352 -0.02392
0.010000 -0.04015 -0.02921 -0.00709 -0.02814  0.00020
0.010000  0.02099  0.01760  0.00438  0.01517  0.00176
0.010000 -0.00149 -0.00008 -0.00527 -0.01042 -0.00219
0.010000 -0.00484 -0.02178 -0.00799  0.00572 -0.00287
0.010000 -0.07139 -0.03081 -0.02484 -0.01819 -0.03559
0.010000 -0.01064  0.00321  0.01322 -0.02505  0.00182
0.010000 -0.02914 -0.00911 -0.01230  0.00492 -0.00876
0.010000  0.00699  0.03112  0.04168  0.00290 -0.00257
0.010000 -0.01769 -0.02651 -0.01369 -0.00595  0.00596
0.010000 -0.00750  0.01283 -0.01521 -0.02402 -0.00118
0.010000 -0.04251 -0.01660 -0.01185 -0.01132 -0.01065
0.010000 -0.05541 -0.02920  0.00621 -0.03366 -0.02559
0.010000  0.01198  0.00182  0.01590  0.01768  0.00103
0.010000 -0.02202 -0.02558 -0.01461 -0.00120 -0.00233
0.010000 -0.04937 -0.02015 -0.01560  0.00321 -0.00970
0.010000  0.04624  0.02726  0.02375  0.02132  0.00848
0.010000 -0.00855 -0.00524  0.00700 -0.01247  0.00109
0.010000 -0.01327 -0.01096 -0.01294  0.00955 -0.00219
0.010000 -0.02136 -0.02685  0.00322  0.01733 -0.00420
0.010000 -0.02270 -0.02721  0.00601 -0.00279  0.00229
0.010000 -0.02646 -0.02548  0.02410 -0.02668  0.01085
0.010000 -0.00698  0.00313  0.00748 -0.01712 -0.00184
0.010000 -0.00959  0.02862  0.00778 -0.00279 -0.01874
0.010000  0.03779 -0.00023  0.01645  0.03316  0.01220
0.010000  0.02968  0.01881  0.00914 -0.00530 -0.01302
0.010000 -0.02731 -0.02597 -0.01160 -0.00166 -0.00230
0.010000 -0.00091  0.01835 -0.00706  0.01210  0.00434
0.010000  0.00345 -0.01499  0.03935  0.00444  0.01116
0.010000 -0.00207 -0.00863 -0.00633  0.01743 -0.00431
0.010000 -0.01274 -0.00977 -0.01137  0.00748 -0.00310
0.010000  0.01292  0.00502  0.00749  0.00559  0.01001
0.010000 -0.01168 -0.01547 -0.00239  0.01341 -0.00915
0.010000 -0.04544 -0.02828  0.00059 -0.02070 -0.04868
0.010000 -0.02412  0.00055 -0.00798 -0.01281 -0.01656
0.010000  0.00776 -0.01993  0.02637  0.00933  0.02436
0.010000 -0.01381 -0.00510 -0.00556 -0.00387  0.00358
0.010000  0.00552 -0.00402 -0.00255 -0.00534  0.00651
0.010000 -0.03495 -0.02495 -0.01945 -0.02689 -0.01298
