# Scenario generation method from a paper by Hoyland, Kaut & Wallace
# Code by Michal Kaut (michal.kaut@iot.ntnu.n) & Diego Mathieu

#   prob   var  1   var  2   var  3   var  4   var  5
0.010000 -0.03757 -0.02968 -0.02178 -0.02448 -0.00366
0.010000 -0.05028 -0.01046 -0.01753 -0.02173  0.00209
0.010000 -0.01808 -0.02825 -0.00122 -0.01418 -0.01917
0.010000 -0.03146 -0.03131  0.00805 -0.00128  0.01374
0.010000  0.00912  0.01361  0.00366  0.00224 -0.01571
0.010000 -0.04148 -0.03282 -0.02628 -0.02655  0.01480
0.010000 -0.00807  0.00285  0.00849  0.00227 -0.00164
0.010000  0.00778  0.01454 -0.00669  0.00586 -0.00864
0.010000  0.01131  0.01588  0.00297  0.01295  0.02612
0.010000 -0.01127 -0.02498 -0.04442 -0.02361 -0.01953
0.010000 -0.00898 -0.00088  0.00434  0.01910 -0.00789
0.010000 -0.01654 -0.02297 -0.03505  0.02343  0.00013
0.010000 -0.02379 -0.02721  0.00859 -0.00355  0.00658
0.010000 -0.00852 -0.02251  0.00636  0.01466 -0.01957
0.010000 -0.01555 -0.00335  0.00679  0.02906 -0.00818
0.010000 -0.00486 -0.02418 -0.01866 -0.00703 -0.01522
0.010000  0.02750  0.01673  0.01523  0.09186 -0.00443
0.010000 -0.02195 -0.01823  0.02214  0.01134 -0.00062
0.010000 -0.00670 -0.01811  0.01111 -0.00092 -0.02035
0.010000 -0.00761 -0.00736 -0.01584 -0.00398 -0.00328
0.010000  0.01211  0.01599  0.01792  0.00827  0.01095
0.010000 -0.03475 -0.03181 -0.01670 -0.02363 -0.00889
0.010000  0.01294  0.01612  0.01508  0.00270 -0.01052
0.010000  0.00306  0.01320 -0.01517 -0.00464 -0.01222
0.010000 -0.00298 -0.00716  0.00376  0.00373  0.03465
0.010000  0.00652 -0.01426  0.00877  0.00665 -0.00431
0.010000 -0.02578 -0.00756 -0.01028 -0.01261  0.01642
0.010000 -0.02722 -0.01474 -0.00615 -0.00083 -0.00565
0.010000 -0.02255 -0.00372  0.00395  0.02159  0.03568
0.010000 -0.03932 -0.03129 -0.04048 -0.03282 -0.01252
0.010000 -0.00440 -0.00929 -0.01000 -0.01380 -0.00792
0.010000  0.00591 -0.00111 -0.01114 -0.01223  0.00379
0.010000 -0.02137 -0.02976  0.00250  0.00219  0.01488
0.010000  0.00844  0.00041 -0.00442 -0.00006  0.00035
0.010000 -0.00624 -0.01862 -0.01320  0.00628 -0.01062
0.010000 -0.02023 -0.02623 -0.01603 -0.01196  0.00351
0.010000  0.02463  0.01435  0.03317  0.07253  0.00177
0.010000 -0.00716 -0.00990 -0.02197 -0.00285  0.00199
0.010000 -0.02963 -0.03010 -0.00457  0.00337 -0.01250
0.010000 -0.00154  0.01051 -0.01692 -0.00339 -0.00984
0.010000  0.02251  0.00333  0.02741  0.03293  0.00341
0.010000  0.03321  0.01496  0.02488  0.01102 -0.02894
0.010000 -0.00989  0.00377 -0.00209 -0.00912  0.00236
0.010000 -0.03607 -0.03175 -0.02009 -0.01908  0.00291
0.010000  0.00199  0.01318 -0.01719 -0.00695 -0.01577
0.010000  0.00474  0.01458 -0.00841  0.00572  0.02429
0.010000 -0.01035  0.00754 -0.00625 -0.01374  0.02244
0.010000 -0.00578  0.00390 -0.02766 -0.01297 -0.01768
0.010000 -0.01861 -0.02928 -0.01514 -0.00644 -0.01437
0.010000  0.00147  0.01109 -0.00481 -0.00437  0.02937
0.010000 -0.01314 -0.01969 -0.00608  0.01294 -0.00769
0.010000  0.00361 -0.01564  0.00223 -0.00246 -0.00637
0.010000  0.00252  0.01405 -0.00890  0.00150 -0.01403
0.010000 -0.02509 -0.02394 -0.03965 -0.02779  0.00755
0.010000 -0.00251 -0.01705 -0.00130  0.00038  0.00040
0.010000  0.01683  0.00355  0.01022  0.01146 -0.02317
0.010000 -0.02649 -0.02090 -0.00539 -0.01323 -0.00873
0.010000 -0.01081  0.00605 -0.02199 -0.02586  0.01843
0.010000 -0.01506 -0.02844 -0.01324 -0.01657 -0.01675
0.010000  0.00417  0.00374 -0.00215  0.01253 -0.01064
0.010000 -0.00393 -0.00218 -0.00776 -0.00040 -0.01453
0.010000 -0.01220 -0.02644 -0.00445 -0.00857 -0.02197
0.010000 -0.01914 -0.01657 -0.01684 -0.01792 -0.00230
0.010000 -0.03052 -0.02882 -0.00818 -0.02043 -0.00468
0.010000 -0.02799 -0.03033 -0.01549 -0.01898 -0.01827
0.010000 -0.01267  0.00007  0.00539  0.00997 -0.01248
0.010000 -0.01968 -0.02917 -0.00494 -0.00127 -0.01531
0.010000  0.01931  0.01627  0.01124  0.01481 -0.00891
0.010000  0.01575  0.00300  0.02559  0.03073  0.00221
0.010000 -0.01756 -0.02913 -0.00031 -0.00291 -0.01089
0.010000 -0.00346 -0.00051 -0.00214  0.02431 -0.01027
0.010000 -0.02879 -0.03042 -0.02283 -0.02817 -0.01578
0.010000  0.00714  0.00549  0.00192  0.02927 -0.00178
0.010000 -0.02316 -0.00620 -0.03246 -0.01159  0.00153
0.010000 -0.03247 -0.03047 -0.01736 -0.01906 -0.01527
0.010000  0.00095  0.01045 -0.00750  0.00798 -0.00539
0.010000 -0.00532 -0.02427 -0.02813 -0.00929 -0.01553
0.010000 -0.00006 -0.02179  0.00511  0.03851 -0.00696
0.010000 -0.04441 -0.01752 -0.03334 -0.01441  0.02020
0.010000 -0.01457 -0.01303  0.00086 -0.00937 -0.01727
0.010000 -0.00106  0.00830 -0.01331 -0.00889 -0.00880
0.010000 -0.01705 -0.02905  0.02010 -0.00784 -0.00921
0.010000 -0.01604 -0.00713 -0.00582 -0.03001 -0.01203
0.010000  0.01800 -0.00423  0.01761  0.01118 -0.01326
0.010000 -0.00203  0.01236  0.00663  0.00600  0.02361
0.010000 -0.01409 -0.02846 -0.01184 -0.01364 -0.01155
0.010000  0.01382  0.01467  0.02697  0.01483 -0.00421
0.010000 -0.02079 -0.01474 -0.00433 -0.01367  0.00622
0.010000  0.02078  0.01718  0.02709  0.04897  0.00702
0.010000 -0.00944 -0.02661  0.00277  0.01473  0.00627
0.010000  0.00982 -0.00652 -0.01532 -0.01195 -0.01654
0.010000 -0.01362 -0.01438 -0.04077 -0.01036 -0.01073
0.010000  0.00044 -0.00963 -0.01490 -0.00898 -0.02287
0.010000 -0.03356 -0.03169 -0.00127 -0.01118 -0.01083
0.010000  0.01475 -0.00842 -0.00567  0.01986 -0.00966
0.010000 -0.02443 -0.00535 -0.00383 -0.01051  0.00735
0.010000  0.00532  0.00273 -0.01600 -0.00297 -0.00685
0.010000  0.01055  0.00202  0.01670  0.01711  0.00290
0.010000 -0.00056 -0.00572 -0.00710 -0.00362 -0.02200
0.010000 -0.01174 -0.02731 -0.00430  0.00312 -0.01148
