# Scenario generation method from a paper by Hoyland, Kaut & Wallace
# Code by Michal Kaut (michal.kaut@iot.ntnu.n) & Diego Mathieu

#   prob   var  1   var  2   var  3   var  4   var  5
0.010000 -0.03732 -0.02129 -0.04028 -0.06239 -0.00447
0.010000 -0.03048 -0.00069  0.02330 -0.00840 -0.00971
0.010000 -0.03229  0.00928  0.00252 -0.05282  0.01996
0.010000 -0.01187  0.00929  0.00552 -0.00356 -0.00874
0.010000  0.02195  0.00344 -0.02326  0.00419  0.01219
0.010000  0.03754  0.01694  0.01466  0.00519  0.01926
0.010000 -0.03137 -0.03551 -0.01164 -0.01603 -0.02498
0.010000 -0.04822 -0.05284 -0.03913 -0.04489 -0.01321
0.010000 -0.00509 -0.01948 -0.04659 -0.01113 -0.02290
0.010000  0.00058 -0.00281  0.01158  0.01349  0.00419
0.010000  0.00207  0.03048 -0.00656 -0.02991  0.01849
0.010000  0.01395 -0.01208 -0.00428  0.01317 -0.01675
0.010000  0.01709  0.03722 -0.01349  0.01539  0.01028
0.010000 -0.06101 -0.02552 -0.01093 -0.02974 -0.00515
0.010000 -0.06602 -0.05294  0.01648 -0.03392 -0.02308
0.010000 -0.02393 -0.01840  0.03006 -0.03098  0.02255
0.010000 -0.01323 -0.00353  0.02327 -0.02829  0.00400
0.010000  0.04119 -0.00132 -0.02821 -0.00059  0.02765
0.010000 -0.00714 -0.00769 -0.01092 -0.00713 -0.01401
0.010000 -0.00782 -0.00582  0.01539  0.00184 -0.01686
0.010000 -0.01597 -0.03951 -0.00519 -0.00433 -0.02409
0.010000 -0.02167 -0.00136  0.01158  0.01259 -0.02066
0.010000 -0.01459 -0.03043  0.04195  0.01578 -0.00893
0.010000  0.00515  0.00653 -0.01169  0.00908 -0.00571
0.010000  0.05748  0.01852  0.00835  0.02360 -0.00255
0.010000 -0.04495 -0.02913 -0.00619 -0.05435 -0.01558
0.010000 -0.00300  0.00940  0.01699  0.01978 -0.01695
0.010000 -0.03421 -0.04199 -0.02437 -0.02948 -0.02556
0.010000  0.01496 -0.00238 -0.01759  0.01171 -0.01198
0.010000  0.00677 -0.00086 -0.00692  0.00638 -0.01583
0.010000 -0.03521 -0.02669  0.00645 -0.02578  0.00667
0.010000  0.02641 -0.00784  0.00557  0.02038 -0.00820
0.010000 -0.01052 -0.02055 -0.02311 -0.04240 -0.01387
0.010000 -0.02708 -0.01821 -0.02004 -0.02849  0.01242
0.010000 -0.01877  0.02345  0.00715  0.00957 -0.00740
0.010000 -0.01391 -0.04110  0.00886 -0.01543  0.00003
0.010000  0.03005  0.02807  0.01716  0.02209  0.00435
0.010000  0.01018 -0.00833 -0.00892  0.01493 -0.01230
0.010000 -0.02241 -0.04894 -0.02089 -0.02335 -0.02419
0.010000 -0.02548 -0.04097  0.00253 -0.00197 -0.02577
0.010000  0.02482  0.03970 -0.00484  0.02178 -0.00709
0.010000  0.03463  0.03055 -0.00004  0.02334  0.01095
0.010000  0.00132 -0.03545  0.00827 -0.00207 -0.01691
0.010000 -0.04349 -0.02340  0.03129 -0.00293 -0.02408
0.010000  0.01201 -0.00242 -0.00758  0.00575  0.00787
0.010000  0.00359  0.02353  0.02387  0.00383 -0.00372
0.010000 -0.00850 -0.00080 -0.01705 -0.01740 -0.00378
0.010000 -0.01528 -0.01519 -0.01758  0.00136 -0.01591
0.010000 -0.07684 -0.03064 -0.01429 -0.05314 -0.00866
0.010000 -0.05219 -0.05032 -0.04687 -0.08570 -0.01479
0.010000 -0.01736 -0.00797 -0.00764  0.00097 -0.01464
0.010000 -0.00229 -0.02674 -0.02055 -0.03109 -0.00718
0.010000  0.01109  0.00863 -0.00398 -0.00291 -0.01090
0.010000 -0.05009 -0.05224 -0.00844 -0.04975 -0.02539
0.010000  0.00930 -0.00190  0.01842  0.01947 -0.00751
0.010000 -0.02791 -0.03829 -0.00071 -0.01979 -0.01887
0.010000  0.01297 -0.03347  0.02512  0.00673 -0.01789
0.010000 -0.00918  0.00870  0.00023 -0.01700 -0.01129
0.010000 -0.00015 -0.00146 -0.01415  0.01060  0.01555
0.010000 -0.03961  0.01296  0.00716 -0.01526  0.01120
0.010000 -0.02094 -0.01818 -0.01482 -0.01418 -0.02228
0.010000 -0.02316 -0.00166 -0.00421 -0.02337  0.00545
0.010000  0.00844  0.00076 -0.02568 -0.01483 -0.01453
0.010000 -0.02960  0.00453 -0.00361 -0.01244 -0.00612
0.010000 -0.00578 -0.00149  0.00427 -0.00176 -0.00029
0.010000 -0.03844 -0.03785  0.01005 -0.00343 -0.01982
0.010000  0.00759 -0.00450 -0.00969  0.00457 -0.00132
0.010000 -0.03624 -0.00659 -0.00225 -0.04640 -0.00506
0.010000 -0.00985 -0.01096 -0.01010 -0.00931 -0.00068
0.010000 -0.04083 -0.04533 -0.03188 -0.06397 -0.01538
0.010000 -0.02874 -0.02779 -0.02991 -0.01217 -0.01405
0.010000 -0.05459 -0.02690  0.01489 -0.00495  0.00524
0.010000 -0.03323 -0.02903 -0.01762 -0.04904 -0.01815
0.010000 -0.00370  0.00765  0.00884 -0.01004 -0.00590
0.010000  0.00436 -0.02422  0.01887 -0.02015 -0.01972
0.010000  0.03218  0.07492  0.00004  0.01793  0.03413
0.010000  0.02814 -0.00303  0.01007  0.02015 -0.01512
0.010000 -0.01807 -0.02277 -0.00713 -0.02297 -0.01980
0.010000 -0.01667 -0.02640 -0.00512 -0.01950 -0.01644
0.010000 -0.00087  0.04375 -0.02397 -0.00709  0.00181
0.010000  0.00595 -0.02009  0.00112  0.00645 -0.00908
0.010000  0.01941  0.04016  0.00357  0.00999  0.01799
0.010000 -0.05744 -0.02686 -0.02306 -0.05683 -0.00931
0.010000 -0.01949 -0.03004  0.00161 -0.00414 -0.00742
0.010000 -0.04212 -0.02013  0.01278 -0.05394  0.00654
0.010000 -0.00440  0.03030 -0.01989  0.00869  0.01089
0.010000  0.02065  0.02955 -0.02256  0.00754 -0.00802
0.010000 -0.02627 -0.01667 -0.00534 -0.03833 -0.01064
0.010000 -0.00646  0.01477  0.03340  0.02121 -0.00678
0.010000 -0.02470 -0.02358  0.01712  0.00621 -0.01906
0.010000  0.01601  0.02292  0.00786  0.02116 -0.00923
0.010000 -0.04651 -0.02377  0.00379 -0.05635 -0.01062
0.010000 -0.01255  0.00095 -0.00755 -0.00461 -0.01190
0.010000 -0.00158 -0.01332 -0.02295 -0.00604  0.00680
0.010000  0.04633  0.02240 -0.02703  0.01606 -0.00853
0.010000 -0.01120 -0.01468 -0.02465 -0.00367 -0.00081
0.010000  0.02334  0.01602 -0.00146  0.02170  0.01133
0.010000  0.01823  0.01594  0.01844  0.02190 -0.00557
0.010000  0.00282  0.00806 -0.01951 -0.01655  0.00639
0.010000 -0.02021 -0.01487 -0.02141 -0.02319 -0.01153
