# Scenario generation method from a paper by Hoyland, Kaut & Wallace
# Code by Michal Kaut (michal.kaut@iot.ntnu.n) & Diego Mathieu

#   prob   var  1   var  2   var  3   var  4   var  5
0.010000  0.00605 -0.00564 -0.00330  0.05571 -0.05725
0.010000  0.02322  0.00871  0.01635  0.06996 -0.03796
0.010000 -0.01920 -0.04199 -0.01751 -0.01382 -0.05374
0.010000  0.00191 -0.01072 -0.00252 -0.00507  0.06742
0.010000 -0.04898 -0.04208 -0.02310 -0.00791 -0.05979
0.010000 -0.00487 -0.00214 -0.01159  0.00525 -0.03011
0.010000  0.01160  0.00571  0.02540  0.07393  0.06636
0.010000  0.05523  0.03072  0.03942  0.00647  0.07430
0.010000  0.00292  0.01343 -0.00425  0.06383  0.04872
0.010000 -0.03178 -0.01495 -0.01041 -0.01171  0.03913
0.010000  0.00712 -0.02863 -0.00686  0.00239 -0.03303
0.010000 -0.04071 -0.04334 -0.01810 -0.01294 -0.04856
0.010000 -0.00008 -0.01869 -0.01238 -0.01637 -0.01709
0.010000  0.03295  0.00541  0.01945 -0.00182  0.04034
0.010000 -0.02992 -0.02400 -0.00437 -0.00624  0.05430
0.010000  0.01645  0.00098  0.01143  0.00085  0.05931
0.010000  0.03889  0.05584  0.02039 -0.00173  0.03421
0.010000 -0.01744  0.01532 -0.00582  0.06676  0.03879
0.010000  0.02469  0.00370  0.00233  0.01260 -0.03672
0.010000  0.03681  0.01509  0.01106  0.06803  0.06022
0.010000 -0.02096 -0.00212 -0.01772  0.05087  0.03159
0.010000 -0.00945 -0.00651 -0.00442  0.00198  0.06001
0.010000  0.04348  0.04263  0.02292  0.03760  0.07253
0.010000 -0.01391 -0.03114 -0.01357 -0.01386  0.01158
0.010000 -0.03272 -0.03207 -0.02102 -0.01608 -0.02735
0.010000 -0.04642 -0.02107 -0.02220 -0.01550 -0.00649
0.010000 -0.02900 -0.02130 -0.01880  0.06249  0.03063
0.010000 -0.01568 -0.01866 -0.01794 -0.01657  0.05846
0.010000 -0.02450 -0.02721 -0.01888 -0.01480 -0.05530
0.010000  0.04603  0.01671  0.04884  0.07071 -0.02127
0.010000  0.04111  0.01851  0.01565 -0.00893  0.03012
0.010000  0.02178  0.00083  0.02002  0.00733 -0.02995
0.010000 -0.00672 -0.01703 -0.00495 -0.01156  0.00961
0.010000  0.05907  0.03086  0.04932  0.07500  0.07155
0.010000 -0.00298  0.00242  0.00357  0.05881  0.04474
0.010000 -0.03084 -0.05079 -0.02130  0.06173 -0.03714
0.010000 -0.04290 -0.01118 -0.02151 -0.01460 -0.02237
0.010000 -0.01213  0.00940 -0.01030 -0.01557 -0.03034
0.010000 -0.04179 -0.01881 -0.01315  0.06855 -0.06011
0.010000 -0.02273 -0.08133 -0.02339  0.05596 -0.06348
0.010000 -0.02809 -0.02162 -0.01856  0.01939 -0.05933
0.010000  0.08574  0.05466  0.09505  0.06552  0.08251
0.010000 -0.03759 -0.01429 -0.02076 -0.01341  0.05583
0.010000 -0.03861 -0.00558 -0.02088 -0.00764  0.04581
0.010000  0.03116 -0.00547  0.01797 -0.00180  0.04038
0.010000 -0.05847 -0.04967 -0.02409 -0.01400 -0.05418
0.010000 -0.00580  0.00206  0.01407  0.02045 -0.00648
0.010000  0.05185  0.00916  0.02376 -0.00299  0.04115
0.010000 -0.04521 -0.02475 -0.02205 -0.01550 -0.05903
0.010000 -0.01302 -0.01244  0.00354  0.07129 -0.05791
0.010000  0.00499 -0.00686 -0.00174 -0.00229  0.05311
0.010000 -0.02629 -0.02224 -0.01604  0.03791  0.02934
0.010000  0.00932 -0.01163 -0.00354  0.00405  0.01634
0.010000 -0.04767  0.02098  0.01075  0.00432 -0.04230
0.010000 -0.02184  0.00879 -0.00709  0.05543  0.05141
0.010000 -0.03659 -0.03718 -0.02237 -0.01599 -0.05264
0.010000 -0.05034 -0.02972 -0.01864  0.01403  0.03096
0.010000 -0.01480 -0.02483 -0.01295  0.06563  0.02088
0.010000  0.04880  0.04061  0.06971  0.04269  0.07926
0.010000  0.01520 -0.00310 -0.00102  0.01416  0.05319
0.010000 -0.02539 -0.02742 -0.02071 -0.01663 -0.02049
0.010000  0.10836  0.09291  0.07482  0.02937  0.07842
0.010000 -0.01035 -0.01177 -0.01461  0.03031  0.00614
0.010000 -0.02008 -0.03153 -0.02004 -0.00958  0.00362
0.010000 -0.00203 -0.01404 -0.01353  0.01013  0.02746
0.010000  0.00395 -0.00210 -0.00850  0.03322  0.05428
0.010000  0.02945 -0.00001  0.00353 -0.01302 -0.03567
0.010000  0.03483  0.00300  0.00991  0.01726 -0.00418
0.010000 -0.01832 -0.01153 -0.01364 -0.00157 -0.02440
0.010000 -0.00393 -0.00516 -0.01305 -0.01640 -0.03170
0.010000  0.07581  0.01253  0.04013  0.07227  0.07343
0.010000 -0.03965 -0.03202 -0.02227 -0.01350 -0.05967
0.010000 -0.05330 -0.04169 -0.02317  0.04283 -0.06231
0.010000 -0.00764 -0.00242 -0.01342  0.04839 -0.06173
0.010000 -0.05666 -0.03146 -0.02126 -0.01042 -0.01532
0.010000  0.01397 -0.00793  0.06245  0.07859  0.03433
0.010000 -0.03463 -0.02034 -0.02132 -0.01545 -0.05348
0.010000 -0.01124 -0.02682 -0.01751 -0.01699 -0.03506
0.010000 -0.05492  0.00034 -0.01110  0.05628  0.01180
0.010000  0.02622  0.00978  0.01099 -0.00692  0.06487
0.010000  0.01773  0.00323  0.00130  0.03272 -0.03184
0.010000 -0.04404 -0.04594 -0.02289  0.00972 -0.05710
0.010000 -0.05178 -0.01878 -0.02177  0.05500 -0.06108
0.010000  0.02780  0.00332  0.02574  0.00718 -0.01869
0.010000 -0.01656 -0.00141 -0.01510  0.01535  0.00488
0.010000  0.01904  0.00798  0.01810 -0.00194 -0.01193
0.010000  0.00091 -0.00452 -0.00881  0.05262 -0.06044
0.010000 -0.00854 -0.00209 -0.01336  0.03397  0.02873
0.010000 -0.02361 -0.01242 -0.00819  0.06787 -0.04840
0.010000 -0.02719 -0.01960 -0.01908  0.02128 -0.03948
0.010000 -0.05944 -0.03183 -0.02145 -0.01115 -0.01095
0.010000 -0.00106 -0.02100 -0.01049  0.05945  0.00664
0.010000  0.01277  0.01022  0.00874  0.00193 -0.02295
0.010000 -0.03367 -0.01833  0.00648  0.02229 -0.04597
0.010000  0.06353  0.05892  0.04750  0.00859  0.07491
0.010000 -0.03560 -0.03394 -0.02217  0.00128 -0.00629
0.010000  0.00821 -0.01173  0.00608  0.02582  0.05920
0.010000  0.02040  0.02725  0.04438  0.07625  0.07465
0.010000  0.06891  0.03029  0.03921  0.01808 -0.00525
0.010000  0.01045 -0.00373  0.02586  0.07286  0.06549
