# Scenario generation method from a paper by Hoyland, Kaut & Wallace
# Code by Michal Kaut (michal.kaut@iot.ntnu.n) & Diego Mathieu

#   prob   var  1   var  2   var  3   var  4   var  5
0.010000 -0.01400 -0.01806  0.00418 -0.00769  0.01128
0.010000 -0.02523 -0.00985 -0.00474 -0.01589 -0.03006
0.010000 -0.03186 -0.01921 -0.00047 -0.01693 -0.03443
0.010000  0.00502 -0.00665 -0.00039 -0.00391 -0.00200
0.010000 -0.01048 -0.01162  0.00672 -0.00503 -0.01364
0.010000 -0.01349 -0.01877  0.00420 -0.00149 -0.00849
0.010000  0.00794 -0.01005  0.01454  0.01711 -0.02788
0.010000 -0.00564 -0.00386 -0.00004 -0.00929 -0.02932
0.010000  0.00338  0.01092 -0.02156 -0.02234 -0.00782
0.010000  0.02741  0.01716  0.01541  0.01988 -0.04268
0.010000 -0.01247 -0.00748 -0.00518 -0.01403 -0.01774
0.010000  0.00232  0.00782  0.00467 -0.00629  0.00209
0.010000  0.00919 -0.00344  0.00127  0.00459 -0.04736
0.010000  0.00616  0.00545  0.01669  0.01263  0.00538
0.010000  0.00026 -0.00125 -0.00657 -0.01038 -0.00338
0.010000  0.01502  0.00774  0.00606  0.00459 -0.02131
0.010000  0.02294  0.00393  0.01565  0.02684 -0.02508
0.010000 -0.02595 -0.00497 -0.00268 -0.01904 -0.01610
0.010000 -0.00371 -0.00409 -0.00282 -0.00738 -0.01767
0.010000  0.01890  0.01531  0.01445  0.00908 -0.00351
0.010000 -0.01097 -0.00968  0.00671  0.00284 -0.02061
0.010000  0.00856  0.01700  0.00366 -0.00561 -0.00091
0.010000  0.01783  0.01705 -0.00591 -0.00630 -0.02233
0.010000  0.02141  0.01359  0.00941  0.00375  0.00029
0.010000 -0.03786 -0.01661 -0.01041 -0.03123 -0.01690
0.010000  0.01419  0.01511  0.00711  0.01307  0.00886
0.010000 -0.01298 -0.00890 -0.01538 -0.01968 -0.02274
0.010000 -0.02005 -0.01723  0.00810 -0.00123  0.00466
0.010000 -0.02747 -0.02787 -0.01868 -0.02304 -0.03332
0.010000 -0.00468  0.00007 -0.00164 -0.00937 -0.00298
0.010000 -0.02827 -0.03367 -0.01328 -0.01471 -0.00938
0.010000 -0.02911 -0.01869 -0.01067 -0.02339 -0.01778
0.010000 -0.03516 -0.03693 -0.03837 -0.02712 -0.02396
0.010000 -0.03090 -0.01707 -0.01382 -0.02208  0.02378
0.010000 -0.01611  0.00236 -0.04488 -0.03704  0.01278
0.010000  0.00674  0.01592 -0.00050 -0.00018 -0.00863
0.010000 -0.00175  0.01359 -0.00087 -0.01453 -0.00999
0.010000  0.00559  0.01470  0.00994  0.00352 -0.00071
0.010000 -0.02452 -0.02859  0.00433 -0.00283  0.00897
0.010000 -0.00224 -0.00823  0.01222  0.00773  0.02055
0.010000 -0.01720 -0.03225  0.00177  0.01688 -0.00742
0.010000 -0.02998 -0.01193 -0.00798 -0.02287  0.00303
0.010000 -0.01557 -0.01159 -0.00429 -0.01023 -0.01318
0.010000  0.01683  0.01694  0.00071 -0.00791  0.01930
0.010000 -0.01504 -0.01372 -0.00530 -0.01536 -0.01867
0.010000 -0.00902 -0.01522 -0.00083 -0.00630  0.00486
0.010000  0.00077 -0.00433  0.00275 -0.00149 -0.01083
0.010000 -0.04660 -0.02874 -0.02882 -0.03633  0.00158
0.010000 -0.00612  0.00711  0.03043  0.03982 -0.00061
0.010000 -0.04359 -0.03184 -0.02324 -0.02224 -0.01961
0.010000 -0.02317 -0.01468 -0.00886 -0.01998 -0.02067
0.010000  0.01590  0.00011  0.03351  0.03213 -0.02139
0.010000 -0.03644 -0.03713 -0.01250 -0.01921 -0.00520
0.010000 -0.01831 -0.02474 -0.00392 -0.01214 -0.04277
0.010000 -0.02065 -0.02164 -0.01499 -0.00874  0.01241
0.010000 -0.00709  0.00610 -0.01897 -0.01641 -0.02723
0.010000 -0.02126 -0.00477 -0.00338 -0.01395 -0.02265
0.010000 -0.01665  0.00040  0.00081 -0.01334 -0.01538
0.010000 -0.01775 -0.00378 -0.01184 -0.01914 -0.00970
0.010000  0.02481  0.00988  0.01926  0.02217 -0.03666
0.010000 -0.00805  0.00598 -0.00999 -0.01756 -0.03052
0.010000  0.00984  0.01159  0.00651  0.00974  0.01151
0.010000 -0.01197 -0.00165 -0.00422 -0.01570 -0.02406
0.010000 -0.00273 -0.01600  0.00646  0.08063  0.00307
0.010000 -0.05229 -0.03620 -0.02003 -0.03250 -0.02379
0.010000 -0.00025  0.00880 -0.00945 -0.00631 -0.00165
0.010000 -0.02189 -0.02331 -0.00063 -0.01358 -0.00918
0.010000 -0.00757 -0.00031 -0.00057  0.08484  0.02139
0.010000 -0.01452 -0.01669  0.00080 -0.00791  0.01061
0.010000  0.00734  0.00840  0.01250  0.00773  0.01963
0.010000 -0.00660  0.00857  0.01874 -0.00250 -0.00146
0.010000  0.01119  0.00386  0.00092  0.00477  0.01413
0.010000 -0.03289 -0.01023 -0.02930 -0.03449  0.01535
0.010000 -0.00999 -0.00682 -0.00048 -0.00222 -0.03366
0.010000  0.00285 -0.00572 -0.00348 -0.00726  0.00813
0.010000 -0.00950 -0.02307  0.00788  0.00808 -0.00461
0.010000  0.00180 -0.01756  0.02209  0.04131 -0.01379
0.010000 -0.00125 -0.00159  0.00386 -0.00393 -0.00809
0.010000 -0.00419 -0.00042  0.01246 -0.00101 -0.01499
0.010000  0.01190  0.01720  0.00870 -0.00304 -0.00656
0.010000 -0.02384 -0.02778 -0.01367 -0.00993  0.00745
0.010000  0.00128 -0.00137  0.00739  0.04822  0.01831
0.010000 -0.00322 -0.00399 -0.01404 -0.00859  0.00145
0.010000 -0.03946 -0.01922 -0.01211 -0.02686 -0.01845
0.010000 -0.01946 -0.00602 -0.00183 -0.01548  0.00096
0.010000 -0.00853 -0.02048 -0.01113 -0.00213 -0.01232
0.010000 -0.00075  0.01302  0.00519 -0.00849 -0.01660
0.010000  0.00447 -0.00564 -0.04790 -0.02961  0.00522
0.010000  0.01051  0.01177  0.01557  0.00357 -0.01244
0.010000 -0.01888 -0.00818 -0.00960 -0.01537 -0.00853
0.010000 -0.02670 -0.02231 -0.00502  0.00282  0.00154
0.010000  0.01263  0.01415 -0.00017 -0.00107  0.00058
0.010000 -0.03398 -0.02767 -0.00806 -0.01436 -0.00918
0.010000  0.00392  0.01102  0.00881  0.00218 -0.02557
0.010000  0.01340  0.01368  0.00405  0.02773 -0.01635
0.010000 -0.01147 -0.00436 -0.00341 -0.01220 -0.02517
0.010000 -0.04132 -0.02425 -0.00121 -0.01860 -0.03875
0.010000 -0.02252 -0.02896 -0.02656 -0.02278 -0.00376
0.010000 -0.00516  0.00348 -0.00453 -0.00962 -0.02213
0.010000  0.02009  0.01228  0.01180  0.00609 -0.01667
