# Scenario generation method from a paper by Hoyland, Kaut & Wallace
# Code by Michal Kaut (michal.kaut@iot.ntnu.n) & Diego Mathieu

#   prob   var  1   var  2   var  3   var  4   var  5
0.010000  0.01855  0.01664  0.02127  0.01771 -0.00845
0.010000 -0.00172  0.00940 -0.00095  0.02354  0.00475
0.010000 -0.02565 -0.02389 -0.01585  0.01848 -0.00670
0.010000 -0.02323 -0.02901 -0.00249 -0.02108 -0.01039
0.010000 -0.01777 -0.02967 -0.03187 -0.03133 -0.02007
0.010000  0.00767  0.00006 -0.00721 -0.00426  0.00816
0.010000  0.00559  0.00747 -0.00115 -0.00642 -0.00500
0.010000  0.00408 -0.00018 -0.01845 -0.00774 -0.00486
0.010000  0.00610  0.01302 -0.01199 -0.01505  0.00837
0.010000  0.02245  0.01403 -0.01192  0.02925 -0.00068
0.010000  0.02035  0.01375 -0.00785  0.00281 -0.01624
0.010000  0.02367  0.01696  0.01467  0.02913 -0.01346
0.010000 -0.00998 -0.00745  0.00007 -0.01206 -0.00133
0.010000  0.00662  0.00290  0.00612 -0.00373 -0.00051
0.010000 -0.01049 -0.02483 -0.00371 -0.01579 -0.02236
0.010000 -0.02482 -0.00327 -0.01472 -0.00791  0.00649
0.010000  0.01221  0.01167  0.00007 -0.00507 -0.01381
0.010000 -0.05219 -0.03112 -0.05619 -0.03723  0.01514
0.010000  0.01548  0.01376  0.01450  0.00925  0.00949
0.010000 -0.01314 -0.01275  0.00078 -0.00466  0.00038
0.010000  0.00212  0.01342 -0.01249 -0.00872  0.00141
0.010000 -0.00650  0.00151 -0.00249 -0.01297  0.00144
0.010000 -0.04211 -0.03107  0.00091 -0.01321  0.00158
0.010000  0.01773  0.00534 -0.00650  0.00647  0.00719
0.010000 -0.00947 -0.00786 -0.00338 -0.01171 -0.01768
0.010000  0.00986  0.00827  0.00426  0.00410 -0.00557
0.010000  0.00821  0.00753  0.01114  0.01025  0.00086
0.010000 -0.00698 -0.00922 -0.01205  0.00251 -0.01354
0.010000  0.01160  0.00258  0.00863  0.00638 -0.00501
0.010000 -0.01259 -0.02724 -0.01172 -0.00774 -0.02251
0.010000  0.00458 -0.01803  0.00357  0.00612 -0.01592
0.010000 -0.02841 -0.00848 -0.01609 -0.00974  0.00051
0.010000 -0.03051 -0.03038 -0.01734 -0.00902 -0.01658
0.010000 -0.02036 -0.01275 -0.01858  0.00585  0.00131
0.010000 -0.02175 -0.00990 -0.01614 -0.00743 -0.00644
0.010000 -0.01538 -0.02743 -0.00874 -0.01796 -0.01031
0.010000 -0.03293 -0.01650 -0.02576 -0.03070 -0.00295
0.010000 -0.04550 -0.02028 -0.01312  0.00344  0.00943
0.010000  0.00875 -0.00173  0.01740 -0.00930 -0.00564
0.010000 -0.00362  0.01079  0.01545  0.00261 -0.00345
0.010000 -0.01424 -0.02113 -0.00337  0.02507  0.00870
0.010000  0.00163 -0.00289  0.01693  0.04422  0.02459
0.010000  0.01694  0.01565  0.00113  0.01045 -0.00391
0.010000 -0.00077 -0.01641  0.00492 -0.00804 -0.00320
0.010000 -0.00505 -0.01339 -0.03053 -0.01734 -0.00450
0.010000 -0.00315  0.00700 -0.00625 -0.00544 -0.00226
0.010000  0.01043  0.01152 -0.01221 -0.00499 -0.01414
0.010000 -0.00797 -0.01600  0.01265  0.01578 -0.01204
0.010000 -0.00457  0.01040 -0.02903 -0.01605  0.01151
0.010000 -0.01969 -0.02997  0.01210 -0.00419  0.00371
0.010000 -0.00553  0.00673  0.02149  0.00426  0.01079
0.010000 -0.00846  0.00607 -0.00941 -0.00220 -0.00854
0.010000  0.01346  0.01636  0.01674  0.02741 -0.00788
0.010000  0.01942  0.01745  0.01518  0.02938 -0.00620
0.010000 -0.00601 -0.01367 -0.04240 -0.02528 -0.00583
0.010000  0.00067  0.01245  0.01404  0.02946 -0.00089
0.010000 -0.00029 -0.02224 -0.02088 -0.00479 -0.01434
0.010000 -0.01153 -0.00036 -0.01565 -0.01411 -0.00673
0.010000 -0.00896 -0.00787  0.02982 -0.00535 -0.00832
0.010000 -0.03431 -0.03074 -0.01860 -0.00531 -0.00141
0.010000 -0.01480 -0.00765  0.01090 -0.02042 -0.01546
0.010000 -0.02653 -0.01474 -0.02562 -0.01278  0.03543
0.010000 -0.01368 -0.00436 -0.01072 -0.00810  0.01405
0.010000  0.01620  0.00211 -0.00217  0.02287  0.00102
0.010000  0.00309  0.00873  0.00553  0.04087  0.01843
0.010000  0.00115 -0.01713 -0.01048 -0.02319 -0.02200
0.010000 -0.03960 -0.03099 -0.01429 -0.00899 -0.01011
0.010000 -0.03583 -0.03082 -0.03016 -0.03470 -0.00452
0.010000 -0.00267  0.00059 -0.01186 -0.00552 -0.00318
0.010000  0.00508  0.00216  0.00258  0.00441 -0.00238
0.010000 -0.03167 -0.03039 -0.02283 -0.03207 -0.00957
0.010000  0.01282 -0.00718  0.01500  0.05877  0.00478
0.010000 -0.00124  0.00789 -0.01974 -0.00922 -0.01494
0.010000  0.00930 -0.01522 -0.00951 -0.00436 -0.00763
0.010000 -0.00747  0.00628 -0.00261 -0.00635 -0.01095
0.010000  0.00019  0.00937 -0.01997 -0.01363 -0.00327
0.010000 -0.00410 -0.01590  0.00811  0.00997 -0.02155
0.010000 -0.00220 -0.01355 -0.00811  0.05037 -0.01130
0.010000  0.02504 -0.00125  0.03052  0.09450 -0.00673
0.010000 -0.02943 -0.03072 -0.00118 -0.02663 -0.01028
0.010000 -0.01839 -0.02880  0.01885 -0.00112 -0.01066
0.010000  0.00714  0.01523  0.00042  0.00720 -0.01164
0.010000  0.00260  0.00261 -0.01265 -0.00802 -0.01576
0.010000 -0.01655 -0.02573  0.00911  0.00618 -0.01701
0.010000 -0.03757 -0.01804 -0.02580 -0.02096 -0.00852
0.010000 -0.02248 -0.00928 -0.02775 -0.03133 -0.01010
0.010000  0.02135  0.00496  0.01489 -0.00330 -0.00052
0.010000 -0.02105 -0.00236  0.00813 -0.02790 -0.00038
0.010000 -0.01206 -0.00468 -0.01191 -0.00903 -0.01268
0.010000 -0.01596 -0.02676 -0.00355 -0.02411 -0.01971
0.010000 -0.01903 -0.01750 -0.01009 -0.03076  0.00030
0.010000  0.01411  0.00400  0.02088  0.00271 -0.02046
0.010000 -0.02401 -0.00273 -0.00404 -0.02035  0.00639
0.010000 -0.02744 -0.00885 -0.00646 -0.00779 -0.00692
0.010000  0.01478  0.01249  0.01584  0.02577 -0.00565
0.010000  0.02633  0.01655  0.01911  0.01784 -0.00572
0.010000 -0.01101 -0.00624 -0.01556 -0.00121 -0.01581
0.010000 -0.01715 -0.01459 -0.01386 -0.01056 -0.01280
0.010000  0.00359 -0.00180  0.01282  0.00507 -0.00305
0.010000  0.01101  0.00336  0.02022  0.01316  0.00439
