# Scenario generation method from a paper by Hoyland, Kaut & Wallace
# Code by Michal Kaut (michal.kaut@iot.ntnu.n) & Diego Mathieu

#   prob   var  1   var  2   var  3   var  4   var  5
0.010000 -0.01362 -0.01044 -0.00982 -0.03953  0.01817
0.010000  0.01590  0.00228  0.00677  0.02222 -0.00122
0.010000  0.01850  0.00653  0.00201  0.00228  0.03924
0.010000 -0.00418  0.01366 -0.00843 -0.01326  0.01394
0.010000 -0.00508 -0.01131 -0.00711 -0.00314  0.01446
0.010000  0.00616 -0.00362 -0.00073  0.01540  0.00879
0.010000  0.00849 -0.00748 -0.00259  0.00715 -0.01569
0.010000  0.00749  0.00743  0.00236 -0.01811  0.00741
0.010000 -0.00012 -0.00351 -0.00552  0.00318 -0.00517
0.010000  0.00099  0.00057  0.00144 -0.00076 -0.00156
0.010000 -0.01220 -0.01166  0.00996 -0.00336 -0.02083
0.010000 -0.02433 -0.01069 -0.00186  0.00342 -0.02919
0.010000  0.01049  0.01286  0.00841 -0.03378 -0.00615
0.010000 -0.00554 -0.00965  0.01270  0.00635 -0.02893
0.010000  0.01185  0.01513 -0.00358  0.01567  0.01397
0.010000  0.00815  0.00117 -0.00602 -0.01456 -0.00859
0.010000  0.01255  0.01225  0.00252 -0.03247  0.00961
0.010000  0.00025 -0.01084 -0.00162  0.01023 -0.00732
0.010000  0.00380  0.00594 -0.00500  0.01984  0.01349
0.010000 -0.01518 -0.00337 -0.00309 -0.02057 -0.04505
0.010000  0.00449  0.00084 -0.00359  0.02131 -0.00235
0.010000 -0.02620 -0.00163 -0.00495 -0.02899  0.00122
0.010000 -0.00375  0.01349 -0.00906  0.00131  0.01261
0.010000  0.00982 -0.00433 -0.00183 -0.03433 -0.00291
0.010000  0.02037 -0.00588  0.01867  0.01380 -0.02928
0.010000 -0.04543 -0.01325 -0.00866  0.00043  0.00717
0.010000 -0.00463 -0.01161 -0.00753  0.01647 -0.02213
0.010000  0.00650  0.00376  0.00160  0.00058 -0.00074
0.010000  0.02004 -0.00452  0.00301  0.00972  0.00402
0.010000 -0.02845 -0.00103 -0.01086 -0.03688 -0.00811
0.010000  0.00683 -0.00316 -0.00097 -0.02315 -0.00609
0.010000  0.01117  0.01164  0.00814 -0.00364 -0.00632
0.010000  0.01946  0.00355 -0.00263  0.02401  0.00995
0.010000  0.00550  0.00600  0.00883 -0.00314 -0.01622
0.010000  0.01151  0.00047  0.01081  0.00627 -0.02813
0.010000 -0.00751  0.01045  0.00136 -0.03364  0.00373
0.010000  0.01220  0.00258 -0.00369  0.01643  0.00870
0.010000  0.01290  0.00578  0.01520 -0.00196 -0.01617
0.010000 -0.00602 -0.00955  0.00249  0.00173 -0.02470
0.010000 -0.01029  0.00464  0.01165  0.00666 -0.02242
0.010000  0.01326  0.01365 -0.00034 -0.00224  0.00524
0.010000  0.01473 -0.00464  0.01521 -0.00946 -0.00411
0.010000 -0.01895 -0.00401 -0.00627 -0.01539 -0.02315
0.010000 -0.03136 -0.00140 -0.00020 -0.05633 -0.02442
0.010000  0.01398 -0.00803  0.01007  0.02528 -0.00234
0.010000  0.01015 -0.00343  0.01535 -0.02218 -0.01192
0.010000 -0.03559 -0.00585 -0.00263 -0.00469 -0.02487
0.010000 -0.00207  0.00834  0.01392 -0.00932 -0.00869
0.010000 -0.02134 -0.01144 -0.01039 -0.00125 -0.00511
0.010000  0.00135 -0.00712 -0.00018 -0.05164 -0.00758
0.010000  0.00948  0.00024  0.01600  0.00982 -0.01639
0.010000 -0.01603 -0.01183 -0.01044 -0.00985  0.00450
0.010000  0.01550 -0.00759  0.01035  0.01748 -0.01313
0.010000 -0.00167 -0.00906 -0.00404  0.01489 -0.00170
0.010000  0.01630 -0.00716  0.00553  0.02535 -0.01762
0.010000  0.01758 -0.00206 -0.00210  0.00925 -0.00318
0.010000 -0.01090  0.00285 -0.00912 -0.00179 -0.00626
0.010000  0.00277  0.00832  0.00146 -0.01534 -0.01211
0.010000 -0.01790 -0.00878 -0.00793  0.00027  0.01058
0.010000  0.00583 -0.00926 -0.00149 -0.01169 -0.01223
0.010000  0.00516  0.00411  0.01560 -0.00502 -0.01157
0.010000 -0.01693 -0.01248 -0.01007 -0.03073 -0.00667
0.010000  0.01511  0.01304  0.01524 -0.03464  0.00654
0.010000  0.00207 -0.00771  0.00386  0.00572 -0.01377
0.010000 -0.01438 -0.00752 -0.00483 -0.04832  0.01216
0.010000  0.00882 -0.00816  0.01318  0.02288 -0.01231
0.010000  0.00482  0.01252 -0.00746  0.00817 -0.00514
0.010000  0.01362  0.01471 -0.00417  0.01484  0.02394
0.010000 -0.01154 -0.00835 -0.01002 -0.02287 -0.01284
0.010000  0.00242 -0.00069 -0.00185  0.00285 -0.00953
0.010000  0.00716 -0.00370  0.00255 -0.00944 -0.00148
0.010000 -0.00050 -0.01089  0.00919 -0.02813 -0.00417
0.010000  0.01672 -0.00200 -0.00269  0.02314 -0.00609
0.010000 -0.02274  0.00219 -0.01047  0.00087 -0.01366
0.010000  0.00346  0.01115 -0.00731 -0.01575  0.00827
0.010000  0.00312  0.00917 -0.00722  0.01005  0.00634
0.010000 -0.00803 -0.01151 -0.00800 -0.00950 -0.01193
0.010000 -0.01289  0.01214 -0.00382 -0.01253 -0.00320
0.010000 -0.00650  0.01192  0.00705 -0.00238 -0.02985
0.010000  0.01714 -0.00609  0.00420 -0.05138  0.03895
0.010000  0.00415 -0.00694  0.01038 -0.01644 -0.02011
0.010000 -0.00248  0.00546 -0.00883 -0.00261  0.00753
0.010000  0.00062 -0.00925  0.00305 -0.00752 -0.02087
0.010000 -0.00913 -0.01214 -0.00158  0.00413  0.00390
0.010000  0.00915 -0.00047  0.01261 -0.00404 -0.03083
0.010000 -0.00332 -0.01143  0.01223 -0.01170 -0.00389
0.010000 -0.02009 -0.00226 -0.00708  0.00374  0.00000
0.010000  0.01995  0.00887  0.01094 -0.00726 -0.02934
0.010000  0.01435  0.01561  0.01193 -0.04503  0.00983
0.010000  0.00782 -0.00911 -0.00480  0.02776  0.01091
0.010000 -0.00089 -0.01105 -0.00698 -0.01643 -0.01120
0.010000 -0.00857 -0.01154 -0.00949  0.01720  0.02511
0.010000 -0.00970 -0.00617 -0.00525 -0.01756  0.00003
0.010000  0.01083 -0.00033  0.01221 -0.04587  0.01315
0.010000 -0.00128  0.00387 -0.00839  0.01703 -0.01565
0.010000  0.01803  0.01538  0.00507 -0.00931  0.01625
0.010000  0.00171  0.00179  0.00226 -0.01217 -0.01656
0.010000  0.01897  0.01526  0.00308  0.00598  0.01564
0.010000 -0.00700 -0.00851  0.00407  0.00388 -0.00056
0.010000 -0.00290 -0.00081  0.00464  0.00423 -0.00909
