# Scenario generation method from a paper by Hoyland, Kaut & Wallace
# Code by Michal Kaut (michal.kaut@iot.ntnu.n) & Diego Mathieu

#   prob   var  1   var  2   var  3   var  4   var  5
0.010000  0.01918  0.01153  0.02448  0.01586  0.03455
0.010000  0.04146  0.03844  0.03933 -0.00238  0.06981
0.010000  0.01649  0.00700 -0.01604 -0.00593 -0.01153
0.010000 -0.03686 -0.07502 -0.01747 -0.00481 -0.06172
0.010000 -0.02720 -0.00598 -0.02631 -0.00647 -0.04137
0.010000  0.00814 -0.00007  0.00525 -0.01307  0.00503
0.010000 -0.01607 -0.00519 -0.00292 -0.00214 -0.02172
0.010000 -0.01088 -0.00534 -0.01840 -0.00280  0.01226
0.010000  0.05153  0.01212  0.01190  0.00378  0.00751
0.010000 -0.04264 -0.02805  0.00760  0.01203 -0.01633
0.010000 -0.00599 -0.01381 -0.01418  0.00012 -0.03476
0.010000 -0.01980 -0.01203 -0.01908 -0.03608 -0.01296
0.010000 -0.02078 -0.01746 -0.02057 -0.01896  0.02930
0.010000 -0.04053 -0.03354 -0.00607 -0.02206  0.03647
0.010000 -0.03861 -0.02261 -0.02392 -0.02451 -0.04122
0.010000  0.01475 -0.00497  0.01727  0.01083 -0.00345
0.010000  0.01222  0.00808 -0.01451  0.00267 -0.04292
0.010000 -0.02840 -0.02907 -0.02585 -0.01312 -0.05469
0.010000  0.04699  0.00905  0.02189  0.02202  0.01555
0.010000  0.03045  0.03676  0.03067  0.00610  0.04271
0.010000  0.02708  0.01431  0.00427  0.01276  0.04269
0.010000 -0.06559 -0.04601 -0.02715 -0.01027 -0.02363
0.010000 -0.02605 -0.00589 -0.02663 -0.01588  0.03090
0.010000 -0.01518  0.01767  0.02028 -0.03977 -0.00124
0.010000  0.00498  0.00156  0.03143  0.00359 -0.02000
0.010000  0.03287  0.02174  0.01053  0.01948  0.04223
0.010000  0.08697  0.06646  0.01443  0.00252  0.05898
0.010000  0.03687  0.00244  0.03218  0.00774  0.04898
0.010000 -0.00922 -0.00855 -0.00907 -0.00259 -0.05378
0.010000 -0.01698 -0.01354  0.01715  0.00504  0.00945
0.010000 -0.02494 -0.04250 -0.00469 -0.01334 -0.03583
0.010000 -0.00048  0.00951  0.00651 -0.00274  0.02211
0.010000  0.00186  0.00467 -0.00624 -0.01964 -0.01407
0.010000  0.02817  0.00626  0.03099  0.00645  0.03996
0.010000 -0.03524 -0.02581 -0.02847 -0.03076  0.00515
0.010000  0.02602  0.00812 -0.00079 -0.02135 -0.00132
0.010000 -0.02178  0.01759 -0.02533 -0.03125  0.01610
0.010000  0.03832  0.02863  0.00294 -0.01464  0.00921
0.010000 -0.00519  0.03526  0.00263 -0.00666  0.04191
0.010000  0.04317  0.01476  0.02965  0.00133 -0.00307
0.010000 -0.01343 -0.01040 -0.02122 -0.02689 -0.00001
0.010000 -0.00440  0.00006 -0.01946  0.00910 -0.05781
0.010000  0.01561 -0.01068  0.03306  0.01864  0.00673
0.010000  0.02297 -0.00175  0.02522  0.00551  0.05268
0.010000 -0.03229 -0.02265  0.01566 -0.00622 -0.05511
0.010000 -0.00679 -0.01909 -0.00595 -0.02116 -0.05546
0.010000  0.00734 -0.01319 -0.00321  0.00637  0.00207
0.010000  0.05731  0.02987  0.02786  0.01847  0.05372
0.010000 -0.01430 -0.02025 -0.00702  0.00337 -0.03514
0.010000 -0.00204 -0.01300  0.02856  0.00512 -0.02930
0.010000  0.01305  0.00787  0.00610  0.00208  0.05927
0.010000  0.02498  0.01919  0.02123  0.01247 -0.00854
0.010000  0.03164 -0.00480  0.03881  0.02557  0.01764
0.010000  0.06100  0.06508  0.03354  0.02560  0.06309
0.010000  0.02200  0.01890  0.01439  0.00663 -0.03106
0.010000  0.01057  0.02645  0.01489 -0.00340  0.00749
0.010000  0.01827  0.00766 -0.01502  0.00503 -0.04164
0.010000 -0.04505 -0.00913 -0.00121 -0.00977 -0.01545
0.010000  0.00576  0.00225  0.02868 -0.01112  0.01575
0.010000 -0.03093 -0.00287 -0.02791 -0.03050  0.01490
0.010000  0.00263  0.00335 -0.00441 -0.01170  0.05496
0.010000 -0.05603 -0.02303 -0.00390 -0.01602 -0.00554
0.010000  0.00419 -0.00794  0.03099  0.00061 -0.04540
0.010000 -0.00760 -0.00721 -0.02161 -0.01533 -0.02414
0.010000 -0.01790 -0.01347  0.01724  0.00223  0.05049
0.010000 -0.00361  0.00913 -0.00442  0.00618 -0.03071
0.010000 -0.03372 -0.03690 -0.00087 -0.01520 -0.01546
0.010000 -0.01884 -0.00072 -0.00895 -0.02426 -0.02890
0.010000  0.00895  0.00419  0.01126  0.00705  0.00303
0.010000  0.04501  0.01401  0.03758  0.02136 -0.02431
0.010000 -0.01005  0.00992 -0.01252 -0.01654 -0.01968
0.010000 -0.01257 -0.00375 -0.02397 -0.02132  0.03194
0.010000 -0.04785 -0.04898 -0.02491 -0.01271 -0.04682
0.010000  0.06568  0.06013  0.04077  0.02878 -0.00122
0.010000  0.02397  0.00588  0.03766  0.01469  0.04552
0.010000  0.02104 -0.01968  0.02114  0.01364  0.02662
0.010000  0.03415  0.02341  0.00465 -0.00083  0.00006
0.010000 -0.05131 -0.03408 -0.01742 -0.01958  0.00108
0.010000  0.00655 -0.00785  0.02939  0.00376 -0.00568
0.010000 -0.02280 -0.01075  0.01148  0.00935  0.03973
0.010000  0.01139  0.00267  0.01141  0.00085  0.02599
0.010000 -0.00282  0.00298 -0.01491 -0.01758 -0.04096
0.010000 -0.02386 -0.03635 -0.00214  0.00746 -0.04241
0.010000  0.00030  0.00719 -0.01094 -0.00697  0.00812
0.010000  0.03984  0.01638  0.03921  0.01831  0.00038
0.010000 -0.00126 -0.00019  0.01256  0.00066 -0.00676
0.010000  0.03548 -0.00604  0.03335  0.01666  0.00327
0.010000  0.00108 -0.00986 -0.01623  0.01220 -0.00914
0.010000  0.07231  0.04267  0.03722  0.03676  0.05231
0.010000  0.01390  0.03348 -0.00149 -0.00244  0.02753
0.010000  0.01737 -0.00096  0.00740  0.01173  0.00788
0.010000  0.05422  0.02194  0.01886  0.02853  0.03681
0.010000  0.02010  0.08589  0.03208 -0.00042  0.05793
0.010000  0.00975  0.00264 -0.01309 -0.01049  0.00299
0.010000  0.00341 -0.00669 -0.01726 -0.01780 -0.01165
0.010000  0.04915  0.03967  0.01985  0.01673  0.04013
0.010000  0.02930  0.04215 -0.00076  0.00238 -0.00837
0.010000 -0.02964 -0.02065 -0.02446 -0.02791 -0.04651
0.010000 -0.00841 -0.01328  0.00988 -0.00665  0.03307
0.010000 -0.01172  0.00414  0.00246 -0.01208 -0.02734
