# Scenario generation method from a paper by Hoyland, Kaut & Wallace
# Code by Michal Kaut (michal.kaut@iot.ntnu.n) & Diego Mathieu

#   prob   var  1   var  2   var  3   var  4   var  5
0.010000 -0.00304 -0.00006 -0.01801 -0.01117 -0.02117
0.010000 -0.00459  0.00219 -0.01208 -0.01009 -0.01877
0.010000 -0.00934 -0.00692 -0.00196 -0.02640 -0.02430
0.010000  0.02276  0.00170  0.04586  0.02533  0.03887
0.010000 -0.02809 -0.01571 -0.01819  0.00260 -0.00663
0.010000  0.02484  0.01001  0.03563  0.02856  0.01486
0.010000  0.01220  0.01612  0.00012 -0.02356  0.00035
0.010000 -0.04138 -0.01210 -0.01974 -0.04608  0.00560
0.010000  0.00424 -0.01070  0.00719 -0.00037 -0.00099
0.010000 -0.01443 -0.02118 -0.01649 -0.01066 -0.04425
0.010000  0.00371  0.00615  0.02337  0.01403 -0.00816
0.010000  0.00640  0.00779  0.01782  0.00439  0.00369
0.010000 -0.01268 -0.01015 -0.00878 -0.00325 -0.03926
0.010000 -0.02629 -0.01219 -0.02388 -0.01798 -0.03800
0.010000  0.00532 -0.01349  0.02459  0.00541  0.00274
0.010000 -0.01688 -0.01273 -0.02470 -0.01534 -0.04767
0.010000 -0.01043 -0.00052 -0.02481 -0.01128 -0.04935
0.010000  0.00161 -0.00408 -0.01030 -0.00495 -0.03988
0.010000 -0.01948 -0.01850 -0.01457 -0.01772  0.03829
0.010000 -0.03764 -0.01540 -0.01685 -0.02748  0.00623
0.010000  0.00864  0.00233  0.00439  0.00525 -0.03525
0.010000 -0.03471 -0.01411 -0.01750 -0.01795 -0.00938
0.010000 -0.00773 -0.01321  0.08005  0.07812  0.07590
0.010000  0.02378 -0.00367  0.04723  0.02104  0.04016
0.010000  0.01689  0.00718  0.07014  0.08131  0.04816
0.010000 -0.01625 -0.01969  0.00985  0.01319 -0.01441
0.010000 -0.01881 -0.01524 -0.00219 -0.00452  0.01343
0.010000 -0.02231 -0.02093 -0.02179 -0.01479 -0.03768
0.010000  0.00266  0.00223 -0.01383 -0.00055 -0.02383
0.010000  0.01158 -0.00063  0.00983  0.00829 -0.02068
0.010000 -0.00253 -0.01163  0.00414 -0.00801 -0.03083
0.010000 -0.00826 -0.01002 -0.02133 -0.00587 -0.04890
0.010000  0.02089  0.01337  0.01923  0.00395 -0.00274
0.010000  0.02180  0.00796  0.02586  0.02287 -0.00273
0.010000 -0.00511 -0.01453  0.00981  0.00676  0.01601
0.010000  0.00318 -0.00754  0.01700  0.01252 -0.01184
0.010000 -0.02905 -0.00638 -0.01468 -0.00289  0.00453
0.010000  0.00979  0.00235  0.02242  0.00193  0.02752
0.010000  0.02589  0.01833  0.03372  0.02726 -0.01435
0.010000 -0.03111 -0.01810 -0.01431 -0.00079 -0.02619
0.010000 -0.01384 -0.01230 -0.00040  0.00221  0.02384
0.010000 -0.03938 -0.02972 -0.01840 -0.03213 -0.00023
0.010000 -0.00046 -0.01105  0.02798  0.00842 -0.00287
0.010000  0.02002  0.01519  0.02463  0.00940  0.01017
0.010000  0.00807 -0.00171  0.01532 -0.00638  0.04518
0.010000 -0.01211 -0.00578  0.00676  0.00062  0.02724
0.010000 -0.02158 -0.01428 -0.00309 -0.01832 -0.01386
0.010000 -0.00615  0.00353 -0.00031  0.00762 -0.01176
0.010000  0.01763  0.00301  0.02163  0.01415 -0.01251
0.010000  0.01840  0.01577  0.00756  0.00543 -0.01365
0.010000 -0.03342 -0.01535 -0.02328 -0.01150  0.01415
0.010000  0.00696  0.00160 -0.00293  0.00327 -0.01832
0.010000 -0.00720 -0.00410  0.00046 -0.01312 -0.03164
0.010000 -0.02462 -0.00740 -0.00737 -0.01451  0.01919
0.010000 -0.01503 -0.01992  0.01630 -0.01257  0.02817
0.010000 -0.04379 -0.02881 -0.01641 -0.01180 -0.01140
0.010000 -0.00667 -0.01780 -0.00263  0.00936  0.01182
0.010000 -0.01099 -0.02032  0.00012 -0.00216 -0.00128
0.010000 -0.02383 -0.00974 -0.01363 -0.01292 -0.00601
0.010000 -0.01326 -0.01437  0.01070 -0.01518  0.02994
0.010000 -0.03223 -0.02408 -0.01482 -0.03529  0.01578
0.010000 -0.02016 -0.00279 -0.00242 -0.00941  0.00443
0.010000  0.01412  0.00613  0.02155  0.01388 -0.02149
0.010000  0.01347  0.01165  0.01543  0.00731 -0.00906
0.010000  0.00109 -0.00599  0.01156  0.00258  0.02517
0.010000  0.00586 -0.00207  0.00067 -0.00207 -0.03227
0.010000 -0.00150  0.00179 -0.00113  0.04716 -0.01381
0.010000 -0.00201 -0.00244 -0.00071 -0.00619 -0.01333
0.010000  0.00921  0.00411  0.02258  0.00143  0.02875
0.010000 -0.03610 -0.01795 -0.01794  0.00595 -0.02570
0.010000  0.01038  0.00770  0.00885  0.00589 -0.02462
0.010000  0.02589  0.00432  0.04182  0.04397 -0.01175
0.010000  0.01617  0.00837  0.04793  0.04921  0.07562
0.010000 -0.00563 -0.00918 -0.00565 -0.00493 -0.02083
0.010000 -0.04696 -0.02892 -0.02296 -0.03772 -0.02188
0.010000  0.01919  0.01286  0.01324  0.00884  0.02103
0.010000  0.00478 -0.00582  0.02005  0.01012 -0.01103
0.010000 -0.05263 -0.02928 -0.02116 -0.03177 -0.00153
0.010000  0.01098  0.01396  0.00067 -0.00513 -0.02954
0.010000 -0.00988 -0.00472  0.01630  0.01178  0.01915
0.010000  0.00751  0.00555 -0.00135  0.01018  0.00795
0.010000  0.00213 -0.00356 -0.00957 -0.01212 -0.02420
0.010000  0.01547  0.01419  0.00403  0.00547  0.02723
0.010000 -0.02086 -0.02091 -0.02214 -0.01891 -0.04230
0.010000 -0.02545 -0.02492 -0.00270  0.00872 -0.02023
0.010000 -0.00407 -0.00319  0.01624  0.01167  0.00117
0.010000  0.01283  0.00686  0.01067 -0.00002 -0.03438
0.010000 -0.01564  0.00455 -0.01854 -0.00629 -0.03221
0.010000 -0.00356 -0.00575  0.01010  0.00203 -0.00456
0.010000 -0.01751 -0.01391  0.00192 -0.01052  0.03912
0.010000 -0.00098  0.00963  0.00304  0.00548 -0.00062
0.010000 -0.00880 -0.01077  0.00147 -0.03389 -0.01695
0.010000  0.00057 -0.01205 -0.00003  0.00242 -0.04135
0.010000  0.01478 -0.00749  0.02946  0.01055  0.00468
0.010000  0.00005  0.00054 -0.01302  0.00029 -0.04250
0.010000 -0.01815 -0.00250 -0.02125 -0.00507 -0.03643
0.010000 -0.01155 -0.01948 -0.01909 -0.01459 -0.04989
0.010000 -0.03005 -0.02214 -0.00384 -0.04388 -0.00188
0.010000 -0.02717 -0.01365 -0.01632  0.01421 -0.02507
0.010000 -0.02306 -0.02065 -0.00742 -0.01195 -0.02336
