# Scenario generation method from a paper by Hoyland, Kaut & Wallace
# Code by Michal Kaut (michal.kaut@iot.ntnu.n) & Diego Mathieu

#   prob   var  1   var  2   var  3   var  4   var  5
0.010000  0.01592  0.02747  0.02479  0.00213  0.00653
0.010000 -0.03985  0.00781 -0.02526 -0.04109  0.03841
0.010000  0.02676  0.01752  0.02790 -0.01069 -0.00053
0.010000 -0.01045 -0.02969  0.02785  0.01249  0.04618
0.010000 -0.00578 -0.00959  0.00390  0.00242  0.02287
0.010000  0.01511  0.01951  0.00773 -0.00481 -0.01781
0.010000  0.03113  0.02214  0.00140 -0.00462  0.04934
0.010000 -0.01462  0.02047  0.01888 -0.00167 -0.03527
0.010000  0.03618  0.01896  0.00697  0.00726  0.01727
0.010000 -0.03081 -0.03064 -0.02316 -0.01091 -0.06161
0.010000  0.02998  0.00733  0.02851  0.00526  0.04202
0.010000 -0.02939 -0.04226  0.01537  0.00775 -0.04825
0.010000  0.04614  0.02330  0.00089  0.00301  0.01151
0.010000  0.07258  0.01933  0.02134  0.02541  0.03589
0.010000  0.00233  0.01157  0.00188 -0.00777  0.02002
0.010000  0.00378  0.00694 -0.01637  0.00244  0.03127
0.010000  0.03483  0.03520  0.00597  0.01225 -0.01611
0.010000  0.02888  0.04065  0.00044  0.00000  0.03984
0.010000  0.08938  0.02352  0.04168  0.02511  0.02392
0.010000 -0.04913 -0.03025 -0.02398 -0.03008 -0.03987
0.010000 -0.02118 -0.01550  0.00331  0.00348  0.02391
0.010000 -0.00279 -0.02232 -0.01286 -0.01511 -0.00140
0.010000 -0.06638 -0.07075 -0.00935 -0.02005 -0.00595
0.010000 -0.00654 -0.01439 -0.01275 -0.01375 -0.01251
0.010000  0.01674  0.01114  0.03438  0.00948 -0.00218
0.010000  0.04417  0.00604  0.00019  0.00085  0.05256
0.010000  0.00523 -0.02818  0.03424  0.01450  0.06217
0.010000 -0.02805 -0.01231  0.00719 -0.00770  0.02780
0.010000 -0.01208 -0.00471 -0.02293 -0.02684  0.02799
0.010000 -0.00965 -0.00550 -0.01766 -0.02100 -0.05536
0.010000  0.05344  0.02734  0.04134  0.02345 -0.02523
0.010000 -0.01919 -0.01347 -0.01838 -0.01664 -0.05372
0.010000  0.01431  0.00440  0.01175  0.02271 -0.03124
0.010000 -0.01126 -0.01110 -0.00282  0.00192  0.03789
0.010000  0.00967 -0.00103  0.02428  0.00263  0.01605
0.010000  0.00305  0.00158  0.03049  0.02072  0.07209
0.010000 -0.00886  0.00158  0.01373 -0.01029 -0.04653
0.010000 -0.03767 -0.07304 -0.02552 -0.01247  0.03190
0.010000 -0.00808 -0.02385  0.01873 -0.00380 -0.02505
0.010000 -0.01291 -0.01492  0.02657 -0.00256 -0.03913
0.010000  0.05662  0.05085  0.02816  0.01986  0.05320
0.010000  0.03355  0.03571  0.02064 -0.01108  0.03716
0.010000 -0.02222 -0.00183  0.00036 -0.02254  0.05408
0.010000  0.01196  0.00423  0.03026 -0.00550  0.02734
0.010000  0.00670 -0.00658 -0.00376 -0.00003 -0.02632
0.010000  0.02286  0.00040 -0.01062 -0.00250  0.03373
0.010000 -0.00428 -0.01991  0.01726  0.02001 -0.00183
0.010000 -0.03572 -0.02231  0.00080 -0.00589 -0.05529
0.010000  0.00014 -0.02803 -0.00563  0.00670 -0.05028
0.010000  0.06540  0.01990  0.01523  0.00402  0.00848
0.010000  0.00160  0.02185  0.01323 -0.02446  0.00763
0.010000  0.01757  0.02766  0.00841  0.01506 -0.00126
0.010000 -0.00731 -0.01528 -0.00696 -0.02083 -0.01289
0.010000 -0.01730  0.01463 -0.01578 -0.01768 -0.03379
0.010000 -0.00353 -0.01401  0.00903 -0.00908 -0.01396
0.010000 -0.02441 -0.03222 -0.02393 -0.01525  0.00872
0.010000  0.00087 -0.00228 -0.00424 -0.00242  0.00488
0.010000 -0.05448 -0.03966 -0.02069 -0.02082 -0.02624
0.010000 -0.01639 -0.01479  0.00368 -0.01949  0.00199
0.010000  0.02380  0.02245  0.02257  0.00620 -0.00414
0.010000 -0.04536 -0.03827 -0.02171 -0.04106 -0.01993
0.010000 -0.00132 -0.01849  0.02196 -0.00755 -0.00601
0.010000 -0.01549  0.01106 -0.02332 -0.02770  0.04160
0.010000  0.04235  0.02121  0.03807  0.01766 -0.00862
0.010000  0.02575  0.02587  0.01348  0.00839 -0.00532
0.010000 -0.00059  0.01100  0.00431 -0.01599  0.05215
0.010000 -0.01376 -0.02226 -0.02081  0.00135  0.00657
0.010000  0.02014  0.00436  0.03539  0.02469  0.03229
0.010000  0.00817 -0.01563  0.00686 -0.00669  0.05756
0.010000  0.01043  0.07786 -0.01365 -0.00308  0.01099
0.010000 -0.00205 -0.01523 -0.01228  0.00653  0.06194
0.010000  0.02103  0.01145  0.03506  0.00280  0.06863
0.010000  0.04830 -0.02247  0.01953  0.02196  0.04243
0.010000  0.00743 -0.00213 -0.01617 -0.01113 -0.03533
0.010000 -0.03232 -0.02346 -0.00765 -0.00490 -0.04697
0.010000 -0.02678 -0.07499 -0.01207  0.00131 -0.00606
0.010000  0.02193  0.00628 -0.00743  0.01332 -0.01119
0.010000 -0.04237 -0.01710 -0.02508 -0.03014 -0.05274
0.010000 -0.00503 -0.00099  0.00011  0.01307  0.02411
0.010000  0.03231  0.00453  0.01034  0.02168  0.02593
0.010000  0.02780  0.02140  0.03915  0.02270  0.07837
0.010000 -0.01823 -0.00692 -0.00269 -0.01453  0.01365
0.010000  0.01273  0.02756  0.00324  0.00387  0.00725
0.010000  0.00892 -0.00952 -0.01736  0.00072 -0.00912
0.010000  0.02476  0.00705 -0.00137 -0.00191  0.07851
0.010000  0.05071  0.05820  0.03602  0.01153 -0.00807
0.010000  0.01841  0.00055  0.03578  0.02188  0.02040
0.010000  0.00596  0.03007 -0.00198 -0.00698 -0.05279
0.010000 -0.02557 -0.03438 -0.01157 -0.01271 -0.02246
0.010000 -0.02017 -0.02636 -0.01801 -0.02631  0.05434
0.010000  0.03759  0.02124  0.02801  0.03296  0.06060
0.010000 -0.02329 -0.01354 -0.02459 -0.01819 -0.01632
0.010000  0.01927  0.00950 -0.01026 -0.02128 -0.02921
0.010000  0.00450 -0.00231  0.02325  0.00236  0.06102
0.010000  0.01119 -0.01868  0.00045 -0.00478 -0.01571
0.010000 -0.03395 -0.04541 -0.01330  0.00135  0.00710
0.010000  0.01352 -0.01588  0.01679  0.01934 -0.01053
0.010000  0.03908  0.03288  0.01848  0.01046 -0.02334
0.010000  0.06046  0.08391  0.03775  0.00016  0.04515
0.010000  0.04066  0.03832  0.03575  0.00816  0.02611
