# Scenario generation method from a paper by Hoyland, Kaut & Wallace
# Code by Michal Kaut (michal.kaut@iot.ntnu.n) & Diego Mathieu

#   prob   var  1   var  2   var  3   var  4   var  5
0.010000 -0.05935 -0.02661 -0.04496  0.00241 -0.02247
0.010000  0.04511  0.03692  0.01620 -0.02205  0.00790
0.010000  0.02463  0.00871  0.00607  0.00858  0.00113
0.010000  0.01107 -0.01379  0.00335  0.02538  0.00347
0.010000 -0.01609  0.03759 -0.00195  0.00600  0.03068
0.010000 -0.02052  0.01165  0.00130  0.00883  0.00103
0.010000  0.02030  0.01806  0.01073  0.01055 -0.00485
0.010000  0.00318  0.01758  0.00984  0.00447 -0.00360
0.010000 -0.05389 -0.00910 -0.04234 -0.00756  0.00182
0.010000 -0.03288 -0.03682 -0.01193 -0.00677  0.01353
0.010000 -0.02399 -0.00013 -0.00094 -0.00731 -0.02377
0.010000 -0.02765 -0.02409 -0.01314 -0.00228 -0.01855
0.010000  0.03527  0.01035 -0.00508 -0.02141  0.02120
0.010000 -0.05154 -0.02454 -0.01119 -0.01028 -0.01682
0.010000 -0.03570 -0.01483 -0.04758 -0.01188 -0.02451
0.010000 -0.01502 -0.00248 -0.00183  0.00032  0.00710
0.010000  0.04065  0.02276  0.01066  0.01727  0.01832
0.010000 -0.01395 -0.00015  0.00253  0.00058  0.00466
0.010000 -0.03153  0.01626 -0.05133  0.00446  0.03034
0.010000 -0.00472 -0.00561 -0.00466 -0.02492 -0.03274
0.010000  0.01207  0.00415 -0.01994  0.00952  0.00862
0.010000 -0.02891  0.00243 -0.00445  0.00229 -0.01857
0.010000  0.02687  0.03075  0.01315  0.01777 -0.01153
0.010000 -0.00075  0.01169  0.00028 -0.00694 -0.00404
0.010000  0.01716  0.00062  0.00569  0.00945  0.02267
0.010000 -0.06673 -0.01405 -0.02285 -0.00220 -0.03396
0.010000  0.01409 -0.00164  0.00327 -0.00989 -0.01910
0.010000  0.03276  0.01115  0.00745  0.01272 -0.00624
0.010000 -0.03870 -0.00541 -0.02211  0.00076 -0.00662
0.010000  0.04837  0.02066  0.00518  0.01908  0.04028
0.010000 -0.01289  0.00418 -0.00296  0.00150  0.00448
0.010000  0.01820  0.01354  0.00885  0.00910 -0.01019
0.010000  0.01511  0.03166  0.01106 -0.00555  0.00023
0.010000  0.00908  0.06934  0.01976 -0.02849  0.00967
0.010000  0.04671  0.02843 -0.00921  0.00031  0.01239
0.010000 -0.01718  0.00689 -0.01450  0.00714 -0.03132
0.010000 -0.00174  0.02989  0.00885  0.00093  0.02047
0.010000 -0.05647 -0.02859 -0.01806 -0.00496 -0.03278
0.010000 -0.02282  0.00477 -0.01425  0.01556  0.02404
0.010000  0.06648 -0.00376  0.00464  0.01737  0.00839
0.010000  0.01308 -0.07121 -0.01830  0.01507  0.01640
0.010000 -0.00978  0.00224 -0.01423 -0.00856  0.00654
0.010000  0.03401  0.04275  0.01258 -0.00064 -0.00831
0.010000  0.03155  0.04623  0.01084  0.00312  0.02183
0.010000  0.05597  0.00212 -0.00505  0.02006  0.02205
0.010000 -0.02519  0.02403  0.00895 -0.00826 -0.02552
0.010000  0.05012  0.03480  0.01156  0.00102  0.03073
0.010000 -0.00672 -0.00796  0.00232  0.00318  0.00431
0.010000  0.03657  0.00179 -0.01087 -0.00404  0.02349
0.010000  0.04209  0.02953  0.01616  0.00426  0.00888
0.010000 -0.00273  0.00591  0.00246 -0.00507  0.00199
0.010000 -0.00875  0.01844 -0.00323  0.01600  0.00257
0.010000  0.05195  0.03174  0.01684  0.01148  0.01926
0.010000  0.00612 -0.00731  0.00018  0.00289  0.00165
0.010000 -0.01081 -0.04118 -0.02634 -0.00121 -0.03129
0.010000 -0.04365  0.00901 -0.00769  0.00071 -0.01255
0.010000  0.02917 -0.01393  0.00523 -0.00801  0.02758
0.010000  0.05821  0.01485  0.00837  0.02175  0.04267
0.010000  0.03789 -0.00220  0.00761 -0.00654 -0.01059
0.010000 -0.02166  0.02272  0.00601 -0.00803 -0.02969
0.010000 -0.00572  0.00145 -0.00108 -0.00684 -0.04786
0.010000  0.00024  0.02169 -0.00084 -0.01701  0.01888
0.010000 -0.04193  0.02337 -0.01761  0.01027 -0.00976
0.010000  0.06338  0.03061  0.01178  0.00925  0.00947
0.010000  0.05390  0.00339  0.01183  0.00224 -0.00982
0.010000  0.03925  0.02454  0.01118 -0.00062  0.02759
0.010000 -0.03718 -0.01848 -0.00484  0.00197 -0.02819
0.010000 -0.07221 -0.01520 -0.02176 -0.00361 -0.00290
0.010000  0.00122 -0.04988 -0.02415  0.00670  0.01931
0.010000 -0.04938 -0.00976 -0.01560  0.00177 -0.02818
0.010000  0.04357  0.04504  0.01597  0.00984  0.02467
0.010000  0.00710  0.01194  0.00136  0.00082  0.03240
0.010000  0.07017  0.08274  0.02180  0.00287  0.02028
0.010000  0.03035  0.04897  0.01475 -0.00175 -0.00400
0.010000 -0.04545 -0.00395 -0.01987  0.00288  0.01434
0.010000  0.01613  0.02579  0.01017 -0.00748  0.00177
0.010000 -0.01939  0.01790 -0.00839 -0.00190  0.01331
0.010000  0.06066  0.02482  0.01595  0.00205 -0.00126
0.010000 -0.02641 -0.01890 -0.01871  0.01193 -0.03028
0.010000 -0.00774  0.01774 -0.02350  0.00698 -0.00536
0.010000  0.02137  0.04724  0.01419 -0.01186 -0.00254
0.010000  0.02801  0.00224 -0.00591  0.00122  0.00700
0.010000  0.02245  0.02941  0.00743 -0.00443 -0.00897
0.010000  0.07467  0.03774  0.01636  0.00740  0.02171
0.010000 -0.01828  0.01691  0.00617 -0.01996 -0.00198
0.010000  0.00220  0.00323 -0.00557 -0.00437  0.00127
0.010000 -0.03427  0.00923 -0.00006 -0.02155 -0.01508
0.010000  0.01925  0.02112 -0.00320 -0.00208  0.00974
0.010000 -0.03020 -0.01539 -0.01571  0.00607 -0.01494
0.010000 -0.01185  0.00591  0.00495 -0.00757  0.00872
0.010000 -0.00372  0.02179  0.00251 -0.00152 -0.00050
0.010000  0.00416  0.01224 -0.00036  0.00366  0.02902
0.010000  0.02574  0.03349  0.01427 -0.00369  0.00572
0.010000 -0.04028 -0.00048 -0.03497 -0.00192  0.01199
0.010000  0.00514  0.01630  0.00412  0.01208  0.00839
0.010000  0.01007 -0.00197  0.00366  0.01297 -0.00781
0.010000 -0.04735 -0.02281 -0.00810 -0.00288  0.00116
0.010000  0.00809 -0.00953 -0.01193 -0.00083  0.00749
0.010000  0.02353  0.01827  0.00957  0.00475 -0.00746
0.010000 -0.06269 -0.05262 -0.02524 -0.00953 -0.04883
