# Scenario generation method from a paper by Hoyland, Kaut & Wallace
# Code by Michal Kaut (michal.kaut@iot.ntnu.n) & Diego Mathieu

#   prob   var  1   var  2   var  3   var  4   var  5
0.010000 -0.03310 -0.01033 -0.01198 -0.00069 -0.00929
0.010000 -0.02740 -0.02060 -0.00676  0.00587  0.00232
0.010000 -0.03121 -0.00855 -0.02497 -0.00894  0.00042
0.010000 -0.04335 -0.04650 -0.02530  0.00162 -0.01562
0.010000  0.05943  0.02811  0.00881 -0.01067  0.01143
0.010000 -0.01653  0.01927  0.01409  0.01314 -0.00439
0.010000 -0.04887 -0.03531 -0.03241  0.01241 -0.00497
0.010000 -0.05159 -0.00177 -0.00251 -0.01836 -0.00520
0.010000 -0.03592  0.00284 -0.00785 -0.00288 -0.03705
0.010000  0.02545  0.03547  0.00373 -0.00460  0.00549
0.010000  0.03858  0.02327  0.02681  0.00887  0.01861
0.010000  0.08634  0.07380  0.03606 -0.00674  0.02743
0.010000  0.00934 -0.02908  0.00174  0.01244  0.02475
0.010000 -0.05594 -0.03511 -0.03885  0.00681 -0.01279
0.010000 -0.04612 -0.04124 -0.02304 -0.00244 -0.00386
0.010000 -0.03685 -0.02920 -0.01477  0.00441 -0.00750
0.010000 -0.02449 -0.02936 -0.00424  0.00006  0.00966
0.010000 -0.03965  0.01711 -0.00065  0.00505 -0.01046
0.010000 -0.01341  0.00744 -0.00323  0.00078  0.00016
0.010000  0.07255  0.02438  0.03968  0.00503  0.00701
0.010000  0.02939 -0.00331  0.02302 -0.00892  0.00820
0.010000  0.00396 -0.01982 -0.00139  0.00552 -0.00741
0.010000 -0.05249 -0.02119 -0.01048  0.00180 -0.00124
0.010000 -0.05577 -0.02657 -0.01591  0.00266 -0.02317
0.010000  0.04733  0.04359  0.01424 -0.01946 -0.00365
0.010000 -0.05821 -0.03153 -0.01637  0.00540 -0.00101
0.010000 -0.02254 -0.03470  0.00488  0.02171 -0.00083
0.010000 -0.00224 -0.03189 -0.00201 -0.00849  0.01974
0.010000 -0.01550  0.00059 -0.00448  0.00936  0.01098
0.010000 -0.00910 -0.01626 -0.00200  0.00830 -0.01625
0.010000  0.00142  0.01797  0.00559 -0.00115 -0.00343
0.010000 -0.01128  0.00662  0.01598 -0.00770 -0.00204
0.010000 -0.04978  0.02362 -0.00124 -0.00229 -0.00452
0.010000 -0.00459  0.00392 -0.00029  0.00179 -0.00220
0.010000 -0.04243 -0.04214 -0.01734 -0.01809 -0.01146
0.010000 -0.04057 -0.01164 -0.00352  0.00898 -0.00294
0.010000 -0.04520  0.00975 -0.00943  0.01787 -0.01377
0.010000  0.00527  0.04574  0.03019 -0.00792  0.00761
0.010000 -0.02835  0.02139  0.01607 -0.00918 -0.00973
0.010000 -0.01956 -0.02057 -0.01433 -0.00212 -0.00651
0.010000 -0.02155  0.00722 -0.00620 -0.00347 -0.01393
0.010000 -0.04219 -0.03656 -0.02664  0.00173 -0.00807
0.010000 -0.05751 -0.04678 -0.01108  0.00480 -0.00926
0.010000 -0.01755 -0.03843 -0.02949 -0.00169 -0.00859
0.010000 -0.05511 -0.04310 -0.01695 -0.00441  0.02303
0.010000  0.00018  0.00006  0.01098  0.00050 -0.00625
0.010000 -0.02931  0.05025  0.00075  0.00871  0.01657
0.010000 -0.01235 -0.03618 -0.00731 -0.00018 -0.02105
0.010000  0.02009  0.02553  0.02247 -0.00592 -0.00083
0.010000 -0.04150 -0.03494 -0.01815 -0.01595 -0.00838
0.010000  0.01523  0.00599  0.00444 -0.00417 -0.00052
0.010000 -0.03404 -0.02531 -0.01466  0.00247 -0.00234
0.010000  0.00660  0.04930  0.00875  0.01516 -0.00109
0.010000 -0.00687 -0.03142 -0.00963  0.00071  0.00177
0.010000 -0.05930 -0.02558 -0.00682  0.00786 -0.00077
0.010000 -0.02352  0.00848 -0.01613  0.00275  0.00775
0.010000  0.03151  0.00908  0.01006 -0.00810 -0.00885
0.010000 -0.05942 -0.04627 -0.02524 -0.01350 -0.01692
0.010000 -0.05675 -0.03493 -0.02961 -0.00946 -0.01410
0.010000 -0.04427 -0.04307 -0.02009  0.00177 -0.02625
0.010000 -0.03216  0.00029 -0.01634  0.00375  0.02573
0.010000  0.01842  0.00402  0.00791 -0.00392 -0.00478
0.010000 -0.05425 -0.04950 -0.03317 -0.00403 -0.01675
0.010000 -0.00574  0.00873 -0.00409  0.01210  0.00211
0.010000  0.02181 -0.01451  0.00298 -0.00645  0.01353
0.010000 -0.03872  0.03531 -0.00744  0.00896 -0.00353
0.010000 -0.03026 -0.03696 -0.01731  0.00655 -0.00265
0.010000  0.06506  0.01415  0.01891 -0.00523  0.01402
0.010000  0.05481  0.01201  0.01887 -0.00703 -0.00398
0.010000 -0.05882 -0.02960 -0.00985 -0.00643 -0.02007
0.010000 -0.05337 -0.03118 -0.01428 -0.00170 -0.01440
0.010000 -0.02643 -0.00930  0.02026  0.00845  0.01701
0.010000  0.03608  0.01935  0.00991 -0.00214  0.00333
0.010000 -0.04704 -0.03370 -0.06388 -0.00146 -0.01542
0.010000 -0.01020 -0.03378 -0.00330 -0.00526 -0.00166
0.010000  0.04416  0.02161  0.02181 -0.00805  0.01648
0.010000  0.01222 -0.03046 -0.00472  0.00283 -0.00249
0.010000  0.00796  0.00052  0.00855  0.00052  0.03161
0.010000  0.05084 -0.01231  0.01958  0.00684  0.02968
0.010000 -0.02056 -0.00858 -0.00662  0.00670  0.00481
0.010000  0.01370  0.01880  0.01319 -0.01073  0.01161
0.010000 -0.05069  0.01918 -0.00422 -0.00108 -0.00458
0.010000 -0.05955 -0.04840 -0.04412  0.00856 -0.01650
0.010000  0.00268  0.03371  0.01382 -0.01056  0.00227
0.010000  0.01680 -0.00720 -0.00581  0.00269  0.01208
0.010000 -0.05854 -0.05015 -0.01756 -0.00359 -0.01054
0.010000 -0.02547 -0.04048 -0.04541  0.01361  0.01453
0.010000 -0.01856 -0.00679 -0.00401 -0.00976 -0.01194
0.010000  0.02360  0.00397  0.00366 -0.00665  0.00027
0.010000  0.04126  0.00518  0.01026 -0.00225  0.00697
0.010000  0.03373  0.05012  0.03055 -0.00709 -0.00159
0.010000  0.01076 -0.01725  0.00535 -0.00574 -0.00531
0.010000 -0.04795 -0.03978 -0.03199 -0.00177  0.00348
0.010000 -0.00800 -0.02685 -0.00443  0.00027 -0.00089
0.010000 -0.00104 -0.02968 -0.00228 -0.01368 -0.01147
0.010000 -0.01446  0.01753  0.02256  0.00122 -0.00246
0.010000 -0.03778  0.01208 -0.00135 -0.00077  0.00367
0.010000  0.02738 -0.02268  0.00332 -0.00484  0.02123
0.010000 -0.03498 -0.02948 -0.01965 -0.00892 -0.01087
0.010000 -0.00342 -0.02199 -0.00198  0.00239 -0.00649
