# Scenario generation method from a paper by Hoyland, Kaut & Wallace
# Code by Michal Kaut (michal.kaut@iot.ntnu.n) & Diego Mathieu

#   prob   var  1   var  2   var  3   var  4   var  5
0.010000  0.03709  0.01739  0.00923  0.00362  0.02528
0.010000 -0.01602 -0.02914  0.00282 -0.02407  0.00370
0.010000 -0.01380 -0.00247 -0.00672 -0.00019  0.01651
0.010000 -0.01748 -0.03903 -0.01298 -0.00007 -0.00131
0.010000  0.02582  0.00573  0.00633 -0.00460  0.05745
0.010000  0.02479  0.00550  0.03157 -0.00647  0.01332
0.010000  0.01071 -0.00095  0.01016 -0.00740 -0.00175
0.010000  0.02079  0.01380 -0.00398 -0.02910  0.01563
0.010000  0.00646  0.02520  0.00893  0.01947 -0.02192
0.010000  0.02687  0.00448  0.00787  0.00106  0.02957
0.010000 -0.00702  0.01651 -0.00427  0.01414 -0.02256
0.010000  0.00730 -0.01505 -0.00408  0.00374  0.01170
0.010000 -0.01821 -0.03048 -0.00036 -0.00047 -0.01200
0.010000 -0.02036 -0.00684 -0.02567  0.01144 -0.02794
0.010000  0.00236  0.02335  0.00791  0.02177 -0.00765
0.010000 -0.02316 -0.01163 -0.01709  0.00362  0.00580
0.010000 -0.02645 -0.04569 -0.00777 -0.01487  0.00496
0.010000  0.03012  0.04597  0.01675  0.02863  0.00343
0.010000 -0.01454 -0.02976 -0.00745 -0.03601  0.00565
0.010000 -0.02501 -0.01651 -0.00835 -0.01642  0.00409
0.010000  0.04255  0.03202  0.05142  0.01944  0.03359
0.010000  0.00317 -0.02999  0.02125 -0.02056  0.08726
0.010000  0.01887  0.01116  0.00230  0.01198 -0.02068
0.010000 -0.02995 -0.01844 -0.01384  0.01345 -0.03065
0.010000  0.01607 -0.01063  0.02123  0.01330  0.05990
0.010000 -0.01675  0.00374  0.00874  0.02581  0.00028
0.010000 -0.02706 -0.01788 -0.01985  0.01165 -0.01968
0.010000 -0.02820 -0.02201 -0.00921 -0.00955 -0.02321
0.010000 -0.02872 -0.02450 -0.01183  0.01512 -0.01538
0.010000 -0.00472  0.01556 -0.01690  0.00331 -0.01394
0.010000 -0.00930  0.02018 -0.00798 -0.04726  0.02475
0.010000  0.02902  0.01352  0.01154  0.00318 -0.01006
0.010000  0.01335  0.00422  0.00314 -0.01781  0.02272
0.010000 -0.00317  0.02210 -0.01577 -0.00759  0.02385
0.010000 -0.02178 -0.02528 -0.00537  0.01490 -0.02896
0.010000  0.01159  0.01305 -0.00524  0.01200  0.06685
0.010000 -0.00854 -0.03214  0.00528  0.00007  0.04536
0.010000 -0.01306 -0.01313 -0.00910  0.01311  0.02150
0.010000 -0.02517 -0.06186 -0.00643 -0.03062  0.04716
0.010000  0.00398  0.00398  0.00337  0.01320 -0.00662
0.010000  0.02177  0.03202 -0.00306  0.01589 -0.02589
0.010000  0.02276  0.02442  0.02131  0.00416  0.02923
0.010000 -0.02916 -0.02889 -0.02734 -0.01406  0.00453
0.010000 -0.02107 -0.04673  0.00783 -0.01179  0.00175
0.010000  0.04272  0.03612  0.01704  0.00693 -0.00180
0.010000 -0.01231  0.01661  0.00709  0.01412 -0.02335
0.010000  0.01515  0.01328 -0.00890 -0.00814 -0.01394
0.010000 -0.03020 -0.03921  0.01035 -0.00345 -0.00894
0.010000  0.00563 -0.02241  0.01042  0.00542  0.01360
0.010000  0.04324  0.03713  0.02810  0.02406  0.05129
0.010000 -0.02384 -0.01595  0.00828  0.01990  0.01505
0.010000 -0.01893 -0.00082 -0.00764 -0.00571  0.02475
0.010000 -0.01156  0.00345 -0.01399  0.01477 -0.00720
0.010000 -0.02919  0.00078 -0.01775 -0.00642  0.00638
0.010000 -0.00083  0.01126  0.02897  0.02826 -0.00935
0.010000 -0.00626 -0.00839 -0.00918 -0.02902  0.00008
0.010000 -0.02247 -0.03191 -0.02703 -0.00748 -0.01606
0.010000 -0.00395 -0.01386 -0.01203 -0.01686  0.00172
0.010000 -0.00004 -0.00370 -0.00779  0.00788 -0.02642
0.010000  0.04068  0.04027  0.03299  0.00890  0.00260
0.010000 -0.03024 -0.03652 -0.00217  0.01345 -0.00085
0.010000  0.03950  0.00150  0.01487 -0.01953  0.02356
0.010000  0.01982 -0.01320 -0.00214 -0.00284 -0.00572
0.010000 -0.02991 -0.01622 -0.02511 -0.00436 -0.02822
0.010000  0.01699  0.02816  0.02787  0.03035  0.00032
0.010000  0.01792  0.00932  0.01237  0.01698  0.00691
0.010000 -0.00778  0.01667  0.00526  0.02756 -0.02679
0.010000  0.03355  0.03455  0.01525  0.02199 -0.01780
0.010000  0.01247  0.02326 -0.00183 -0.01051 -0.00346
0.010000 -0.03031 -0.03500 -0.01486  0.00157  0.00254
0.010000  0.03830  0.02373  0.03166  0.02170 -0.00446
0.010000 -0.01965 -0.04671 -0.01562 -0.00900  0.00039
0.010000 -0.01081 -0.00496  0.02196  0.02779 -0.00864
0.010000  0.00814 -0.01186  0.00056  0.00678 -0.00985
0.010000 -0.02451 -0.04048 -0.01925 -0.00928  0.04913
0.010000 -0.02764 -0.02602 -0.02214 -0.01307  0.00161
0.010000  0.03470  0.04161  0.02518  0.02111 -0.01556
0.010000  0.00985  0.02432  0.01560  0.01850  0.01960
0.010000 -0.01006 -0.00782  0.00115  0.01775 -0.00917
0.010000 -0.02961 -0.01424 -0.00497  0.01991 -0.01644
0.010000  0.02377  0.03766  0.00793  0.01928  0.01642
0.010000 -0.00549 -0.03137 -0.01330 -0.04023  0.04400
0.010000 -0.02773 -0.06029 -0.01478 -0.05911  0.00968
0.010000 -0.01528 -0.00648 -0.00257  0.00763  0.02881
0.010000  0.03237  0.03070  0.00399  0.00879 -0.01646
0.010000  0.03589  0.04839 -0.00302  0.00378 -0.01744
0.010000 -0.00239 -0.00381 -0.00028  0.01592  0.04701
0.010000 -0.00161 -0.02243  0.02506 -0.01574  0.04759
0.010000  0.00076 -0.01252 -0.02060 -0.04670  0.01216
0.010000  0.02794  0.01832 -0.00268  0.00658 -0.02398
0.010000  0.03353  0.02461  0.01433  0.00284  0.01350
0.010000 -0.02582 -0.03210 -0.00724 -0.00813  0.02228
0.010000  0.01425  0.01345  0.00273  0.01002 -0.02369
0.010000 -0.01922  0.00772 -0.01436  0.02250 -0.02580
0.010000  0.00342  0.01979 -0.01834  0.01094 -0.03172
0.010000  0.04178  0.00146  0.00968 -0.01668  0.01012
0.010000  0.00156  0.01544 -0.01561  0.00456 -0.00712
0.010000  0.00480  0.01203 -0.01515 -0.01374 -0.02409
0.010000  0.03124  0.01307  0.02057  0.00724 -0.00925
0.010000  0.00899  0.02591  0.01630  0.02931 -0.02242
