# Scenario generation method from a paper by Hoyland, Kaut & Wallace
# Code by Michal Kaut (michal.kaut@iot.ntnu.n) & Diego Mathieu

#   prob   var  1   var  2   var  3   var  4   var  5
0.010000 -0.01497 -0.01494 -0.00649  0.00931  0.01197
0.010000 -0.00414  0.00608 -0.00739  0.00337 -0.00560
0.010000 -0.01063 -0.00486 -0.00995  0.02011 -0.00022
0.010000  0.01119 -0.00345  0.01120 -0.01682 -0.01836
0.010000  0.00593  0.00843  0.00291 -0.03446 -0.00736
0.010000  0.00919  0.00666  0.00684 -0.01995 -0.00688
0.010000  0.00622 -0.00227  0.00693 -0.05972 -0.00968
0.010000  0.01399 -0.00711 -0.00154  0.02529  0.00104
0.010000  0.01608 -0.00057  0.00605 -0.00035  0.01347
0.010000 -0.00794  0.00597 -0.00386 -0.01469 -0.00979
0.010000  0.00396 -0.01523  0.01249 -0.00653 -0.03270
0.010000  0.01446  0.00508  0.00366 -0.03395  0.01919
0.010000  0.01270  0.00876  0.00654 -0.00921 -0.00099
0.010000  0.00536  0.00124  0.00912 -0.01260 -0.02276
0.010000  0.01496  0.00498  0.01900 -0.01795 -0.01624
0.010000  0.00951 -0.00631  0.01423 -0.04976  0.00852
0.010000  0.00452  0.00178  0.01118 -0.01602 -0.00368
0.010000  0.01818  0.00291  0.00899  0.01664 -0.01964
0.010000 -0.00948 -0.01874 -0.00844  0.01818  0.00608
0.010000 -0.02767 -0.00693 -0.00812 -0.02590  0.05016
0.010000 -0.00571 -0.00498  0.00943 -0.02415 -0.00129
0.010000 -0.00169  0.00218 -0.00731 -0.02132 -0.00784
0.010000 -0.00701 -0.01109 -0.00925 -0.02908 -0.00535
0.010000  0.00339  0.00655  0.00700 -0.00197 -0.02160
0.010000 -0.02082 -0.01935 -0.00480 -0.02735 -0.00065
0.010000 -0.01004 -0.01754 -0.00753  0.01289  0.00539
0.010000  0.02357  0.01596  0.00835  0.01593 -0.02583
0.010000 -0.00895 -0.01295  0.00984  0.00008 -0.00932
0.010000 -0.00340 -0.00705  0.00878 -0.02698 -0.00237
0.010000  0.01671 -0.00523  0.01813 -0.00528 -0.03004
0.010000 -0.00305 -0.00429 -0.00099  0.00473  0.01416
0.010000  0.00480 -0.00035  0.00578 -0.02745  0.02683
0.010000 -0.00010  0.00601  0.00009 -0.04313 -0.01425
0.010000  0.00888  0.00507 -0.00097 -0.02119  0.00396
0.010000  0.00283  0.01314 -0.00411 -0.02873 -0.00160
0.010000  0.00254 -0.00253 -0.00590 -0.02808  0.01600
0.010000  0.00508 -0.00984  0.01716 -0.00914 -0.00477
0.010000 -0.00270 -0.00363 -0.00178 -0.00662  0.01568
0.010000 -0.00136 -0.01303  0.00143  0.00200  0.01122
0.010000 -0.01411 -0.00008 -0.00190  0.00011  0.01135
0.010000  0.00737  0.00425  0.00810 -0.00920 -0.02009
0.010000  0.01084 -0.01405  0.00017  0.02429 -0.00568
0.010000  0.00080 -0.00876  0.00224 -0.00116 -0.03742
0.010000  0.00424  0.00524 -0.00615 -0.00298 -0.01548
0.010000  0.00983 -0.01282  0.00621  0.02242 -0.02694
0.010000  0.01550  0.00409  0.00553  0.00255 -0.01543
0.010000  0.00650 -0.00243  0.00617 -0.00162 -0.00281
0.010000  0.01230  0.01117  0.00718 -0.00132  0.00560
0.010000  0.00311  0.01232  0.01020 -0.02551 -0.00285
0.010000 -0.01692 -0.00516 -0.00973 -0.00045  0.00890
0.010000 -0.03206 -0.01460 -0.00504 -0.04615 -0.03154
0.010000 -0.02259 -0.00573 -0.01025  0.00400 -0.04491
0.010000 -0.04318 -0.01884 -0.00974 -0.01606 -0.02076
0.010000  0.01311 -0.00868  0.00587  0.01879  0.02701
0.010000 -0.01805  0.00595 -0.00959 -0.05133  0.03093
0.010000 -0.00656  0.00562 -0.00675 -0.01948 -0.01010
0.010000  0.00767 -0.00555 -0.00521 -0.01804  0.00853
0.010000 -0.01934  0.00577 -0.01045 -0.01415 -0.01857
0.010000  0.02156 -0.00080  0.01148  0.02312  0.00899
0.010000  0.00168  0.01141 -0.00566 -0.02147  0.00284
0.010000  0.00110  0.00169 -0.00748 -0.00459  0.02165
0.010000  0.00367 -0.01207 -0.00082  0.00750  0.00610
0.010000 -0.00613 -0.00978  0.00288 -0.00212 -0.00529
0.010000 -0.01590 -0.00753  0.00207 -0.00142 -0.00969
0.010000 -0.00202 -0.01791  0.01252  0.00763 -0.04253
0.010000 -0.00104 -0.01497 -0.00673  0.01496 -0.00174
0.010000  0.01908 -0.01197  0.00044 -0.03452  0.00634
0.010000  0.01740 -0.00175 -0.00032  0.00158  0.03083
0.010000 -0.00452 -0.01079 -0.00271  0.01414  0.00223
0.010000 -0.01190 -0.00027  0.00277 -0.05443 -0.00425
0.010000 -0.00747  0.00702 -0.00580 -0.00121 -0.03789
0.010000 -0.01259 -0.00417 -0.00511  0.00884 -0.01905
0.010000 -0.01125 -0.00948 -0.00855  0.02180  0.01652
0.010000 -0.00236  0.00748 -0.00211  0.00712 -0.03150
0.010000 -0.00041  0.00983 -0.00804 -0.00200  0.02252
0.010000  0.00796 -0.00136  0.00866  0.01418 -0.03785
0.010000  0.00679 -0.00260  0.01597  0.01414 -0.01105
0.010000  0.02017 -0.00557  0.01747 -0.00165 -0.03067
0.010000 -0.02477 -0.01953 -0.00786 -0.01605 -0.01424
0.010000  0.00226 -0.01134 -0.00554 -0.00281  0.00438
0.010000 -0.00377 -0.01107  0.00254  0.00251 -0.01561
0.010000  0.00857 -0.00779 -0.00436 -0.00060  0.01135
0.010000 -0.00844 -0.01797 -0.00918  0.02436  0.01065
0.010000 -0.00073 -0.00264 -0.00491  0.01744  0.00573
0.010000  0.00708 -0.00412 -0.00275  0.00584 -0.00227
0.010000  0.00826 -0.01158 -0.00201  0.01392 -0.00745
0.010000 -0.00530 -0.01527  0.01106  0.01048 -0.02686
0.010000  0.01155  0.01060 -0.00200  0.00307 -0.00369
0.010000  0.01049  0.00255  0.01354 -0.00084 -0.02260
0.010000  0.01016  0.01347  0.01065 -0.01002 -0.00797
0.010000  0.00565 -0.01554 -0.00504 -0.01846  0.03448
0.010000 -0.01332 -0.00415 -0.00879 -0.01704 -0.00012
0.010000  0.02835  0.00497  0.00819 -0.01556  0.01850
0.010000  0.00197  0.00290 -0.00735 -0.00788  0.02909
0.010000  0.00050 -0.01516 -0.00772  0.01664  0.04243
0.010000 -0.00490 -0.00886 -0.00908 -0.00765  0.00957
0.010000  0.00020 -0.01115 -0.00607  0.01651 -0.00149
0.010000  0.00139 -0.00642  0.01036  0.01520 -0.01580
0.010000  0.01354  0.01027 -0.00076  0.01438 -0.00272
0.010000  0.01192  0.00881 -0.00219  0.00158  0.00646
