# Scenario generation method from a paper by Hoyland, Kaut & Wallace
# Code by Michal Kaut (michal.kaut@iot.ntnu.n) & Diego Mathieu

#   prob   var  1   var  2   var  3   var  4   var  5
0.010000 -0.00579  0.00288 -0.00627 -0.01304 -0.02826
0.010000  0.05289  0.03100  0.02048 -0.00394 -0.02152
0.010000 -0.04221 -0.02846 -0.02929 -0.02781 -0.02812
0.010000 -0.00909  0.00699 -0.02676 -0.03052 -0.01992
0.010000  0.02102  0.00462  0.01604  0.04658  0.00515
0.010000  0.00493  0.00439  0.01289 -0.00165  0.04598
0.010000 -0.03804 -0.02096 -0.02258 -0.01700 -0.02859
0.010000  0.04680  0.02323  0.00743  0.01395 -0.04093
0.010000 -0.00011  0.00398  0.00263  0.02352  0.05698
0.010000  0.00774  0.00194  0.00276 -0.00137  0.02115
0.010000 -0.02777 -0.00897  0.00169 -0.00936 -0.02781
0.010000 -0.01783 -0.01038  0.03211  0.00417 -0.00418
0.010000 -0.01476 -0.02784  0.00916  0.00310  0.02289
0.010000 -0.03480 -0.06518 -0.00340 -0.00543 -0.05612
0.010000  0.01640  0.00793  0.02088  0.02441  0.03829
0.010000  0.00426  0.00629 -0.00329 -0.01171 -0.03760
0.010000 -0.01075 -0.00629 -0.02074 -0.01589 -0.05876
0.010000  0.01086  0.00313 -0.00055  0.01762  0.06185
0.010000 -0.01719 -0.01924  0.01520 -0.00038 -0.03316
0.010000 -0.02192 -0.01177 -0.02174 -0.00034 -0.03307
0.010000 -0.00468  0.00066  0.00602 -0.00308 -0.00831
0.010000  0.00296 -0.00133 -0.00558 -0.00121  0.02687
0.010000 -0.03212 -0.00564 -0.03397 -0.04075 -0.04616
0.010000 -0.00634 -0.00772  0.02530  0.00983  0.01246
0.010000  0.08729  0.06078  0.03700  0.04523  0.04219
0.010000 -0.00070 -0.00501 -0.01434 -0.00671 -0.04103
0.010000 -0.02344 -0.01177 -0.00658 -0.00973  0.00091
0.010000 -0.01187 -0.00547  0.01127  0.00930  0.01481
0.010000  0.00702  0.00309 -0.01365 -0.01246  0.00265
0.010000 -0.03340 -0.01467 -0.01649 -0.01748 -0.03933
0.010000  0.00630  0.00017  0.01334  0.00217 -0.00862
0.010000  0.01976  0.00995  0.01508  0.01024 -0.02219
0.010000  0.02235  0.01107  0.02892  0.01329 -0.00665
0.010000  0.00233  0.00809 -0.01632 -0.00890  0.02083
0.010000 -0.02876 -0.01388 -0.01359 -0.02011  0.06533
0.010000 -0.01657 -0.02626  0.03008  0.02716  0.02061
0.010000  0.01005  0.02406 -0.02317 -0.03388 -0.01288
0.010000 -0.01596 -0.00867 -0.02273 -0.00618 -0.02298
0.010000  0.02378  0.01426  0.01303  0.00424 -0.02901
0.010000 -0.01980 -0.00707 -0.00000 -0.00954  0.03592
0.010000 -0.00964 -0.00706 -0.00070  0.00008 -0.00617
0.010000 -0.01417 -0.00561 -0.01550 -0.02466 -0.02122
0.010000 -0.07757 -0.06986 -0.02645 -0.02538  0.02244
0.010000  0.00109 -0.00091 -0.00056 -0.00342  0.04287
0.010000  0.00561  0.00585 -0.00356 -0.00437  0.00982
0.010000 -0.00300  0.00220 -0.02010 -0.02661 -0.00317
0.010000 -0.01301 -0.01116 -0.01267 -0.00765 -0.00952
0.010000 -0.01131 -0.00234 -0.02069 -0.01201 -0.03826
0.010000 -0.04488 -0.03064  0.00021 -0.01662 -0.01845
0.010000  0.00926  0.00462  0.00486  0.01113  0.00684
0.010000 -0.02981 -0.02043  0.00200 -0.00465  0.01061
0.010000  0.00049 -0.00709 -0.00576  0.00083 -0.03300
0.010000  0.03867  0.02083  0.06285  0.06885  0.03008
0.010000 -0.00853 -0.00287 -0.00335 -0.00423 -0.02109
0.010000 -0.02593 -0.02492 -0.01817 -0.01242 -0.05717
0.010000 -0.00744 -0.00874 -0.00608  0.00211 -0.02630
0.010000 -0.03092 -0.01627  0.00812 -0.00991 -0.02772
0.010000  0.00849  0.00277  0.02398  0.01006  0.01935
0.010000 -0.00689  0.00304  0.01092 -0.01674 -0.02428
0.010000  0.02531  0.01019  0.02639  0.02526 -0.01583
0.010000 -0.02683 -0.03513 -0.00013  0.01539 -0.02744
0.010000 -0.02424 -0.00798 -0.02662 -0.02497 -0.06026
0.010000  0.01858  0.00990  0.04521  0.00988 -0.01257
0.010000 -0.03633 -0.03031 -0.02799 -0.03258 -0.03747
0.010000 -0.01244 -0.00343  0.03485  0.01583  0.08621
0.010000 -0.02049 -0.00455 -0.02680 -0.03244 -0.01464
0.010000  0.03082  0.01446  0.05814  0.04299  0.04551
0.010000  0.01746  0.00963  0.03740  0.00549  0.07187
0.010000  0.02880  0.02156  0.00799 -0.00779 -0.02838
0.010000 -0.00413 -0.00423 -0.00120  0.06151 -0.00664
0.010000 -0.00129 -0.00569 -0.01268 -0.01512 -0.04925
0.010000 -0.04821 -0.02468 -0.02942 -0.04190 -0.06415
0.010000 -0.02507 -0.03085 -0.00115  0.00729 -0.04061
0.010000 -0.01847 -0.01580  0.01581 -0.00196 -0.02310
0.010000 -0.01535 -0.00921  0.04434  0.00821  0.06534
0.010000  0.00171  0.00104  0.06731  0.03665  0.05021
0.010000 -0.03997 -0.01808  0.00574 -0.01413  0.04995
0.010000  0.01440  0.00187  0.03358  0.01427  0.02930
0.010000  0.01170  0.00436  0.00174  0.00010 -0.00834
0.010000 -0.01359 -0.00539 -0.01407 -0.00588 -0.02388
0.010000 -0.01913 -0.00035 -0.03181 -0.04554 -0.01439
0.010000 -0.00524 -0.00147 -0.01975 -0.01484 -0.04015
0.010000 -0.00186 -0.00205 -0.01478 -0.01477 -0.00630
0.010000 -0.00357 -0.00194 -0.01590 -0.01849 -0.02586
0.010000  0.01347  0.00669  0.02079  0.01128  0.00916
0.010000 -0.02120 -0.00666 -0.02674 -0.03016 -0.00331
0.010000  0.03309  0.01832 -0.00338 -0.00526  0.04808
0.010000  0.01538 -0.01789  0.06532  0.07976 -0.01469
0.010000 -0.02267 -0.01452 -0.00764 -0.01263 -0.02949
0.010000 -0.00244  0.00161  0.00142 -0.00003 -0.03131
0.010000 -0.01019 -0.00394 -0.00926 -0.01035  0.02451
0.010000  0.03566  0.01633  0.01783  0.01498  0.01448
0.010000 -0.00798 -0.01368  0.02458  0.01042  0.02719
0.010000  0.01257  0.00766 -0.00330  0.00286  0.02897
0.010000 -0.05951 -0.03352 -0.02794 -0.06026 -0.01239
0.010000  0.06233  0.04049  0.03253  0.03331  0.02520
0.010000  0.00361  0.00929 -0.01436 -0.00041  0.03126
0.010000  0.02698  0.01032 -0.00103  0.02866 -0.00518
0.010000  0.04227  0.01668  0.04696  0.02207  0.00224
0.010000 -0.05266 -0.05125 -0.02246 -0.02146 -0.01411
