# Scenario generation method from a paper by Hoyland, Kaut & Wallace
# Code by Michal Kaut (michal.kaut@iot.ntnu.n) & Diego Mathieu

#   prob   var  1   var  2   var  3   var  4   var  5
0.010000 -0.01631  0.00942  0.00695  0.00726 -0.00624
0.010000 -0.01147 -0.02326  0.00093 -0.00536 -0.00384
0.010000  0.05978  0.03011  0.03463 -0.01429  0.03109
0.010000 -0.03406 -0.01779 -0.02103 -0.01142 -0.00562
0.010000  0.08804  0.01746  0.04482  0.02013  0.02313
0.010000  0.00906  0.01085  0.02241 -0.00867  0.00276
0.010000 -0.00223  0.02485  0.00594 -0.01358  0.00007
0.010000 -0.00920 -0.02701  0.00327 -0.00227  0.00792
0.010000  0.01266 -0.01366  0.01547  0.00487 -0.00113
0.010000 -0.04680  0.00526 -0.01820 -0.01024 -0.00941
0.010000 -0.02277  0.03469  0.00354 -0.01761 -0.00540
0.010000 -0.02166 -0.02668  0.01897 -0.00687  0.00726
0.010000 -0.00427 -0.01737  0.01314  0.00043  0.02302
0.010000 -0.02626 -0.01689 -0.00882 -0.00010 -0.00657
0.010000  0.00798 -0.01239 -0.00063 -0.00216 -0.00104
0.010000  0.01699  0.03194  0.01467 -0.00244  0.00214
0.010000 -0.00803  0.00030 -0.01408  0.01949 -0.00559
0.010000 -0.00557  0.02300 -0.01194 -0.00524 -0.00264
0.010000 -0.00002  0.03821  0.00424  0.00085 -0.00281
0.010000 -0.01091  0.02072  0.00528 -0.00025 -0.00182
0.010000 -0.03587 -0.03410 -0.00371 -0.01484 -0.00081
0.010000  0.02246 -0.00103  0.00901  0.01651  0.01682
0.010000 -0.01365 -0.02900 -0.00902 -0.01085 -0.00006
0.010000 -0.01949 -0.00729  0.00161 -0.00689 -0.00355
0.010000 -0.02221  0.00214 -0.01147 -0.00016 -0.00650
0.010000 -0.01472  0.04271 -0.00533  0.00441 -0.00345
0.010000 -0.07800 -0.02630 -0.02545  0.00460 -0.00992
0.010000 -0.02687 -0.00855  0.01164 -0.00381 -0.00724
0.010000 -0.03164 -0.03368 -0.00050 -0.00255 -0.00691
0.010000 -0.01896  0.02815  0.01836 -0.01284 -0.00201
0.010000 -0.01790 -0.00474  0.00228 -0.02281 -0.00408
0.010000 -0.03018 -0.03445 -0.00232  0.00001 -0.00709
0.010000 -0.00978 -0.02264 -0.00123 -0.00665 -0.00425
0.010000 -0.02111 -0.03171 -0.00645 -0.01669  0.00742
0.010000  0.01401  0.04764  0.01274 -0.00484  0.00055
0.010000  0.00237 -0.01803  0.00944 -0.02027  0.00718
0.010000  0.00410 -0.00252 -0.01627  0.00589  0.00082
0.010000 -0.01202 -0.01345  0.00098 -0.00598  0.00656
0.010000 -0.01578 -0.02888 -0.00140  0.01272 -0.00513
0.010000 -0.04028  0.00156 -0.00128 -0.00344  0.01469
0.010000 -0.04164 -0.03171 -0.00758  0.00536  0.02781
0.010000 -0.04483 -0.03654 -0.02897 -0.01209  0.00088
0.010000 -0.02506  0.00979  0.00255 -0.03110 -0.00250
0.010000  0.00075 -0.02060  0.01474 -0.00862 -0.00054
0.010000 -0.05595 -0.03801 -0.03191 -0.00553 -0.00943
0.010000 -0.01525  0.00127  0.00154  0.00364 -0.00595
0.010000 -0.03494 -0.03530 -0.02752 -0.01520  0.00049
0.010000 -0.00493 -0.00187  0.00411 -0.01064 -0.00277
0.010000 -0.03792 -0.03531 -0.01286 -0.01236 -0.00803
0.010000 -0.05205 -0.02572 -0.02030 -0.00232 -0.00999
0.010000 -0.02565 -0.02103 -0.00322 -0.00378 -0.00148
0.010000 -0.01035 -0.01892 -0.00432 -0.01145 -0.00301
0.010000  0.03331  0.02191  0.02500 -0.02464  0.01065
0.010000  0.00596  0.00100  0.01342  0.01063  0.03385
0.010000 -0.00292 -0.01114 -0.00407 -0.01471  0.00091
0.010000 -0.02880 -0.00916 -0.00440 -0.00642 -0.00130
0.010000 -0.00361  0.03968  0.01763  0.00160 -0.00209
0.010000 -0.01257  0.04081 -0.00102 -0.01729  0.00981
0.010000 -0.03905 -0.02793 -0.03072  0.00512 -0.00880
0.010000 -0.02390 -0.02591  0.00807 -0.00180  0.00810
0.010000  0.00155 -0.01774  0.01027  0.00331 -0.00107
0.010000 -0.02814  0.00200 -0.00313  0.01291 -0.00306
0.010000 -0.02003  0.03296  0.00563 -0.00103  0.01227
0.010000  0.00501  0.05499  0.00969  0.00015 -0.00152
0.010000  0.03731  0.02679  0.02398  0.01371  0.01098
0.010000 -0.01418 -0.02976 -0.00503 -0.00333  0.02350
0.010000 -0.03322 -0.03281 -0.01486  0.00605 -0.00559
0.010000 -0.02750  0.01617 -0.00608  0.00071 -0.00036
0.010000 -0.00620 -0.02608 -0.00220  0.00693 -0.00299
0.010000 -0.00682 -0.00644 -0.01857  0.02637 -0.00431
0.010000 -0.02447 -0.03194 -0.05012 -0.00249 -0.00608
0.010000 -0.01684  0.04242 -0.01024 -0.00676 -0.00503
0.010000  0.04235  0.04546  0.02117  0.00889  0.02528
0.010000  0.02047 -0.00032  0.00239 -0.01896  0.01206
0.010000 -0.03241 -0.01124 -0.00498  0.00018 -0.00499
0.010000  0.02999  0.02217  0.02926  0.00475  0.00931
0.010000  0.00695 -0.01650  0.00007 -0.01189  0.00432
0.010000 -0.04913 -0.03577 -0.01408 -0.00069 -0.00657
0.010000 -0.06198 -0.03760 -0.01436 -0.01283 -0.01143
0.010000  0.01140  0.04463  0.02934 -0.00646  0.00743
0.010000  0.00322 -0.01555  0.01534 -0.00361 -0.00174
0.010000 -0.00151 -0.01468  0.00356 -0.00565 -0.00152
0.010000  0.02466 -0.00123  0.01362  0.00374  0.00276
0.010000  0.01544  0.01322 -0.00085 -0.00840  0.00339
0.010000 -0.01843 -0.03086 -0.01909 -0.01721 -0.00450
0.010000 -0.02333 -0.00029  0.00985  0.00618 -0.00746
0.010000  0.02715  0.03600  0.01719 -0.00409  0.00389
0.010000  0.01865  0.02907  0.01532 -0.00485  0.00091
0.010000  0.01020  0.00154  0.01545 -0.01680  0.00147
0.010000 -0.00078  0.04470  0.01304  0.01762 -0.00470
0.010000 -0.02948 -0.02166 -0.02147 -0.00088 -0.00493
0.010000 -0.02057 -0.03108 -0.01093 -0.01769 -0.00037
0.010000 -0.04314 -0.03587 -0.02805 -0.00965 -0.00885
0.010000  0.04917  0.06299  0.03113  0.01075  0.00770
0.010000 -0.01311 -0.02934  0.00622  0.00138 -0.00555
0.010000 -0.01737 -0.03087 -0.00049  0.00889 -0.00253
0.010000 -0.03686 -0.03464 -0.00567  0.00330 -0.00893
0.010000 -0.03090 -0.02738 -0.01358 -0.00426 -0.00675
0.010000 -0.00862 -0.02695  0.00858  0.00098 -0.00356
0.010000 -0.00743 -0.02202  0.00137  0.00526  0.00120
