# Scenario generation method from a paper by Hoyland, Kaut & Wallace
# Code by Michal Kaut (michal.kaut@iot.ntnu.n) & Diego Mathieu

#   prob   var  1   var  2   var  3   var  4   var  5
0.010000  0.02103  0.03583  0.00205 -0.00511 -0.00711
0.010000  0.00319 -0.01303 -0.01062  0.00613 -0.01260
0.010000  0.00982 -0.01018 -0.00675 -0.01857 -0.01487
0.010000  0.00618 -0.01667  0.03012 -0.01123  0.00988
0.010000 -0.02515 -0.02003 -0.01061  0.01708 -0.03009
0.010000 -0.00041  0.00287  0.00808  0.00338  0.00685
0.010000  0.02564  0.00255  0.02244  0.01046  0.02147
0.010000 -0.01056 -0.00694  0.00019 -0.00479  0.04211
0.010000 -0.03265 -0.02553 -0.01825  0.00339 -0.02866
0.010000  0.00498  0.00323  0.00035  0.03241  0.00650
0.010000 -0.02129  0.00343 -0.00991  0.00897 -0.02671
0.010000  0.02647  0.01877  0.00573  0.00963  0.00792
0.010000  0.02031  0.00328  0.03419  0.00370  0.00813
0.010000  0.00921  0.00418  0.01938  0.01582 -0.01466
0.010000  0.03412  0.03887  0.04007  0.01855  0.00783
0.010000 -0.01481 -0.01377 -0.01349 -0.02194 -0.00866
0.010000  0.03527  0.03853  0.01880  0.01647  0.02563
0.010000 -0.02040 -0.00326 -0.01369 -0.00369 -0.01289
0.010000  0.04433  0.02984  0.02332  0.00806  0.00604
0.010000 -0.00661  0.00680 -0.01175  0.01668 -0.01505
0.010000  0.00080  0.01436 -0.01082  0.00539 -0.02719
0.010000 -0.00597  0.01906 -0.00170  0.01091 -0.01925
0.010000 -0.01124 -0.00034 -0.01204 -0.00092 -0.02599
0.010000 -0.00471 -0.00395  0.04192  0.01076  0.05682
0.010000 -0.01871 -0.00821  0.03324  0.03306  0.01337
0.010000  0.01294  0.01117 -0.00969 -0.02145 -0.01461
0.010000  0.02483  0.03798  0.01360  0.00613 -0.00132
0.010000 -0.01407  0.01641 -0.01204  0.00328  0.01767
0.010000  0.01231  0.03360 -0.00420  0.02029 -0.00737
0.010000 -0.03465 -0.01127 -0.00570  0.01673 -0.02955
0.010000  0.03198  0.03818  0.02586  0.01662  0.01093
0.010000 -0.00285 -0.00075 -0.00073  0.00605 -0.01255
0.010000 -0.00988 -0.01354 -0.01563  0.00334 -0.01861
0.010000  0.01685  0.02056  0.01970 -0.00682  0.01334
0.010000  0.02327  0.01436 -0.00189 -0.01434 -0.00498
0.010000  0.00860  0.02805  0.00053  0.00598 -0.02041
0.010000  0.01168  0.03053 -0.00004  0.00809  0.00869
0.010000  0.01821  0.00241 -0.00695  0.00201  0.00636
0.010000  0.01487  0.00505 -0.00140 -0.00423  0.01319
0.010000 -0.00224  0.01539 -0.00553 -0.00044 -0.02046
0.010000  0.01358 -0.01392  0.03765  0.00560  0.09304
0.010000  0.03098  0.00093  0.01336 -0.00658  0.04272
0.010000  0.00200  0.02282  0.01102  0.02062  0.00198
0.010000 -0.00921 -0.02572 -0.01645 -0.00743 -0.02359
0.010000 -0.02623  0.00679  0.01186  0.02870 -0.00928
0.010000 -0.00409  0.01685 -0.00291  0.01588  0.02724
0.010000  0.03303  0.03628  0.03195  0.01902  0.03091
0.010000 -0.00855  0.02263  0.00622  0.03128 -0.00902
0.010000  0.04245  0.03861  0.02069 -0.00902  0.03986
0.010000 -0.00102  0.00484  0.01980 -0.02071  0.02998
0.010000 -0.00790 -0.02458 -0.01605  0.00844 -0.02078
0.010000  0.02909  0.03220  0.01756  0.01196  0.01406
0.010000  0.04075  0.03506  0.05552  0.03378  0.03799
0.010000  0.01422  0.02685  0.01931  0.03019 -0.01790
0.010000  0.01618  0.02491 -0.00603  0.01606 -0.02351
0.010000  0.03921  0.02271  0.04768 -0.01279  0.03347
0.010000  0.00558  0.03101 -0.00270  0.01774  0.01928
0.010000 -0.02983 -0.01558 -0.01693  0.00875  0.00039
0.010000 -0.02220  0.00758 -0.00099 -0.00411  0.00618
0.010000 -0.01264  0.01290  0.00822  0.02040 -0.01229
0.010000 -0.03417 -0.02668 -0.01897  0.00625 -0.02978
0.010000  0.01890  0.02518 -0.00634 -0.00143  0.03152
0.010000 -0.01632 -0.02734 -0.00921 -0.03789  0.01038
0.010000  0.02176  0.01382  0.00888  0.00509 -0.01809
0.010000  0.03780  0.02998  0.04090  0.01544  0.02040
0.010000  0.00438  0.02016 -0.00766  0.01633  0.00649
0.010000 -0.02315 -0.01064  0.02015  0.02132  0.06372
0.010000  0.04582  0.03560  0.02206 -0.00620  0.01550
0.010000 -0.03119 -0.02736 -0.00248  0.00919 -0.01831
0.010000 -0.02855 -0.02064  0.01158 -0.03670 -0.00743
0.010000 -0.00163 -0.01474  0.00551 -0.03425 -0.01248
0.010000  0.01960  0.02721 -0.00207  0.02803  0.02928
0.010000  0.00019 -0.01728  0.00970  0.00730  0.03133
0.010000  0.01044 -0.00653  0.02214 -0.00037  0.03664
0.010000  0.03650  0.03068  0.00108  0.00838 -0.01530
0.010000  0.01752  0.00251 -0.00101 -0.01740  0.06192
0.010000  0.00799 -0.01488 -0.01425  0.00495 -0.02521
0.010000 -0.01193  0.00360 -0.00884  0.00410  0.07162
0.010000  0.02819  0.00292  0.03200 -0.00089  0.03904
0.010000  0.01106  0.02326  0.00819  0.01901 -0.02053
0.010000 -0.00534  0.01548 -0.01134  0.01333 -0.02339
0.010000 -0.00725  0.00389 -0.01288  0.00223  0.02792
0.010000  0.00678  0.01876 -0.00822  0.00238  0.05025
0.010000 -0.01789 -0.02242 -0.01069  0.01344  0.01561
0.010000 -0.02736 -0.02902 -0.01766 -0.00550  0.00445
0.010000 -0.02413 -0.01039 -0.01378  0.01500 -0.00227
0.010000  0.03002  0.01493  0.02250  0.00641 -0.00085
0.010000  0.00379  0.01249 -0.00085  0.01122  0.01502
0.010000  0.01552  0.00444  0.00104  0.01221  0.01879
0.010000  0.00738  0.00782  0.03027  0.00142 -0.00267
0.010000  0.02251  0.02273  0.01812  0.00692  0.04583
0.010000 -0.01954 -0.01529  0.04053  0.02892  0.01416
0.010000  0.02404  0.00528 -0.00032 -0.01001 -0.01608
0.010000  0.00259 -0.01527  0.01003 -0.00902  0.03566
0.010000 -0.01556 -0.00379 -0.00455  0.00745 -0.01163
0.010000  0.00140 -0.00581 -0.01347  0.00752 -0.00817
0.010000 -0.01710  0.00865  0.01759  0.02134  0.00448
0.010000 -0.00347  0.00122 -0.01318  0.01815 -0.02704
0.010000 -0.01335 -0.01652 -0.01193 -0.01097  0.01854
0.010000  0.02732  0.00696  0.00030 -0.01310 -0.01646
