# Scenario generation method from a paper by Hoyland, Kaut & Wallace
# Code by Michal Kaut (michal.kaut@iot.ntnu.n) & Diego Mathieu

#   prob   var  1   var  2   var  3   var  4   var  5
0.010000 -0.02773 -0.03233 -0.02254 -0.00756 -0.06537
0.010000  0.06085  0.07340  0.02587  0.02059 -0.03091
0.010000 -0.03217 -0.02765 -0.01928 -0.01924 -0.02838
0.010000  0.02168  0.02026  0.01563  0.00357  0.07092
0.010000  0.01910  0.00573  0.03250  0.02193  0.03800
0.010000  0.02081 -0.00071 -0.00321  0.01823 -0.03119
0.010000 -0.01290  0.02294  0.01004  0.00972  0.01341
0.010000 -0.01656 -0.01308 -0.01418 -0.02351 -0.03971
0.010000  0.02347  0.01350 -0.00306  0.00316 -0.01942
0.010000 -0.00389  0.00807 -0.01011  0.00206 -0.01137
0.010000  0.03377 -0.01487  0.01704  0.02337  0.01040
0.010000  0.03260  0.03491 -0.00233 -0.01459  0.01494
0.010000  0.03498  0.03850  0.01291  0.00084 -0.01171
0.010000 -0.00784 -0.02527 -0.02229 -0.02566  0.03207
0.010000 -0.02515  0.00007  0.00298 -0.00993 -0.04142
0.010000  0.01266  0.01669  0.00863  0.01249  0.04201
0.010000 -0.02912 -0.03902  0.00240  0.01011  0.03174
0.010000 -0.03773 -0.03026 -0.00895 -0.01183  0.01712
0.010000  0.00513  0.00240 -0.01712 -0.02575  0.04774
0.010000 -0.02167 -0.00947 -0.01975  0.00448  0.03186
0.010000  0.01995 -0.01084  0.00172  0.01536  0.03369
0.010000 -0.01202 -0.00762 -0.00396 -0.01189  0.03366
0.010000 -0.00008  0.01729 -0.01980 -0.02353  0.03427
0.010000  0.00736  0.03164  0.01377 -0.00586  0.00669
0.010000 -0.01379 -0.05089 -0.00083  0.00761 -0.05267
0.010000  0.02727  0.01962  0.00272  0.00796  0.01885
0.010000 -0.01954 -0.03687  0.01249  0.01147 -0.01602
0.010000 -0.05515 -0.04192 -0.02403 -0.01571  0.04236
0.010000  0.03624  0.02681  0.01996  0.02159  0.04256
0.010000  0.04533  0.02568  0.03662  0.00515  0.04886
0.010000 -0.04261 -0.02551 -0.02348 -0.01611 -0.03021
0.010000 -0.00948  0.00773 -0.02003 -0.02021 -0.00716
0.010000 -0.00624  0.00715  0.01686 -0.00067  0.03049
0.010000 -0.01031 -0.00242  0.01537 -0.02715  0.05197
0.010000 -0.00083  0.00947 -0.00474 -0.00100 -0.01265
0.010000  0.02257  0.00757  0.00449  0.00441  0.01574
0.010000 -0.04571 -0.00910 -0.02091 -0.02246 -0.04411
0.010000  0.01744  0.00307  0.00263  0.01376  0.03901
0.010000  0.01189  0.01278 -0.00138 -0.01063  0.02999
0.010000 -0.01562 -0.01827 -0.00226 -0.02026 -0.01116
0.010000 -0.00312 -0.00712  0.00688  0.00247 -0.03548
0.010000 -0.02641 -0.02499  0.00151 -0.02711  0.06076
0.010000  0.02629  0.00751  0.00908  0.02042 -0.05045
0.010000  0.04931  0.01481  0.00965  0.01434  0.07497
0.010000 -0.01753 -0.03060 -0.02085 -0.03681  0.05533
0.010000  0.03147  0.00954 -0.00259  0.01278 -0.03279
0.010000  0.00961  0.00079  0.00333 -0.00295  0.06418
0.010000  0.05162  0.05679  0.03404  0.02403  0.01885
0.010000 -0.04962 -0.08615 -0.02213 -0.01352  0.04846
0.010000  0.03756  0.02642 -0.00175 -0.00288 -0.00482
0.010000  0.01344 -0.00607  0.02324  0.00978  0.06551
0.010000 -0.03059  0.00374 -0.02082 -0.02332 -0.02155
0.010000  0.05422  0.03273  0.03417  0.02732  0.03087
0.010000 -0.04000 -0.05983 -0.02380 -0.01012 -0.05007
0.010000  0.04040 -0.01535  0.03244  0.01554  0.07722
0.010000 -0.06731 -0.05712 -0.02465 -0.02041  0.02812
0.010000 -0.00467 -0.03202  0.02523 -0.01204 -0.00355
0.010000  0.03037  0.00190  0.00377 -0.00504  0.04681
0.010000  0.08724  0.00341  0.04382  0.03939  0.03942
0.010000  0.01501  0.01774  0.01109  0.02044 -0.03588
0.010000  0.03894  0.02199  0.00322  0.00501  0.05440
0.010000  0.00365 -0.02700  0.02465  0.02851  0.07249
0.010000  0.00661 -0.02897  0.01909  0.03000  0.06339
0.010000  0.02533  0.02330 -0.00630  0.01087  0.02394
0.010000  0.00142  0.00309 -0.01998  0.00671 -0.04139
0.010000  0.01826  0.00149  0.00537  0.00095 -0.00072
0.010000 -0.02394 -0.04788 -0.00907  0.00031  0.01309
0.010000 -0.00703 -0.00740 -0.02156 -0.01983 -0.00821
0.010000  0.04193  0.00637  0.00521  0.00714  0.05619
0.010000 -0.01469  0.00299  0.00077 -0.00015  0.01004
0.010000  0.01422  0.01016  0.01090  0.00044 -0.00735
0.010000 -0.02278 -0.00787 -0.02144 -0.03805  0.03559
0.010000  0.02828  0.01708  0.03911  0.01060  0.07273
0.010000  0.07210  0.06516  0.04382  0.01933  0.06333
0.010000  0.00439 -0.00997 -0.00979 -0.00032 -0.00988
0.010000  0.00291  0.01079 -0.01336 -0.00709  0.01048
0.010000 -0.00545 -0.02428 -0.01093 -0.00244 -0.00118
0.010000 -0.00235 -0.00166  0.01226  0.00622  0.01921
0.010000 -0.00865 -0.01805 -0.00759  0.00056  0.06257
0.010000  0.04723  0.01852  0.02810  0.01088  0.07272
0.010000 -0.01852 -0.02086 -0.02053 -0.03443  0.02233
0.010000 -0.03570 -0.03569 -0.02090 -0.01513 -0.04350
0.010000  0.02439  0.00992 -0.01020 -0.01047  0.01327
0.010000  0.04357  0.06852  0.00802  0.01972  0.04474
0.010000  0.00216  0.00201 -0.00606 -0.02869  0.04536
0.010000  0.01662  0.00087  0.02485  0.00191 -0.03276
0.010000  0.00587  0.01860 -0.00628 -0.01830 -0.04971
0.010000  0.01112  0.02618  0.01381  0.01205  0.00535
0.010000  0.01036 -0.00701  0.01519  0.00604 -0.00267
0.010000 -0.02058 -0.04149  0.01815  0.01330  0.03813
0.010000 -0.03386 -0.01270  0.00923 -0.01908  0.03280
0.010000  0.00810 -0.00799  0.01441 -0.01047  0.00236
0.010000  0.05723  0.04750  0.03079  0.02207 -0.02528
0.010000 -0.01116 -0.00423 -0.00121 -0.01248 -0.05123
0.010000 -0.00159  0.02123  0.00717 -0.00291 -0.02887
0.010000  0.01581  0.05221  0.03470  0.00157  0.02596
0.010000  0.06547  0.03533  0.02287  0.02049 -0.00774
0.010000  0.00067  0.00382  0.03373  0.00598  0.03809
0.010000  0.00885  0.06400  0.02199  0.00114  0.07153
0.010000  0.02931  0.00309  0.02122  0.01472  0.06969
