# Scenario generation method from a paper by Hoyland, Kaut & Wallace
# Code by Michal Kaut (michal.kaut@iot.ntnu.n) & Diego Mathieu

#   prob   var  1   var  2   var  3   var  4   var  5
0.010000 -0.03284 -0.03365 -0.01987 -0.01673 -0.01361
0.010000  0.00136  0.05363  0.01350  0.00776  0.00531
0.010000 -0.01908 -0.03893 -0.00731  0.00663  0.00583
0.010000 -0.05623 -0.01713 -0.01761  0.00265 -0.02075
0.010000  0.05538  0.01481  0.02709  0.00103  0.00938
0.010000  0.03584  0.00790  0.00749 -0.00453  0.00910
0.010000 -0.02175  0.03771 -0.00471  0.00634 -0.00608
0.010000  0.00640  0.02416  0.00138 -0.00115  0.00357
0.010000 -0.03619 -0.01870 -0.02779  0.01206 -0.00693
0.010000 -0.00650  0.02166  0.01545  0.00947  0.00010
0.010000 -0.03368 -0.04658 -0.02703 -0.00284 -0.00071
0.010000  0.05020  0.02133  0.02200  0.00400  0.01305
0.010000 -0.05074 -0.03415 -0.01909  0.00407 -0.00644
0.010000  0.04587  0.01357  0.01303 -0.00401  0.03780
0.010000 -0.01818  0.03776  0.00865 -0.00126 -0.01161
0.010000 -0.01060  0.01429  0.00923 -0.01075 -0.01622
0.010000  0.03882 -0.00106  0.01133  0.00535  0.02261
0.010000 -0.03535 -0.01211 -0.00595  0.00351  0.02628
0.010000 -0.05345 -0.01265 -0.00911 -0.00420 -0.01053
0.010000 -0.04634  0.00278 -0.01344  0.00360  0.00515
0.010000  0.00257 -0.01873 -0.00207  0.00090  0.00701
0.010000 -0.06107 -0.03073 -0.02188  0.01462 -0.01212
0.010000 -0.00326  0.00429  0.01571  0.00046  0.01198
0.010000 -0.05437 -0.01880 -0.01642 -0.00738 -0.00345
0.010000 -0.00214 -0.00676  0.00635 -0.00343  0.00476
0.010000  0.01352  0.01503  0.02494 -0.00594  0.00301
0.010000  0.03312 -0.00892  0.00430  0.00153  0.00611
0.010000 -0.05530 -0.00912 -0.01151 -0.00750 -0.03035
0.010000 -0.04038 -0.01954 -0.01432 -0.00424 -0.00152
0.010000 -0.01447  0.00347  0.00554 -0.00672 -0.00953
0.010000 -0.02779 -0.01444  0.00104 -0.01401  0.00181
0.010000 -0.01635  0.00754  0.00541 -0.00221  0.00177
0.010000 -0.05898 -0.03430 -0.03057  0.00782 -0.00831
0.010000 -0.04984 -0.05150 -0.02829  0.00280 -0.00305
0.010000  0.03061  0.01349  0.00947  0.01499  0.01228
0.010000  0.09205  0.04637  0.03442  0.00074  0.01935
0.010000 -0.05808 -0.05174 -0.06954 -0.01313 -0.00492
0.010000 -0.01998  0.01766 -0.00564  0.00635 -0.01554
0.010000 -0.04808 -0.03890 -0.01983 -0.00360 -0.01237
0.010000 -0.06057 -0.01062 -0.01436  0.00682 -0.01164
0.010000 -0.02948  0.00856  0.00704 -0.00375 -0.01021
0.010000 -0.00436 -0.02249 -0.00389 -0.02128 -0.01964
0.010000 -0.02262 -0.02453 -0.00582  0.00346 -0.00269
0.010000 -0.03033 -0.02031 -0.01151 -0.00716 -0.00382
0.010000 -0.03201  0.03356  0.00566 -0.00242 -0.00860
0.010000 -0.00858 -0.03843 -0.00104 -0.00765 -0.00766
0.010000  0.04213  0.03334  0.02057 -0.00847  0.00919
0.010000 -0.01352  0.00160 -0.01918 -0.00736 -0.01027
0.010000 -0.04462 -0.05140 -0.02883  0.00045 -0.01082
0.010000 -0.03452 -0.01819 -0.00539  0.00449 -0.00694
0.010000 -0.02436 -0.01715  0.00039 -0.00860 -0.00258
0.010000 -0.03870 -0.05116 -0.02271 -0.00316  0.00691
0.010000 -0.02087 -0.03674 -0.00581 -0.00413  0.00315
0.010000 -0.00755 -0.02262 -0.00764  0.00053  0.00154
0.010000 -0.05254  0.00272 -0.01181  0.00153 -0.00805
0.010000  0.02020 -0.00971  0.00489  0.00556  0.02666
0.010000 -0.03786 -0.05120 -0.03197  0.00127  0.00275
0.010000 -0.05716 -0.04757 -0.04348 -0.00440 -0.03104
0.010000 -0.02522 -0.04108 -0.01070 -0.00065 -0.00161
0.010000 -0.03702 -0.02092 -0.00551 -0.00477 -0.00859
0.010000  0.02608  0.03605  0.03012 -0.00741  0.02680
0.010000  0.01673  0.04449  0.02246  0.00175  0.00776
0.010000 -0.01158 -0.02197 -0.01761  0.01274  0.00426
0.010000 -0.05163 -0.03930 -0.02168  0.00281 -0.01239
0.010000  0.02827  0.01626  0.02627 -0.01521  0.00312
0.010000 -0.04291 -0.00742 -0.01032  0.00663 -0.00084
0.010000  0.00912  0.02712  0.00618 -0.00459  0.00384
0.010000 -0.02349  0.00456  0.01101  0.01138  0.00398
0.010000 -0.04896 -0.03605 -0.03184  0.01451 -0.01313
0.010000  0.06197  0.01350  0.03149 -0.00988  0.00321
0.010000 -0.04122 -0.00923 -0.00548  0.00975  0.00840
0.010000 -0.02694 -0.03034 -0.01641  0.00398 -0.00051
0.010000 -0.06086 -0.01229 -0.01432  0.00341 -0.01252
0.010000  0.00017  0.00635  0.01896 -0.00463 -0.00323
0.010000 -0.05597 -0.04439 -0.02668  0.01335 -0.00563
0.010000  0.00381 -0.01209  0.00591 -0.01348 -0.00422
0.010000 -0.01256 -0.02344 -0.00261 -0.01225  0.02210
0.010000 -0.05983 -0.00690 -0.00939  0.00092 -0.00840
0.010000 -0.00544 -0.00715  0.00983  0.01519  0.01358
0.010000  0.01510  0.01085  0.00352 -0.00134 -0.00185
0.010000 -0.04376 -0.04122 -0.02020  0.00650  0.00926
0.010000 -0.01727 -0.02193 -0.00444  0.00961 -0.00306
0.010000  0.01843  0.02912  0.02067 -0.00858  0.00183
0.010000 -0.03954 -0.04154 -0.02659 -0.00743 -0.01432
0.010000  0.01201 -0.00780  0.01444  0.00394  0.01425
0.010000 -0.03117 -0.02315 -0.00570  0.01042 -0.01286
0.010000  0.00509 -0.02700  0.00948 -0.00732  0.00471
0.010000 -0.04206 -0.03225 -0.01924 -0.00906 -0.00849
0.010000 -0.00960  0.04123  0.00990  0.00448 -0.00469
0.010000  0.01054  0.01657  0.01586 -0.01655  0.00290
0.010000  0.02402  0.05507  0.03128  0.00146  0.01768
0.010000 -0.00100 -0.00502 -0.00711 -0.00295  0.00123
0.010000 -0.04547 -0.04530 -0.02738  0.02154 -0.00764
0.010000 -0.02864  0.02615 -0.01157 -0.01037 -0.02187
0.010000 -0.04721 -0.00870 -0.00557  0.00660 -0.00269
0.010000 -0.01542 -0.03814 -0.01862 -0.00305  0.00906
0.010000 -0.02608  0.02619  0.00426  0.00123 -0.01548
0.010000  0.02206  0.05190  0.01884  0.00732  0.00738
0.010000  0.07135  0.05600 -0.01923 -0.00746  0.02369
0.010000  0.00774 -0.01213 -0.01206 -0.00301  0.00018
