# Scenario generation method from a paper by Hoyland, Kaut & Wallace
# Code by Michal Kaut (michal.kaut@iot.ntnu.n) & Diego Mathieu

#   prob   var  1   var  2   var  3   var  4   var  5
0.010000  0.04410  0.04814  0.01719  0.00669  0.01927
0.010000 -0.02622  0.00343 -0.02288 -0.01769 -0.06224
0.010000 -0.00442 -0.01117 -0.00534 -0.00880 -0.04174
0.010000 -0.02909 -0.01768 -0.01269 -0.01325 -0.06201
0.010000 -0.00091  0.00519 -0.01099 -0.01303 -0.05358
0.010000  0.00648 -0.03287 -0.01339 -0.00980 -0.03036
0.010000 -0.00786 -0.02354  0.00849 -0.00172 -0.01072
0.010000  0.02439  0.01274  0.01581  0.01487  0.01389
0.010000 -0.00267 -0.01456 -0.01616 -0.01238 -0.00270
0.010000  0.00271 -0.01019 -0.00182 -0.00213  0.01525
0.010000 -0.04810 -0.01776 -0.02441 -0.01838 -0.05720
0.010000 -0.04655 -0.05793 -0.03108 -0.01782 -0.06274
0.010000  0.00089 -0.00113 -0.00040  0.02194 -0.01808
0.010000  0.01809  0.03985  0.00922 -0.00344  0.00231
0.010000 -0.03865  0.02723 -0.02806 -0.01696 -0.06345
0.010000  0.00844  0.02629  0.01472  0.05231  0.04795
0.010000  0.05332  0.00915  0.03799  0.06140  0.03019
0.010000 -0.03417  0.00924 -0.01941  0.01168 -0.03604
0.010000  0.02305  0.06607  0.01932 -0.00377 -0.03413
0.010000  0.04166 -0.02703  0.00969  0.00477  0.06702
0.010000  0.02721  0.01122  0.01332 -0.00131  0.01570
0.010000  0.00745  0.02027 -0.00038 -0.00683 -0.00834
0.010000  0.04983  0.04936  0.01169  0.00410 -0.01514
0.010000 -0.00700  0.00572  0.00825 -0.00151 -0.03666
0.010000 -0.04108  0.01152 -0.02004 -0.01867 -0.04715
0.010000 -0.02812 -0.00636 -0.02120 -0.01740 -0.03143
0.010000 -0.03107 -0.02695 -0.02639 -0.01764  0.01096
0.010000 -0.01813 -0.02719 -0.00644 -0.01027  0.01781
0.010000  0.08672  0.06997  0.04366  0.01799  0.06118
0.010000  0.03361  0.01604  0.00877  0.03013  0.04542
0.010000  0.00552  0.01203 -0.00069 -0.00533  0.00112
0.010000 -0.05339 -0.05009 -0.01560 -0.01687 -0.02689
0.010000  0.01468  0.05183  0.02438  0.02495  0.01848
0.010000 -0.01726 -0.02891 -0.01442  0.00435 -0.04934
0.010000 -0.06052 -0.04840 -0.03238 -0.01551 -0.06487
0.010000  0.01045  0.00760  0.00391  0.00287 -0.03513
0.010000  0.00180 -0.03429 -0.01645 -0.00892  0.01336
0.010000 -0.02437 -0.01311 -0.01971 -0.01375  0.00362
0.010000 -0.02716 -0.04447 -0.01528  0.00259 -0.01064
0.010000 -0.01297 -0.01644 -0.02056 -0.00965 -0.05058
0.010000 -0.01901 -0.03284 -0.01464  0.02314  0.02969
0.010000 -0.03007 -0.01182 -0.02196 -0.01732 -0.05232
0.010000  0.01693  0.02930  0.01968  0.07171  0.07809
0.010000  0.03543 -0.00098  0.00766  0.02123  0.03229
0.010000  0.02577  0.02979  0.04792  0.00835  0.00822
0.010000  0.05749  0.06208  0.04368  0.03242  0.04503
0.010000 -0.05783 -0.01946 -0.00208  0.00162 -0.04257
0.010000  0.01253  0.03972  0.04954  0.00274  0.03687
0.010000  0.01928  0.02300  0.00206  0.01104  0.06101
0.010000 -0.00355 -0.03478 -0.01095 -0.01046 -0.03458
0.010000  0.02870  0.02884  0.01763  0.02587  0.06465
0.010000 -0.04974 -0.04386 -0.02725 -0.01865 -0.06071
0.010000 -0.00528 -0.00989 -0.00624 -0.00593  0.03318
0.010000 -0.00001  0.00399  0.01527 -0.00432 -0.00846
0.010000 -0.01554 -0.00282 -0.02273 -0.01462 -0.02713
0.010000  0.01148  0.00714  0.00121 -0.00839 -0.02174
0.010000  0.03026  0.03158  0.02523  0.00137  0.00566
0.010000 -0.03525 -0.02740 -0.01770 -0.01490 -0.01714
0.010000  0.00458 -0.02430 -0.00275 -0.00595 -0.00908
0.010000 -0.01126 -0.02967 -0.02241 -0.01451 -0.01573
0.010000  0.00943  0.04607  0.01304  0.03757  0.05279
0.010000  0.02176  0.03829  0.00207  0.00413  0.02953
0.010000 -0.03748 -0.06028 -0.02250 -0.00912 -0.02470
0.010000 -0.03635 -0.01262 -0.02156 -0.00882  0.01188
0.010000 -0.06808 -0.05107 -0.03121 -0.01938 -0.02053
0.010000  0.03736  0.04555  0.04778  0.00686 -0.01405
0.010000 -0.01382  0.02900 -0.00327  0.04235  0.05875
0.010000  0.01359  0.02829  0.01350 -0.00640  0.05069
0.010000 -0.05149 -0.04766 -0.02652 -0.01850 -0.04195
0.010000 -0.01640 -0.00832 -0.01548 -0.01366 -0.05309
0.010000  0.04680  0.01832  0.01369  0.00241  0.01946
0.010000 -0.03311 -0.08043 -0.02091 -0.01373 -0.05444
0.010000 -0.00614 -0.03862 -0.01335 -0.00537  0.01682
0.010000  0.06277  0.02022  0.02773  0.01276  0.07162
0.010000 -0.02529 -0.02960 -0.00172  0.03951  0.03125
0.010000  0.01579 -0.02834 -0.00517 -0.00407  0.03013
0.010000 -0.01468 -0.05700 -0.02173  0.07591  0.03387
0.010000 -0.01041 -0.00318 -0.01080 -0.00108 -0.03487
0.010000 -0.02346 -0.00671 -0.01515 -0.01539 -0.05631
0.010000 -0.02166  0.02686  0.01492 -0.00888 -0.04304
0.010000  0.02050  0.02827  0.01623  0.01451  0.00378
0.010000 -0.07606 -0.06304 -0.03599  0.01344 -0.05622
0.010000 -0.01212  0.00663  0.00688 -0.01035 -0.03969
0.010000 -0.03984 -0.02886 -0.01185  0.00641 -0.04284
0.010000 -0.00179  0.00405  0.00721  0.00319  0.02836
0.010000  0.07025  0.11017  0.09356  0.07117  0.04016
0.010000 -0.04370 -0.04851 -0.01907 -0.01325 -0.02795
0.010000 -0.00871 -0.02176 -0.00516 -0.00193 -0.02124
0.010000 -0.05548 -0.01685 -0.02105 -0.00735 -0.06414
0.010000  0.03189 -0.00230  0.03826  0.01107  0.04404
0.010000 -0.04237 -0.02874 -0.02618 -0.01496 -0.01336
0.010000 -0.04509 -0.04385 -0.03008  0.00260  0.01368
0.010000 -0.06378 -0.04056 -0.02402 -0.00496 -0.06611
0.010000  0.00364 -0.01091  0.00394  0.00095 -0.03391
0.010000 -0.03208 -0.01113  0.00104 -0.00299 -0.05766
0.010000 -0.02077  0.01587  0.00338 -0.00451  0.01684
0.010000  0.03943 -0.00276  0.02645  0.02111  0.05289
0.010000 -0.02255 -0.03384 -0.02014 -0.01515 -0.06032
0.010000 -0.01988 -0.03742 -0.00980 -0.01013 -0.03975
0.010000 -0.00956  0.00038  0.01400  0.00676  0.01505
