# Scenario generation method from a paper by Hoyland, Kaut & Wallace
# Code by Michal Kaut (michal.kaut@iot.ntnu.n) & Diego Mathieu

#   prob   var  1   var  2   var  3   var  4   var  5
0.010000  0.03003  0.04774  0.00814 -0.01454 -0.01560
0.010000 -0.03571 -0.00758 -0.01354 -0.01683 -0.05680
0.010000  0.00893  0.02408  0.00050 -0.01235 -0.04222
0.010000 -0.01422 -0.01967 -0.00899 -0.00959 -0.05327
0.010000 -0.01090 -0.03507 -0.01009  0.02582 -0.05254
0.010000 -0.00152 -0.02652 -0.01173  0.00221 -0.04132
0.010000  0.02812  0.02660  0.00542  0.00071 -0.02060
0.010000  0.01942 -0.01289 -0.00359  0.03027  0.07030
0.010000 -0.05303 -0.02503 -0.01725  0.04047 -0.06134
0.010000  0.00098  0.01488 -0.00264 -0.00428 -0.04551
0.010000 -0.04337 -0.05642 -0.02967 -0.01820  0.03129
0.010000  0.05518  0.00475  0.02104  0.03169  0.04151
0.010000 -0.02061 -0.03042 -0.01619 -0.01856 -0.01645
0.010000 -0.03765 -0.06045 -0.03384 -0.02079 -0.04555
0.010000 -0.04523 -0.04316 -0.03053  0.03299  0.00190
0.010000  0.00355  0.04407  0.00154 -0.00489 -0.01342
0.010000  0.02106 -0.00093  0.00132 -0.00589 -0.02863
0.010000 -0.00632  0.01657 -0.00674 -0.01546 -0.05364
0.010000 -0.04706 -0.03842 -0.03550 -0.02378 -0.03369
0.010000  0.06770  0.00985  0.02570  0.00861  0.04700
0.010000 -0.04848 -0.00551 -0.01663 -0.00611 -0.05589
0.010000  0.01782 -0.00189 -0.00086  0.02872 -0.01739
0.010000 -0.05572 -0.02003 -0.03070 -0.02295 -0.05834
0.010000  0.00620  0.08769  0.00774  0.02725  0.07041
0.010000  0.06295  0.03652  0.02069  0.01081  0.07624
0.010000 -0.01312  0.01416  0.01897  0.00800  0.07069
0.010000  0.02449  0.04797  0.00502 -0.01253  0.07387
0.010000  0.03408  0.01934  0.00173 -0.00616  0.06392
0.010000 -0.05372 -0.05092 -0.03612 -0.01611 -0.06043
0.010000 -0.03862 -0.02090 -0.02268  0.02300 -0.05871
0.010000 -0.04885 -0.02664 -0.01313  0.02005 -0.02533
0.010000 -0.04243  0.01307  0.02257  0.03515 -0.00655
0.010000 -0.05492 -0.06253 -0.02917  0.00149 -0.05911
0.010000  0.00755 -0.02339  0.00053 -0.00069  0.00250
0.010000 -0.05058 -0.02090 -0.02678 -0.02174 -0.03837
0.010000 -0.05141 -0.07138 -0.02810 -0.00454 -0.06240
0.010000 -0.01530 -0.01922 -0.01194 -0.00644  0.01723
0.010000 -0.05582 -0.04111 -0.04517 -0.01604 -0.04587
0.010000 -0.01851 -0.03834 -0.01672 -0.01124 -0.05586
0.010000 -0.02165 -0.02240 -0.01288  0.01215  0.03387
0.010000 -0.04148 -0.04227 -0.01460  0.01781 -0.05694
0.010000 -0.03958 -0.06766 -0.02413 -0.01310  0.04050
0.010000 -0.00977 -0.00489 -0.01117 -0.00752  0.05089
0.010000 -0.03474 -0.04410 -0.01516 -0.01327 -0.00048
0.010000 -0.04615 -0.01947 -0.01580  0.05450 -0.03107
0.010000  0.07340  0.02602  0.02411 -0.00420  0.02272
0.010000 -0.01956 -0.01256 -0.01486 -0.01943 -0.05687
0.010000 -0.05594 -0.02376 -0.02079  0.00223 -0.03435
0.010000 -0.01744 -0.02010 -0.01248 -0.01343 -0.02233
0.010000  0.01473  0.00812 -0.00048 -0.00241  0.06978
0.010000  0.00486 -0.03139 -0.01140 -0.01762  0.05663
0.010000 -0.02576 -0.00739 -0.01332 -0.01354 -0.04540
0.010000 -0.05499 -0.00206 -0.01874 -0.01882  0.01083
0.010000  0.00225  0.02039  0.01463  0.02923  0.05861
0.010000 -0.00274  0.03628  0.00402  0.02034 -0.04275
0.010000 -0.00028  0.00786 -0.00247 -0.01284 -0.02710
0.010000  0.09341  0.06342  0.04804  0.04655  0.07888
0.010000  0.03623  0.01661  0.04898  0.01781  0.06046
0.010000  0.04333  0.05359  0.06037  0.02316  0.02650
0.010000 -0.04430 -0.03497 -0.02692 -0.01751 -0.05074
0.010000  0.01626  0.01283 -0.00290 -0.01839 -0.04487
0.010000 -0.00748 -0.01452 -0.01161 -0.01181 -0.05448
0.010000 -0.02779 -0.00944 -0.01416 -0.01340  0.04747
0.010000  0.01324  0.00596 -0.00229 -0.01550 -0.03692
0.010000  0.04881  0.07537  0.05625  0.03057  0.07438
0.010000 -0.04972 -0.05860 -0.02076 -0.01410 -0.05050
0.010000  0.03848 -0.01065 -0.00291 -0.01396 -0.01647
0.010000 -0.05439 -0.05695 -0.02237 -0.01309 -0.04378
0.010000 -0.01638 -0.02544 -0.01460 -0.01103  0.04416
0.010000 -0.02474 -0.01665 -0.01227 -0.00205 -0.05739
0.010000 -0.04796 -0.01657 -0.01928 -0.01704 -0.05653
0.010000 -0.05548  0.01148 -0.01114 -0.01181 -0.01060
0.010000 -0.01202 -0.02490 -0.01040 -0.01079  0.06122
0.010000  0.05884  0.01862  0.06814  0.07964  0.06700
0.010000 -0.00863 -0.03011 -0.01330 -0.01608  0.05746
0.010000 -0.03178 -0.04482 -0.02408 -0.01557 -0.05900
0.010000  0.04598  0.00056  0.00703  0.03169 -0.00446
0.010000 -0.00514 -0.01646 -0.00473 -0.00900 -0.04545
0.010000 -0.00395 -0.03458 -0.01094 -0.01430 -0.04954
0.010000  0.05186  0.04074  0.01644  0.00292  0.03107
0.010000 -0.02678  0.01150 -0.00910 -0.01642 -0.03388
0.010000 -0.04053 -0.05303 -0.02698 -0.01567 -0.00310
0.010000  0.01034  0.04206  0.01005  0.02209 -0.02727
0.010000 -0.03376 -0.00057 -0.00691  0.00284 -0.04382
0.010000 -0.02918 -0.01582 -0.01072  0.03014 -0.03110
0.010000 -0.02879 -0.02002 -0.00807 -0.00785 -0.05397
0.010000  0.04084  0.02345  0.01023  0.08497  0.01621
0.010000 -0.02980 -0.01882 -0.01817 -0.02020 -0.05783
0.010000  0.01178  0.07330  0.00717  0.00281 -0.04034
0.010000 -0.02269 -0.05647 -0.02667 -0.02091 -0.05978
0.010000 -0.02372 -0.01282 -0.00982  0.01757 -0.00254
0.010000 -0.03079 -0.03335 -0.02647 -0.02203 -0.05906
0.010000  0.03202  0.05103  0.00908 -0.01462  0.06600
0.010000  0.02275  0.06965  0.00907 -0.01438  0.01587
0.010000  0.02628  0.01225  0.00089 -0.01334 -0.02579
0.010000  0.08080  0.07861  0.08023  0.02226  0.07024
0.010000 -0.05299 -0.05815 -0.04007 -0.01193  0.01683
0.010000 -0.05222 -0.02831 -0.01329  0.01098  0.04683
0.010000 -0.03277 -0.04178 -0.01889 -0.00485 -0.05972
0.010000 -0.03669 -0.01889 -0.01490 -0.01262 -0.05148
