# Scenario generation method from a paper by Hoyland, Kaut & Wallace
# Code by Michal Kaut (michal.kaut@iot.ntnu.n) & Diego Mathieu

#   prob   var  1   var  2   var  3   var  4   var  5
0.010000 -0.02024 -0.00735  0.00232 -0.00940 -0.00120
0.010000  0.03558  0.00895  0.01319  0.00343  0.00492
0.010000 -0.00781 -0.02093  0.01089  0.00069  0.00512
0.010000  0.00502 -0.00472  0.01764 -0.01228 -0.00023
0.010000 -0.02550 -0.03632 -0.02573 -0.01800 -0.00708
0.010000 -0.03328 -0.03676 -0.01511  0.00008 -0.00608
0.010000  0.02488  0.02234  0.01338  0.00735  0.00545
0.010000  0.03833  0.05566  0.01427 -0.00508  0.00215
0.010000 -0.01949 -0.02977 -0.02123  0.00073 -0.00285
0.010000 -0.02778 -0.01948 -0.01477 -0.01075 -0.00664
0.010000 -0.03491 -0.02242 -0.00733 -0.01478 -0.00743
0.010000  0.01992  0.04700 -0.00435  0.00916 -0.00358
0.010000 -0.03010 -0.03592 -0.01273 -0.00111 -0.00406
0.010000 -0.03746  0.02710 -0.00928 -0.00471 -0.00967
0.010000 -0.02702 -0.03786  0.00664  0.00605 -0.00167
0.010000  0.03081  0.04691  0.01592 -0.01779  0.00113
0.010000 -0.05625 -0.02837 -0.00713  0.01702 -0.00246
0.010000 -0.01647 -0.00808  0.00208 -0.00224 -0.00255
0.010000 -0.06577 -0.01390 -0.02017 -0.00759 -0.00260
0.010000 -0.03088 -0.03824 -0.00336 -0.00084 -0.00433
0.010000 -0.00176 -0.02731  0.01085  0.01632  0.00380
0.010000 -0.00266  0.02576  0.01761  0.02910  0.01212
0.010000 -0.02626 -0.03774 -0.01125  0.00662 -0.00379
0.010000 -0.02249 -0.02532 -0.03093  0.00842 -0.00830
0.010000  0.00607 -0.02453 -0.01090 -0.00632  0.02638
0.010000 -0.00085  0.01881  0.00308 -0.02564  0.01781
0.010000 -0.04512 -0.01913 -0.03030  0.00690 -0.00759
0.010000  0.09296  0.05976  0.03372  0.00724  0.03273
0.010000 -0.04859 -0.03958  0.01066 -0.00403 -0.00461
0.010000 -0.04304 -0.00157 -0.01162  0.00474 -0.00118
0.010000 -0.00355  0.02371  0.02541 -0.01988  0.00551
0.010000 -0.02932 -0.03806  0.00533  0.00419  0.03161
0.010000 -0.03247  0.00084  0.00691 -0.01735 -0.00617
0.010000  0.00825  0.00098  0.00946  0.00335  0.02475
0.010000 -0.03660  0.00614 -0.00334 -0.01135 -0.00354
0.010000 -0.04988 -0.03872 -0.00538 -0.00650 -0.00268
0.010000  0.00008  0.02447  0.00894  0.01816  0.00091
0.010000 -0.00443 -0.01615 -0.02804  0.00632 -0.00672
0.010000  0.05405  0.02095  0.02628  0.00564  0.01350
0.010000 -0.00529 -0.02774 -0.00425  0.01047 -0.00291
0.010000  0.01055 -0.01851  0.00693 -0.00139  0.00224
0.010000  0.01175  0.00810  0.02530 -0.00263  0.00918
0.010000 -0.00698 -0.03134 -0.00239 -0.01026 -0.00185
0.010000 -0.02099  0.01758 -0.01323 -0.00879 -0.00440
0.010000 -0.03575 -0.03832 -0.03698 -0.00629  0.02508
0.010000 -0.05842 -0.03713 -0.00867  0.00699 -0.00762
0.010000 -0.00614  0.04030  0.01229 -0.00409 -0.00455
0.010000  0.00715  0.03743  0.01764  0.00524  0.00870
0.010000 -0.04622 -0.03841 -0.00514 -0.00355  0.00459
0.010000 -0.01798 -0.03596 -0.00773  0.01534 -0.00328
0.010000 -0.05125 -0.02831 -0.00649 -0.00625 -0.00473
0.010000 -0.02399 -0.01903  0.00195 -0.00501  0.00298
0.010000  0.04904  0.02320  0.02046  0.00005  0.01663
0.010000 -0.02174 -0.00656 -0.00136  0.00676 -0.00266
0.010000 -0.04406  0.01439  0.00196 -0.00138 -0.00595
0.010000 -0.06118  0.00057 -0.00553 -0.00311 -0.00984
0.010000  0.00298  0.05116  0.00383 -0.00296 -0.00377
0.010000  0.00938 -0.00864  0.01344 -0.01415 -0.00042
0.010000 -0.01417 -0.02002 -0.00044 -0.00746 -0.00339
0.010000 -0.03923 -0.02846 -0.02038 -0.01270 -0.00917
0.010000  0.00200 -0.01760 -0.00003  0.00367  0.01256
0.010000  0.02149 -0.00542 -0.00833 -0.01259  0.00182
0.010000  0.02673 -0.00240  0.01043  0.00932  0.00347
0.010000  0.01427 -0.00817  0.00134 -0.00634  0.00016
0.010000 -0.00945 -0.01218 -0.01251 -0.00863 -0.00477
0.010000 -0.04738  0.02297 -0.01288 -0.02146 -0.01072
0.010000 -0.02475 -0.02918 -0.04769  0.01510 -0.00587
0.010000  0.00399  0.04324 -0.00117 -0.01442  0.00906
0.010000  0.01560  0.02906  0.02689 -0.01554  0.00150
0.010000 -0.04109 -0.01997 -0.02056 -0.02242 -0.00944
0.010000  0.00103 -0.02599 -0.00694  0.00100 -0.00181
0.010000  0.02314 -0.01080  0.00719 -0.03000  0.00003
0.010000 -0.02324  0.03988  0.01039  0.00216  0.00006
0.010000 -0.01571 -0.02580 -0.01299 -0.01340 -0.00461
0.010000 -0.01494  0.01595 -0.00158 -0.00012  0.00229
0.010000  0.02869  0.00838  0.01507 -0.00408  0.00214
0.010000  0.01299  0.04937  0.01501  0.00648  0.00621
0.010000  0.01842  0.02031  0.00501 -0.01399  0.00024
0.010000  0.04492  0.02527  0.00783 -0.00926  0.02973
0.010000  0.07015  0.02259  0.04787 -0.00501  0.01181
0.010000 -0.01340 -0.00324 -0.00018  0.02218  0.00512
0.010000 -0.01263 -0.01137 -0.00913  0.01585  0.02162
0.010000 -0.03409 -0.03795 -0.02686  0.01056 -0.00551
0.010000 -0.04205 -0.01975 -0.00094  0.00345 -0.00662
0.010000 -0.05439  0.00246 -0.01087  0.00051 -0.01032
0.010000  0.03309  0.04110  0.01068 -0.00093 -0.00033
0.010000 -0.05275  0.00191 -0.00382  0.00438 -0.00892
0.010000 -0.01874 -0.01106 -0.00463 -0.00468 -0.00537
0.010000 -0.01723 -0.02010  0.01415  0.00120  0.00158
0.010000 -0.01105 -0.03128 -0.00729  0.00521 -0.00376
0.010000 -0.03167 -0.03342 -0.00376  0.00056 -0.00490
0.010000 -0.04015 -0.03257 -0.01682 -0.01434 -0.00827
0.010000 -0.00864  0.01780  0.00639  0.00597 -0.00415
0.010000  0.01698 -0.01284  0.01495  0.00988  0.01050
0.010000  0.04141  0.03326  0.00703 -0.01531  0.01389
0.010000 -0.01025 -0.00837  0.01610  0.01594  0.01346
0.010000 -0.02855 -0.01434 -0.00674 -0.00948 -0.00411
0.010000  0.06057  0.02482  0.03036  0.01040  0.01356
0.010000 -0.01184  0.03019  0.01716  0.01237 -0.00325
0.010000 -0.03834 -0.03813 -0.00850  0.00125 -0.00596
