# Scenario generation method from a paper by Hoyland, Kaut & Wallace
# Code by Michal Kaut (michal.kaut@iot.ntnu.n) & Diego Mathieu

#   prob   var  1   var  2   var  3   var  4   var  5
0.010000 -0.07337 -0.04970 -0.01830 -0.05785 -0.03648
0.010000 -0.02449 -0.02835  0.01253 -0.04382  0.01230
0.010000 -0.00567 -0.04056 -0.00371 -0.01734 -0.02110
0.010000  0.05602  0.05618  0.02741  0.04999  0.03955
0.010000  0.03464  0.05396 -0.00892  0.03349 -0.00785
0.010000  0.00494  0.02601  0.03784  0.03157  0.01756
0.010000 -0.03461 -0.04693 -0.00990 -0.03243  0.02168
0.010000  0.07273  0.06821  0.02911  0.05586  0.01195
0.010000 -0.00930 -0.03159 -0.00121  0.01135  0.02473
0.010000 -0.05908 -0.04681 -0.01943 -0.05235 -0.04347
0.010000 -0.00031 -0.03762 -0.00540  0.01850  0.01323
0.010000 -0.01426 -0.04459 -0.01988  0.00031 -0.01251
0.010000  0.06026  0.04259  0.01335  0.00314 -0.01050
0.010000  0.02662 -0.00400 -0.01510 -0.00165  0.02855
0.010000 -0.02253 -0.03266 -0.02636 -0.03876  0.00049
0.010000  0.06552  0.04992  0.03231  0.03441  0.03462
0.010000 -0.01115 -0.04271  0.00943 -0.02326  0.01509
0.010000 -0.02647 -0.04552 -0.02310 -0.00336  0.00515
0.010000  0.00145  0.02564  0.02540 -0.00433  0.02644
0.010000  0.05456  0.02018  0.00081  0.06665  0.05373
0.010000 -0.01300 -0.01763  0.00414 -0.01076  0.02941
0.010000  0.00320 -0.01004 -0.01542 -0.02843 -0.03089
0.010000  0.06426  0.01524  0.07332  0.02381  0.03243
0.010000 -0.04532 -0.04758  0.02350  0.01155 -0.04484
0.010000  0.07074  0.05667  0.02206  0.08143  0.04409
0.010000  0.06424  0.00270  0.04669  0.03832  0.03387
0.010000  0.03937  0.03597  0.00797  0.04910  0.01071
0.010000 -0.00208  0.03209 -0.01053 -0.04050  0.01880
0.010000 -0.05439 -0.04788 -0.04037 -0.04144 -0.03443
0.010000  0.05012  0.06626  0.01276  0.01211  0.04366
0.010000 -0.07089 -0.04133 -0.00248 -0.04564 -0.00265
0.010000 -0.06860 -0.02225 -0.03055 -0.04432 -0.08510
0.010000  0.05310  0.04881  0.00275  0.03840  0.02963
0.010000  0.04709  0.03712  0.04232  0.04254  0.01145
0.010000  0.06835  0.07367  0.04717  0.03968  0.04898
0.010000 -0.03050  0.00490 -0.02485 -0.03270 -0.02276
0.010000 -0.07496 -0.04825 -0.00418 -0.03419 -0.03822
0.010000  0.04861  0.02230  0.00338  0.01703 -0.00875
0.010000  0.07273  0.01170  0.05719  0.02077  0.05064
0.010000  0.02823  0.02300 -0.00603 -0.01171  0.04195
0.010000  0.02009 -0.02509  0.03519 -0.03264  0.02471
0.010000 -0.04096 -0.04136 -0.02757  0.02073  0.01134
0.010000  0.02499 -0.00310  0.05308  0.01540  0.00431
0.010000 -0.03882 -0.03497 -0.01847  0.00993 -0.01340
0.010000  0.07290  0.02985  0.06769  0.00852  0.07327
0.010000  0.01345 -0.03408 -0.00805 -0.00526  0.04267
0.010000 -0.04313 -0.04725 -0.02632 -0.04933 -0.03643
0.010000 -0.07633 -0.04033 -0.03869 -0.04821 -0.07625
0.010000  0.05690 -0.00578  0.02451 -0.00289  0.04962
0.010000  0.02984  0.02955 -0.00840  0.00363 -0.00678
0.010000  0.04193  0.01193  0.05575  0.00777  0.05957
0.010000 -0.06146 -0.04922 -0.02829 -0.02567 -0.02811
0.010000  0.01512  0.04532  0.00339  0.01604 -0.00739
0.010000  0.01008  0.03384 -0.00947  0.00354  0.00961
0.010000  0.03304 -0.00520  0.05533  0.01314  0.03721
0.010000  0.04403  0.05338  0.03487  0.05597  0.02883
0.010000  0.04093  0.04212  0.03022 -0.00702 -0.01566
0.010000  0.06998  0.05718  0.04058  0.02516  0.00863
0.010000 -0.05673 -0.04902 -0.02287 -0.03653 -0.00995
0.010000 -0.01867 -0.03984  0.04423 -0.03333 -0.00349
0.010000 -0.07306 -0.02499 -0.02594 -0.06031 -0.04775
0.010000 -0.05208 -0.01556 -0.00428 -0.05300 -0.01647
0.010000 -0.04755 -0.04750 -0.02874 -0.05321 -0.02825
0.010000  0.01678 -0.02589  0.01766  0.01659  0.01070
0.010000  0.01177 -0.03252 -0.01434  0.00975  0.01122
0.010000  0.06788  0.00518  0.00033  0.04671  0.02534
0.010000  0.03780 -0.01442  0.02039 -0.00442  0.02707
0.010000  0.07167  0.06841  0.08641  0.04987  0.02650
0.010000 -0.03254 -0.04633  0.01717 -0.02183  0.00635
0.010000 -0.01676  0.00663 -0.00641  0.01750 -0.02468
0.010000  0.06296  0.06702  0.02832  0.08424  0.02581
0.010000  0.01844 -0.03123  0.02106 -0.00332  0.01639
0.010000  0.06673  0.02693  0.00761  0.08315  0.03407
0.010000  0.04557  0.04677  0.03848  0.00499  0.02517
0.010000 -0.06624 -0.04483 -0.04146  0.01052 -0.02237
0.010000  0.07089  0.07371  0.00019  0.04983  0.03982
0.010000  0.05161  0.03533 -0.00327  0.07642  0.03325
0.010000 -0.00748  0.02600  0.05078 -0.04930  0.00808
0.010000  0.00666 -0.03668  0.01390  0.01287  0.02005
0.010000 -0.02059 -0.04191 -0.00344 -0.01479  0.02582
0.010000 -0.03670 -0.04769 -0.03424 -0.02470 -0.04137
0.010000 -0.00387 -0.03562  0.00888  0.01113  0.01419
0.010000  0.06162  0.01106  0.03488  0.06716 -0.02015
0.010000  0.07230  0.00729  0.02763  0.02957  0.08931
0.010000 -0.02847 -0.00801 -0.00284 -0.00500 -0.00036
0.010000  0.04248  0.01476  0.04971  0.03339  0.02859
0.010000  0.05745  0.02610  0.02435  0.08119  0.05181
0.010000 -0.07651 -0.03956 -0.01622 -0.02924 -0.01300
0.010000  0.02337  0.04859  0.00266 -0.02933  0.02728
0.010000 -0.01487 -0.02406  0.02054 -0.01829  0.01502
0.010000  0.07208  0.02594  0.07772  0.02894  0.06454
0.010000  0.02173  0.04596  0.01356  0.03523  0.03692
0.010000 -0.04980 -0.04797 -0.00101 -0.04282  0.00382
0.010000  0.06897  0.04577  0.02631  0.05281  0.02474
0.010000 -0.04876 -0.04853 -0.00236 -0.04604 -0.03105
0.010000  0.00837  0.00127  0.02934  0.02994 -0.01903
0.010000  0.03145  0.03723  0.03236  0.00760  0.02761
0.010000 -0.06385 -0.04371 -0.03883 -0.03653 -0.05474
0.010000  0.03622 -0.01487 -0.01635  0.01492  0.03053
0.010000  0.05887  0.06583  0.01556  0.01152  0.04214
