# Scenario generation method from a paper by Hoyland, Kaut & Wallace
# Code by Michal Kaut (michal.kaut@iot.ntnu.n) & Diego Mathieu

#   prob   var  1   var  2   var  3   var  4   var  5
0.010000 -0.00350 -0.02741 -0.02152 -0.00924 -0.00973
0.010000 -0.01204 -0.01889  0.00660  0.00632 -0.00983
0.010000 -0.05306 -0.04742 -0.01508 -0.02803  0.00036
0.010000 -0.02667 -0.00035 -0.02116 -0.01013 -0.03082
0.010000 -0.05735 -0.02735 -0.01880 -0.08060 -0.01912
0.010000 -0.05443 -0.02900  0.00825 -0.01478 -0.00271
0.010000 -0.02117 -0.03443  0.02620  0.00181 -0.01845
0.010000 -0.01296 -0.03126 -0.01932 -0.00749 -0.02534
0.010000 -0.00641 -0.02308  0.00106 -0.01528 -0.00539
0.010000 -0.00831 -0.00450 -0.00432 -0.01202 -0.01645
0.010000  0.00052 -0.02422 -0.01384 -0.00923 -0.00436
0.010000 -0.02760 -0.03466 -0.01267 -0.03197 -0.00109
0.010000 -0.04237 -0.04594 -0.02615 -0.05056 -0.03340
0.010000 -0.03230 -0.00092  0.01402 -0.02166 -0.00942
0.010000 -0.04131 -0.03736 -0.01999 -0.04115 -0.01238
0.010000  0.03799  0.02520 -0.01647  0.00326 -0.00780
0.010000  0.03582  0.01814  0.03710  0.04282 -0.00493
0.010000 -0.04026 -0.01804 -0.02218 -0.04521 -0.00609
0.010000 -0.03922 -0.00184 -0.00343  0.01130 -0.03280
0.010000 -0.03135 -0.04174 -0.02653 -0.01872 -0.02363
0.010000 -0.01388  0.00391 -0.00080 -0.01694 -0.01956
0.010000  0.03187  0.05690  0.00360  0.03008  0.01211
0.010000  0.04559  0.06240  0.01611  0.02430 -0.00973
0.010000 -0.01570 -0.03442 -0.03747 -0.00578 -0.02527
0.010000 -0.01479 -0.02256  0.03646  0.02977 -0.01896
0.010000  0.02202  0.04834  0.02823  0.06722  0.00763
0.010000 -0.00050 -0.01656 -0.01730  0.01683 -0.00894
0.010000 -0.00447  0.01390  0.00933 -0.00002 -0.00370
0.010000 -0.03423 -0.01965 -0.03041 -0.02849 -0.02089
0.010000  0.00155  0.00768 -0.02713 -0.00894 -0.00512
0.010000 -0.01844  0.02556  0.00483 -0.00437  0.03788
0.010000 -0.04922 -0.04912 -0.02790 -0.05488 -0.02726
0.010000 -0.02483 -0.01657 -0.01317 -0.02546 -0.01492
0.010000 -0.00151  0.01719 -0.01593 -0.00521  0.01913
0.010000  0.01272  0.03389 -0.01783  0.01023 -0.01023
0.010000  0.00472 -0.01809 -0.01199 -0.01329 -0.00841
0.010000  0.04031  0.02952  0.01609  0.01346  0.01712
0.010000  0.02665  0.05543  0.01530  0.02462  0.02318
0.010000 -0.04568 -0.04313 -0.04255 -0.08090 -0.00480
0.010000  0.01033  0.02102 -0.02151 -0.00574 -0.00736
0.010000  0.01650  0.00490  0.02643 -0.00831 -0.00187
0.010000  0.01918  0.00403  0.02112  0.00090  0.02945
0.010000  0.02058  0.00285  0.00180  0.01699 -0.01238
0.010000  0.05217  0.02259  0.00852  0.03517  0.00642
0.010000  0.06135  0.08485  0.03267  0.05187  0.04179
0.010000  0.01395  0.03104  0.01971  0.01279  0.01134
0.010000 -0.02853 -0.02075  0.02495 -0.00023 -0.00557
0.010000  0.01521  0.00754 -0.02122  0.00330 -0.00896
0.010000 -0.01111 -0.03053  0.01637 -0.00623 -0.02374
0.010000 -0.06231 -0.04334 -0.02998 -0.04707 -0.00695
0.010000  0.05628  0.06754  0.03837  0.05863  0.00464
0.010000 -0.00544 -0.02837  0.00176  0.01104 -0.01733
0.010000  0.00691  0.00082 -0.02659 -0.00636  0.02765
0.010000  0.02351  0.00179 -0.00631  0.01397 -0.01468
0.010000  0.08210  0.04669  0.00541  0.06928  0.01098
0.010000 -0.02391 -0.02452 -0.01573 -0.03526 -0.00611
0.010000 -0.02299 -0.03555 -0.00993 -0.02338 -0.01745
0.010000  0.06828  0.02843  0.00610  0.05797 -0.00012
0.010000  0.04867  0.05085 -0.00977  0.00689  0.01011
0.010000 -0.02208 -0.03591 -0.00359 -0.05361 -0.01469
0.010000 -0.04683 -0.03505  0.02849 -0.02148 -0.00999
0.010000 -0.04456  0.02752  0.00006 -0.02341 -0.02056
0.010000  0.00917  0.02309 -0.00307  0.00478 -0.00568
0.010000 -0.03719 -0.03278 -0.02947 -0.05154 -0.01298
0.010000 -0.04801 -0.02376 -0.02203 -0.02980 -0.01659
0.010000  0.00259 -0.01543 -0.03220  0.00857 -0.02605
0.010000  0.02831  0.00708 -0.01564 -0.00417 -0.00640
0.010000 -0.06415 -0.04379  0.03477 -0.02340 -0.02848
0.010000 -0.04345 -0.02488 -0.01252 -0.03513 -0.02819
0.010000 -0.03326 -0.03227  0.02005 -0.02085  0.00311
0.010000  0.00803 -0.01028  0.00351  0.01759 -0.01840
0.010000  0.00365  0.00847  0.06349  0.03544  0.01126
0.010000 -0.02946 -0.02924 -0.03770 -0.02287 -0.03228
0.010000 -0.01753 -0.03020  0.00962  0.00250 -0.02151
0.010000 -0.03521 -0.00037 -0.02187 -0.01156 -0.01722
0.010000 -0.05174 -0.04989 -0.00640 -0.03851 -0.02089
0.010000 -0.05891 -0.05059 -0.03748 -0.07369 -0.03598
0.010000  0.03005  0.02458 -0.00949  0.02062 -0.01096
0.010000 -0.02026 -0.01646 -0.02199 -0.03964 -0.00946
0.010000 -0.01018 -0.00382 -0.00663 -0.00960 -0.00425
0.010000 -0.02575  0.02311  0.00368 -0.02289  0.00000
0.010000  0.02505 -0.00315  0.01225 -0.00473  0.00073
0.010000 -0.03620 -0.01685 -0.01573 -0.01438 -0.01014
0.010000 -0.00736 -0.00700 -0.01509 -0.01895  0.00015
0.010000 -0.01935 -0.03413 -0.02059 -0.03020 -0.02111
0.010000 -0.00251 -0.01551 -0.00181 -0.01650  0.00913
0.010000  0.00581 -0.01278 -0.00856 -0.00129 -0.00636
0.010000  0.01151 -0.01683 -0.02639  0.01795 -0.00253
0.010000 -0.01662 -0.01162  0.01596 -0.02731 -0.00800
0.010000 -0.06618 -0.03615  0.00442 -0.03782 -0.03778
0.010000 -0.06597 -0.00303 -0.02941 -0.05951 -0.02623
0.010000 -0.05046 -0.03654 -0.00056 -0.00962 -0.02620
0.010000  0.04283  0.05289  0.03891  0.03999  0.01103
0.010000 -0.03040 -0.03885 -0.01289 -0.02764 -0.02734
0.010000  0.03379  0.03667  0.01211  0.04599  0.01064
0.010000 -0.05585 -0.03382  0.01208 -0.03992 -0.01470
0.010000  0.01783 -0.01346 -0.00043  0.00617  0.01019
0.010000 -0.00925 -0.02042 -0.01504 -0.02202 -0.02274
0.010000 -0.03820 -0.03205 -0.01726 -0.03265 -0.00635
0.010000 -0.06056 -0.04930 -0.00365 -0.03259 -0.02461
