# Scenario generation method from a paper by Hoyland, Kaut & Wallace
# Code by Michal Kaut (michal.kaut@iot.ntnu.n) & Diego Mathieu

#   prob   var  1   var  2   var  3   var  4   var  5
0.010000 -0.00840 -0.05320 -0.01592  0.00340  0.02209
0.010000 -0.01343 -0.03599 -0.02104  0.01049  0.02102
0.010000  0.04555  0.04512  0.02709  0.02096  0.03858
0.010000 -0.03735 -0.05841  0.00488 -0.02677  0.01645
0.010000  0.06144  0.03633  0.03105  0.02055  0.07274
0.010000  0.01291 -0.00119  0.02460  0.01338 -0.01859
0.010000 -0.06314 -0.04020 -0.01183 -0.01261 -0.00127
0.010000  0.03890  0.00207 -0.00101  0.00831  0.06143
0.010000 -0.03117 -0.00584 -0.01626 -0.02028 -0.01049
0.010000  0.03745 -0.00073  0.01589  0.00973  0.04762
0.010000  0.01127 -0.00425  0.03063 -0.00728  0.03100
0.010000  0.00492 -0.00337 -0.00420  0.00577  0.02604
0.010000 -0.04632 -0.03469 -0.02792 -0.03886 -0.05764
0.010000  0.03475  0.03755  0.01026 -0.00249  0.04169
0.010000 -0.00922 -0.00651 -0.00182  0.00953  0.02804
0.010000  0.03107 -0.00025  0.01935  0.00259  0.06589
0.010000  0.01629  0.02587 -0.00517 -0.00959 -0.02392
0.010000 -0.00362 -0.01870 -0.00155 -0.00108  0.02216
0.010000 -0.03406 -0.05393 -0.01067 -0.01017 -0.02006
0.010000 -0.01887 -0.03345 -0.00679  0.01024  0.04752
0.010000  0.00105  0.00486  0.01164  0.00830  0.04428
0.010000  0.01893  0.01905 -0.00720 -0.01674  0.02489
0.010000  0.04042  0.05825  0.04515  0.03021  0.00024
0.010000  0.02562 -0.00290 -0.00879  0.00668  0.06228
0.010000 -0.00050 -0.01271  0.01702  0.00419  0.06923
0.010000  0.02665 -0.00026  0.02306  0.02965 -0.02269
0.010000  0.01543  0.02123  0.00777 -0.01453  0.02038
0.010000 -0.00440  0.01737 -0.00085 -0.00969 -0.00530
0.010000  0.01046  0.00655 -0.00767 -0.00146 -0.00447
0.010000  0.00183 -0.02436 -0.00648 -0.00282  0.00875
0.010000  0.05204  0.01145  0.03576  0.03070  0.07305
0.010000  0.06606  0.05546  0.03503  0.00896  0.07828
0.010000 -0.02983 -0.01746 -0.00584 -0.02356  0.01221
0.010000  0.04967  0.02412  0.01504  0.01681 -0.00434
0.010000 -0.04361 -0.03384 -0.02841 -0.01714  0.02768
0.010000 -0.01700  0.00532  0.01370 -0.02565  0.04676
0.010000  0.00648 -0.00452  0.00333  0.00824 -0.01478
0.010000  0.04752 -0.00548  0.01791  0.01012  0.03144
0.010000 -0.00283 -0.01319  0.02264  0.00273  0.07228
0.010000  0.04202  0.00456  0.03478  0.03085  0.00180
0.010000  0.02992  0.02113  0.00928  0.01556 -0.01302
0.010000  0.00260 -0.01138  0.01396 -0.01386  0.01161
0.010000  0.01716 -0.00125  0.00615  0.01453 -0.04623
0.010000 -0.00759 -0.00137  0.00505 -0.00647  0.04619
0.010000  0.05470  0.02520  0.02213  0.02160  0.03083
0.010000  0.00727  0.00556  0.01257  0.00565 -0.01308
0.010000  0.00337 -0.00303 -0.01553 -0.02008  0.05842
0.010000 -0.01984 -0.03932  0.00124 -0.01292  0.01092
0.010000  0.00028  0.01916  0.01887  0.01299  0.02619
0.010000 -0.02504 -0.00939  0.00973  0.01436  0.03454
0.010000  0.01984  0.04721 -0.01215 -0.02433 -0.03941
0.010000  0.02880  0.00051  0.02804  0.02658 -0.03918
0.010000 -0.02734 -0.02585 -0.02378 -0.04137  0.00552
0.010000  0.02169  0.01595  0.00444 -0.00461  0.03151
0.010000 -0.04128 -0.06391 -0.02143 -0.02409 -0.03042
0.010000 -0.01519 -0.00815 -0.01669  0.00429  0.00453
0.010000 -0.01005  0.00102  0.01982  0.01440  0.02860
0.010000 -0.01257 -0.02249 -0.01723 -0.01669 -0.04550
0.010000 -0.02394 -0.01623 -0.00694 -0.02303  0.05310
0.010000 -0.00127 -0.03668  0.00664  0.00268  0.05828
0.010000 -0.00679  0.00068 -0.01743 -0.02574  0.04850
0.010000  0.00570  0.06447 -0.00815 -0.03037  0.04229
0.010000 -0.01430 -0.00577 -0.01352 -0.01472  0.05634
0.010000  0.01374  0.03524  0.00781 -0.02035 -0.02254
0.010000 -0.00519 -0.01497 -0.01934 -0.00370 -0.03461
0.010000  0.02771  0.00134  0.00397  0.00738 -0.00909
0.010000 -0.04966 -0.04089 -0.02329 -0.01874  0.03478
0.010000 -0.02184 -0.00404 -0.02009 -0.02399 -0.05208
0.010000  0.00806 -0.00112  0.03161  0.01417  0.04234
0.010000  0.01458  0.01536 -0.01010  0.00692 -0.00409
0.010000  0.00965  0.01892 -0.01715  0.00441 -0.02465
0.010000  0.08704  0.03471  0.04683  0.03177  0.07039
0.010000  0.03348  0.04150  0.02443  0.02041  0.01585
0.010000  0.01208 -0.02102  0.03758  0.02357  0.07241
0.010000  0.03607  0.03375  0.01934 -0.01358  0.04807
0.010000 -0.01609 -0.02668 -0.00654 -0.00062  0.05426
0.010000 -0.02617 -0.02882 -0.00983 -0.00369  0.01959
0.010000 -0.03565 -0.01260 -0.00948 -0.00938  0.02826
0.010000 -0.00205 -0.02509 -0.00615 -0.00070  0.04707
0.010000 -0.02287 -0.02776 -0.01492 -0.02641 -0.03338
0.010000 -0.00599  0.03502  0.00796 -0.00562  0.05209
0.010000  0.04373  0.02397 -0.00262  0.01621 -0.04855
0.010000  0.03225 -0.00444  0.03264  0.02177  0.04467
0.010000  0.02076  0.05318  0.02533 -0.00107 -0.02343
0.010000  0.02362  0.04711  0.01413  0.01254 -0.02723
0.010000 -0.02856 -0.02571  0.01464  0.01619 -0.06197
0.010000 -0.03922 -0.04396  0.00608 -0.00795  0.02430
0.010000  0.02461  0.01171  0.02419  0.00482 -0.00619
0.010000 -0.03257 -0.02341 -0.02309 -0.00904 -0.06496
0.010000 -0.01088 -0.04614  0.00467  0.00854  0.03410
0.010000  0.05777  0.07066  0.01688  0.01053  0.00996
0.010000  0.07262  0.05453  0.01600  0.01104  0.07537
0.010000  0.01804 -0.00340  0.01391  0.01975  0.01020
0.010000 -0.05417 -0.09215 -0.02231 -0.00278  0.00307
0.010000 -0.02083 -0.01358  0.00480 -0.01275  0.03631
0.010000  0.00415 -0.00132  0.01640 -0.00033  0.05931
0.010000  0.00885 -0.01937 -0.01433 -0.00865  0.03938
0.010000 -0.01793 -0.01690 -0.02061 -0.01933 -0.02482
0.010000 -0.01172 -0.00964 -0.02468 -0.01270 -0.03207
0.010000  0.02265 -0.04174  0.00855  0.00831 -0.04217
