# Scenario generation method from a paper by Hoyland, Kaut & Wallace
# Code by Michal Kaut (michal.kaut@iot.ntnu.n) & Diego Mathieu

#   prob   var  1   var  2   var  3   var  4   var  5
0.010000  0.04609  0.03039  0.00581 -0.00710 -0.00060
0.010000  0.01583  0.01565  0.00546  0.02489  0.01202
0.010000 -0.01007  0.02152  0.00513  0.00675 -0.03696
0.010000 -0.05894 -0.03482 -0.03252 -0.00768 -0.02137
0.010000 -0.03392 -0.01569 -0.00892  0.00877 -0.01604
0.010000 -0.05259 -0.02547 -0.01099 -0.00568 -0.02342
0.010000  0.05776  0.03206 -0.00085 -0.00924  0.03360
0.010000  0.02815  0.04785  0.01463  0.00012 -0.01694
0.010000 -0.03951 -0.03650 -0.04665  0.00710 -0.00394
0.010000  0.00404 -0.04150 -0.00527  0.00488 -0.00706
0.010000  0.06672  0.03516  0.00947 -0.00466  0.00920
0.010000  0.03536  0.03138  0.01002 -0.00689  0.01845
0.010000 -0.03531  0.00804 -0.01788 -0.00953  0.00110
0.010000  0.05949  0.01401  0.00936  0.00796  0.00020
0.010000 -0.02179 -0.02773 -0.02957  0.00338 -0.01404
0.010000  0.01317  0.00575  0.00491  0.00188  0.01385
0.010000  0.03985 -0.00781  0.00016 -0.00135 -0.01687
0.010000 -0.02846  0.03972  0.00759 -0.00242 -0.02313
0.010000  0.01054  0.00912  0.00175  0.00011 -0.00536
0.010000  0.03834  0.02324  0.00978 -0.00284  0.01243
0.010000  0.00923  0.02451 -0.00256  0.00895  0.02070
0.010000 -0.05832  0.00309 -0.00230  0.01024 -0.00310
0.010000 -0.00493 -0.00785 -0.00347  0.00904  0.00141
0.010000 -0.03118  0.03645 -0.00401 -0.00330  0.01154
0.010000  0.01450  0.02791  0.01073  0.01166  0.03127
0.010000  0.00663  0.05748 -0.00110 -0.01220 -0.01148
0.010000 -0.04380 -0.00120 -0.00151  0.00168 -0.03820
0.010000 -0.04093  0.02222  0.00578 -0.00714 -0.02410
0.010000 -0.02982 -0.04330 -0.01931 -0.00674 -0.00717
0.010000  0.06611  0.01988  0.00427  0.00785  0.03966
0.010000  0.05604  0.02939  0.01632  0.00510  0.01376
0.010000  0.02122  0.00748  0.00896 -0.00513 -0.00632
0.010000  0.03244  0.01376  0.01116  0.01142 -0.00610
0.010000  0.00147  0.04364  0.01317  0.00551  0.02395
0.010000 -0.04105 -0.01348 -0.01034  0.01431 -0.02669
0.010000  0.04138  0.02030 -0.01034  0.01418  0.02160
0.010000 -0.06181 -0.02328 -0.02929 -0.00724 -0.04810
0.010000 -0.04236 -0.01525 -0.04843  0.01565 -0.00744
0.010000 -0.05694  0.00931 -0.00498 -0.00388 -0.02757
0.010000  0.06459  0.03129 -0.01801 -0.00911  0.02913
0.010000 -0.05111 -0.02691 -0.02267  0.00320 -0.00152
0.010000  0.04769  0.05069  0.01700  0.00589  0.00445
0.010000  0.06797  0.03388  0.00243 -0.00855  0.00457
0.010000 -0.00622  0.02069  0.00174  0.00210  0.00415
0.010000 -0.01785  0.00196 -0.01404 -0.00367  0.00801
0.010000  0.06736  0.01961  0.00504 -0.00565  0.00265
0.010000 -0.02712  0.04332  0.01067 -0.00350 -0.03156
0.010000  0.00275  0.02948  0.00853 -0.00353 -0.00042
0.010000 -0.00879 -0.00324  0.00444  0.01190 -0.00144
0.010000 -0.02444 -0.01445 -0.00428 -0.00329  0.01900
0.010000  0.00533  0.03757  0.00681 -0.00194  0.03034
0.010000 -0.01136  0.01736  0.00107 -0.00393 -0.01290
0.010000 -0.06080  0.01365 -0.01661 -0.00908 -0.03358
0.010000  0.03099 -0.04054 -0.00476  0.01820  0.02973
0.010000 -0.02578 -0.03055 -0.02191  0.01535  0.00045
0.010000  0.02396  0.02073  0.00578 -0.00252  0.01563
0.010000 -0.04964 -0.01215 -0.01339  0.00056 -0.01710
0.010000 -0.03810 -0.02728 -0.00898  0.00109 -0.03023
0.010000 -0.00365  0.00264 -0.01821 -0.01030 -0.00555
0.010000 -0.02311  0.02837 -0.03078 -0.00881 -0.00690
0.010000  0.06293  0.02595  0.01072 -0.00516  0.01740
0.010000  0.01986 -0.00771  0.00114  0.01131  0.02241
0.010000  0.04293  0.05354  0.01635  0.01467  0.01974
0.010000  0.05097  0.02415  0.01218 -0.00549 -0.00332
0.010000 -0.01916 -0.00252 -0.00727 -0.00778 -0.02458
0.010000  0.05315  0.05348  0.02777  0.01017  0.00752
0.010000  0.04932  0.04122  0.01928  0.00574  0.03160
0.010000 -0.02047  0.01353 -0.00754 -0.00089  0.01116
0.010000  0.02535 -0.00314  0.00783  0.00800 -0.00795
0.010000 -0.04817  0.00917 -0.02774  0.01930  0.00920
0.010000  0.03389  0.00199 -0.00062  0.01618  0.00824
0.010000  0.02258 -0.02185  0.00198  0.02339  0.01122
0.010000 -0.01265 -0.00786 -0.01093 -0.00879  0.00016
0.010000 -0.01525  0.02209  0.00018 -0.00129 -0.03156
0.010000 -0.05405 -0.00589 -0.01543 -0.00543 -0.00748
0.010000 -0.03254 -0.02811 -0.04182 -0.00100  0.01295
0.010000 -0.04670  0.01160 -0.04477 -0.00236 -0.00589
0.010000  0.02957  0.02737  0.01240 -0.00571  0.00090
0.010000 -0.03670 -0.08027 -0.02127  0.00209 -0.04589
0.010000  0.03684  0.00201 -0.00147 -0.00149  0.03408
0.010000  0.01716  0.00304  0.00929 -0.00330 -0.03382
0.010000 -0.06224  0.01237 -0.00109  0.00129 -0.01481
0.010000 -0.00237  0.02725  0.00638  0.00061 -0.00226
0.010000  0.06122  0.08365  0.02613  0.02055  0.03077
0.010000  0.04450  0.02175  0.01177 -0.00071  0.03235
0.010000  0.02674 -0.00675 -0.00182  0.01186 -0.00807
0.010000 -0.01395  0.01368 -0.00506 -0.00296  0.00507
0.010000  0.05433  0.03219  0.00675 -0.00566  0.01206
0.010000  0.00019  0.00553  0.00685 -0.00420 -0.00931
0.010000 -0.01655  0.02730  0.00075  0.01090  0.01283
0.010000 -0.04525 -0.02614 -0.01675  0.01866 -0.00467
0.010000 -0.00109  0.02917  0.01112 -0.00411 -0.02949
0.010000 -0.05963 -0.00699 -0.01883  0.00385  0.00577
0.010000 -0.06174 -0.01157 -0.02910 -0.00040 -0.01439
0.010000  0.01185 -0.03425 -0.01782 -0.00586 -0.01070
0.010000  0.05264 -0.01535 -0.00008  0.00126  0.00885
0.010000  0.01851  0.02026 -0.00518 -0.00693  0.01714
0.010000  0.00793  0.00721 -0.01261  0.00986 -0.00425
0.010000 -0.00750 -0.02874 -0.01459  0.01852  0.00523
0.010000 -0.05551  0.01702 -0.01902 -0.01163 -0.02031
