# Scenario generation method from a paper by Hoyland, Kaut & Wallace
# Code by Michal Kaut (michal.kaut@iot.ntnu.n) & Diego Mathieu

#   prob   var  1   var  2   var  3   var  4   var  5
0.010000 -0.01182 -0.01863 -0.00230 -0.02565  0.01167
0.010000 -0.01694  0.03324  0.00299 -0.04074 -0.01210
0.010000 -0.02306  0.01516 -0.00061 -0.03965 -0.01035
0.010000  0.00319  0.00162 -0.01246  0.00376  0.00798
0.010000  0.00610 -0.00799  0.01364  0.00640 -0.00300
0.010000 -0.02390 -0.01593  0.00370 -0.00450 -0.00910
0.010000  0.02247  0.02114 -0.00507  0.02827 -0.01925
0.010000  0.00964  0.00033 -0.00785 -0.00739 -0.00326
0.010000  0.01437 -0.01192 -0.00835  0.03277 -0.01412
0.010000 -0.01106 -0.02050  0.00223 -0.01083 -0.01597
0.010000  0.00837  0.02457 -0.00099  0.01798 -0.00361
0.010000 -0.00673 -0.01964  0.00860 -0.00762  0.00601
0.010000  0.01259  0.02202  0.00466  0.00017 -0.01239
0.010000  0.01537 -0.00048 -0.00155  0.02944  0.00139
0.010000 -0.02586 -0.00393 -0.00394 -0.02303 -0.00371
0.010000 -0.00533 -0.01804 -0.01190 -0.01760 -0.01454
0.010000  0.00145 -0.01734 -0.00999  0.00653  0.00444
0.010000  0.00558  0.00736 -0.00604  0.00892 -0.01928
0.010000 -0.02088 -0.01677  0.02303  0.00244 -0.00147
0.010000  0.01345 -0.01844  0.03543  0.03199  0.00863
0.010000 -0.00779  0.02570 -0.00952  0.01024 -0.01737
0.010000 -0.01381 -0.02769 -0.01539 -0.01881  0.01010
0.010000 -0.01031 -0.02624  0.00054  0.00676 -0.01716
0.010000 -0.02228 -0.00430 -0.00091 -0.03582 -0.00578
0.010000 -0.01554 -0.02593  0.02031  0.00171 -0.00661
0.010000 -0.00886 -0.01162 -0.01287 -0.01535 -0.03518
0.010000 -0.01340  0.00020  0.03070 -0.00529 -0.00067
0.010000  0.00459 -0.00331 -0.00582  0.02623 -0.01746
0.010000  0.00063 -0.01873  0.01730  0.00492  0.01048
0.010000 -0.00391 -0.01640 -0.01562 -0.01687 -0.00143
0.010000 -0.01260 -0.00418 -0.00610 -0.01433 -0.04562
0.010000 -0.01144 -0.00579 -0.00289 -0.01323 -0.01027
0.010000 -0.00426  0.01007  0.00436  0.00703 -0.00451
0.010000  0.01179 -0.00384 -0.01171  0.01164  0.01072
0.010000 -0.01509 -0.01801 -0.01107 -0.01618  0.01096
0.010000 -0.03537 -0.02930 -0.00127 -0.05635  0.00484
0.010000 -0.02156 -0.02661  0.00554 -0.01884 -0.05282
0.010000  0.00103 -0.01638 -0.01866 -0.00444  0.01230
0.010000  0.01905 -0.01536  0.00124  0.01999 -0.00084
0.010000 -0.00133 -0.01579 -0.02098 -0.02370  0.01144
0.010000 -0.01905 -0.02932  0.00585 -0.03122  0.00939
0.010000 -0.02840 -0.02895 -0.00696 -0.01642 -0.02586
0.010000 -0.00958 -0.02431 -0.00670 -0.00193  0.00568
0.010000 -0.00922 -0.01729 -0.00322 -0.00371  0.00801
0.010000 -0.01646  0.00815  0.00690 -0.00852 -0.00596
0.010000 -0.00245 -0.01110 -0.02250 -0.02294 -0.01980
0.010000 -0.00319 -0.00064 -0.01002 -0.00141  0.00709
0.010000 -0.01465 -0.00222  0.00486 -0.00777 -0.00424
0.010000 -0.02703 -0.03085 -0.00958 -0.00990 -0.03004
0.010000  0.00664 -0.00471  0.00128 -0.00411 -0.00368
0.010000 -0.01299 -0.00209 -0.01025 -0.01528 -0.04186
0.010000 -0.01220  0.00138  0.00446  0.01176 -0.00773
0.010000 -0.01423 -0.02640 -0.00577 -0.00905 -0.00252
0.010000 -0.00171  0.00170 -0.01831 -0.01008 -0.00656
0.010000 -0.00355 -0.02460  0.01927  0.01297 -0.01147
0.010000 -0.01068 -0.00496 -0.00718 -0.00445 -0.00066
0.010000  0.00720 -0.02063 -0.01663  0.01656  0.00566
0.010000 -0.03221 -0.00388  0.01842 -0.00918 -0.05457
0.010000  0.02475 -0.01049  0.01509 -0.00806  0.00610
0.010000  0.00899  0.02612 -0.00805 -0.00892 -0.01024
0.010000 -0.00850  0.01077  0.01820 -0.01327 -0.01911
0.010000 -0.01599  0.02010  0.00161 -0.01231 -0.01970
0.010000 -0.01796 -0.00904 -0.01234 -0.02632  0.00709
0.010000 -0.01744 -0.01074 -0.01624 -0.02830 -0.00702
0.010000  0.00777  0.03736 -0.00265 -0.00327 -0.01716
0.010000 -0.02483 -0.02085 -0.00279 -0.00410 -0.03110
0.010000 -0.03006 -0.00992  0.00577 -0.01731 -0.01352
0.010000 -0.00603 -0.00078 -0.00081 -0.01182  0.00185
0.010000 -0.01849 -0.02503  0.01017  0.00758 -0.01157
0.010000 -0.00282 -0.00361 -0.00784 -0.00535 -0.00770
0.010000 -0.00497 -0.01294  0.04803  0.01204  0.00440
0.010000 -0.00462 -0.00678 -0.00569  0.00251 -0.00579
0.010000  0.00274 -0.01144 -0.01734 -0.00458 -0.02027
0.010000  0.01647  0.00141  0.02874  0.00301  0.00609
0.010000 -0.01963  0.01507  0.00300 -0.00071 -0.02060
0.010000  0.03226  0.02692 -0.01236  0.01289  0.00687
0.010000 -0.00995 -0.01682 -0.02783 -0.02012  0.01236
0.010000  0.00508  0.00034 -0.00634 -0.00177  0.00610
0.010000 -0.00208 -0.00523  0.00791  0.00602  0.00696
0.010000 -0.00815  0.00526  0.00418  0.00027 -0.00993
0.010000 -0.00568  0.01499 -0.00265 -0.02595 -0.02464
0.010000  0.02062  0.01739 -0.00488  0.02118 -0.00095
0.010000  0.00411  0.02153  0.01762 -0.01434 -0.00020
0.010000  0.02775 -0.01194 -0.01338  0.01015  0.00293
0.010000 -0.02024 -0.02098  0.00381 -0.01686  0.00561
0.010000 -0.04302 -0.03394 -0.00689 -0.02824 -0.04418
0.010000  0.01768  0.00100  0.01274  0.00691  0.00229
0.010000 -0.00017  0.03126  0.01255 -0.00190 -0.04208
0.010000  0.00187 -0.00848  0.00684 -0.00288  0.00778
0.010000 -0.00056 -0.00991 -0.00469 -0.00433 -0.01325
0.010000 -0.00744 -0.02452  0.01000  0.01420 -0.00028
0.010000  0.01032 -0.01656 -0.00534 -0.01855  0.01169
0.010000  0.00364  0.02019 -0.00292 -0.01580  0.00474
0.010000 -0.00709 -0.01723  0.00943  0.01553 -0.00434
0.010000  0.00230 -0.00189  0.00524  0.00429  0.00148
0.010000 -0.00638 -0.02057 -0.00005 -0.01545 -0.00741
0.010000  0.04350  0.02867 -0.00902  0.02490 -0.00102
0.010000  0.00022 -0.01165 -0.00201 -0.02018  0.00935
0.010000 -0.00095  0.01325  0.01769  0.04102 -0.01298
0.010000  0.01103 -0.01128 -0.00964  0.01146 -0.01544
