# Scenario generation method from a paper by Hoyland, Kaut & Wallace
# Code by Michal Kaut (michal.kaut@iot.ntnu.n) & Diego Mathieu

#   prob   var  1   var  2   var  3   var  4   var  5
0.010000 -0.03899 -0.03160 -0.03022 -0.01467 -0.04987
0.010000  0.00803  0.00170  0.01163 -0.00402 -0.01695
0.010000  0.00068 -0.00015 -0.00718 -0.00752  0.03821
0.010000 -0.02269 -0.01316 -0.01877 -0.00384  0.01243
0.010000 -0.00887 -0.01029  0.00478  0.01948 -0.02129
0.010000 -0.03722 -0.02742 -0.00925 -0.01464  0.01932
0.010000 -0.04107 -0.03162 -0.01851 -0.01379  0.03143
0.010000 -0.01920 -0.00571  0.01666  0.02029  0.03951
0.010000  0.02043  0.01400  0.01817  0.01601  0.01362
0.010000 -0.00182 -0.00541  0.00011  0.00576 -0.02738
0.010000 -0.01607 -0.02539  0.01645  0.00348  0.00406
0.010000  0.01481  0.00229  0.00822  0.00941 -0.01377
0.010000  0.00748 -0.01298  0.00187 -0.01765 -0.02117
0.010000 -0.03294 -0.02627 -0.02142 -0.00018 -0.03400
0.010000  0.01346  0.01001  0.02603  0.02093  0.00677
0.010000  0.00119 -0.00647 -0.01333 -0.01118 -0.03538
0.010000 -0.02055 -0.00551 -0.01690 -0.00566 -0.00063
0.010000 -0.02763 -0.03264 -0.01500 -0.00980 -0.02774
0.010000 -0.04707 -0.02084 -0.03369 -0.03986 -0.02440
0.010000  0.00975 -0.01350  0.04109  0.02746  0.02896
0.010000 -0.00082  0.00289 -0.01722 -0.01879 -0.01004
0.010000 -0.02586 -0.01768 -0.00753 -0.00784 -0.00313
0.010000 -0.00480 -0.01251  0.03464  0.01570  0.03463
0.010000  0.00917  0.00387 -0.00263  0.00354  0.00267
0.010000 -0.00939 -0.01029  0.01062  0.00379 -0.02054
0.010000 -0.01098 -0.01989 -0.00339 -0.00158 -0.03332
0.010000 -0.01791 -0.00526 -0.02117 -0.00717 -0.00922
0.010000  0.00693 -0.00120  0.03972  0.01296  0.01407
0.010000 -0.00991 -0.02555 -0.00426 -0.00393 -0.00082
0.010000 -0.00835  0.00118 -0.01032 -0.01058 -0.02228
0.010000  0.00638 -0.00882  0.00858  0.00291 -0.00856
0.010000 -0.00580 -0.01276  0.00158 -0.01413 -0.01398
0.010000  0.01781  0.01364  0.00151  0.00244  0.00484
0.010000  0.00322  0.00968  0.04247  0.02592  0.04061
0.010000 -0.01729  0.00296 -0.02555 -0.01513 -0.03669
0.010000 -0.00232  0.00831 -0.01133 -0.01021 -0.00609
0.010000 -0.01987 -0.00228 -0.02949  0.00568 -0.05535
0.010000 -0.02422 -0.02468 -0.01747 -0.02238 -0.00286
0.010000  0.01626  0.01386  0.01358  0.05571  0.01909
0.010000 -0.02503 -0.01181 -0.01682 -0.01395  0.01693
0.010000 -0.01547 -0.01243 -0.00229 -0.00594  0.01461
0.010000 -0.01261 -0.00309 -0.01988 -0.01413 -0.04683
0.010000 -0.01374 -0.00560 -0.01091 -0.00913  0.02600
0.010000 -0.01488 -0.00813 -0.00153  0.00889  0.00232
0.010000  0.01552  0.01397 -0.00767  0.00757  0.00500
0.010000 -0.00783  0.00300  0.01808  0.03522  0.00117
0.010000  0.01412  0.01274  0.01663  0.01672  0.00553
0.010000 -0.00132 -0.01077 -0.00802  0.00799  0.02363
0.010000  0.02249  0.00883  0.07956  0.03776  0.08953
0.010000 -0.01667 -0.02114 -0.01064 -0.01657 -0.02111
0.010000 -0.00732 -0.02498  0.00074  0.00769 -0.03086
0.010000 -0.00381 -0.00214  0.06727  0.02327  0.04650
0.010000 -0.00032  0.00938  0.00236  0.00099  0.01829
0.010000  0.00018  0.00743 -0.00427 -0.00583  0.02685
0.010000 -0.05377 -0.03131 -0.03288 -0.03940 -0.02612
0.010000 -0.02957 -0.02144 -0.01873 -0.01740 -0.01486
0.010000  0.01033  0.01142 -0.00915  0.01468 -0.02688
0.010000 -0.01152 -0.00882 -0.00216 -0.00081  0.02159
0.010000 -0.00681  0.00082 -0.00924  0.00171 -0.02152
0.010000  0.00585  0.01206 -0.00729  0.00081  0.00093
0.010000  0.01280 -0.01485  0.03059 -0.00190  0.01197
0.010000 -0.01044 -0.00213 -0.02026 -0.01707  0.01017
0.010000  0.01864 -0.00114  0.00819  0.01920 -0.03371
0.010000  0.02790  0.01202  0.05626  0.03789  0.01739
0.010000  0.00860 -0.01018  0.00435 -0.00989 -0.01769
0.010000 -0.01431 -0.02546  0.00946 -0.02054 -0.02034
0.010000 -0.01317 -0.00434 -0.02199 -0.05191 -0.01379
0.010000 -0.02673 -0.01674 -0.02019 -0.01918 -0.02387
0.010000  0.01154  0.00670 -0.00101  0.00463 -0.01039
0.010000  0.00531 -0.00274  0.01176 -0.00135  0.01102
0.010000 -0.00431 -0.01739  0.01146  0.01228 -0.02540
0.010000  0.00426 -0.01186  0.02895  0.01782  0.03939
0.010000 -0.03565 -0.00883 -0.03359 -0.02209 -0.03630
0.010000 -0.04362 -0.03097 -0.02398 -0.02067 -0.02912
0.010000 -0.02124 -0.01045 -0.01226 -0.00050  0.00381
0.010000 -0.03174 -0.02390 -0.00716 -0.00652  0.04728
0.010000 -0.01206 -0.02489 -0.00711 -0.00835 -0.01448
0.010000 -0.02858 -0.01866  0.00072 -0.00419 -0.00967
0.010000 -0.03062 -0.00565 -0.03346 -0.03463 -0.03421
0.010000  0.00271  0.00015  0.04044  0.02034  0.03803
0.010000 -0.03423 -0.02709 -0.02565 -0.01522 -0.00960
0.010000  0.00374  0.00443  0.02327  0.04262 -0.01949
0.010000 -0.01855 -0.02424 -0.01703 -0.01769 -0.02907
0.010000  0.01093 -0.00203  0.02715  0.00377  0.00376
0.010000  0.00220 -0.01453  0.02202  0.00357  0.03823
0.010000  0.00478  0.00908 -0.01386 -0.00288 -0.02171
0.010000  0.01217  0.01359  0.01895  0.01364 -0.00535
0.010000  0.01702  0.01257  0.00923  0.01789 -0.01363
0.010000 -0.00331  0.00469 -0.01885 -0.00606 -0.00460
0.010000 -0.02344 -0.01270 -0.01597 -0.01722 -0.00473
0.010000  0.00169 -0.00650  0.03026  0.09379  0.01445
0.010000 -0.00281  0.00381 -0.01352 -0.01441 -0.02929
0.010000 -0.00530 -0.01354 -0.01366 -0.01163 -0.03262
0.010000 -0.00631 -0.00749 -0.00309 -0.00445 -0.00356
0.010000  0.01951 -0.00831  0.00775  0.00368 -0.02771
0.010000  0.02644  0.00446  0.02376  0.00533 -0.01911
0.010000  0.02142  0.01113  0.00483  0.00631 -0.04882
0.010000  0.02496 -0.00142  0.02728  0.02688 -0.02903
0.010000  0.02366  0.01166  0.02858  0.02102 -0.00050
0.010000 -0.02196 -0.01956 -0.01887 -0.01834 -0.03551
