# Scenario generation method from a paper by Hoyland, Kaut & Wallace
# Code by Michal Kaut (michal.kaut@iot.ntnu.n) & Diego Mathieu

#   prob   var  1   var  2   var  3   var  4   var  5
0.010000  0.02465  0.01466  0.01653  0.01378 -0.01086
0.010000  0.00598 -0.00122  0.02238  0.00899 -0.00952
0.010000 -0.03302 -0.02456 -0.01706 -0.02425  0.01031
0.010000  0.02520  0.01695  0.00646  0.00521  0.00340
0.010000 -0.01467  0.00047 -0.01324 -0.01566  0.00401
0.010000 -0.01963 -0.02739 -0.01374  0.01441 -0.01196
0.010000  0.00297 -0.00508 -0.01544 -0.00222 -0.01295
0.010000 -0.01644 -0.00476  0.00150 -0.01330 -0.01223
0.010000 -0.00428 -0.02537 -0.03300 -0.02488 -0.01173
0.010000  0.01723  0.01237  0.00789  0.03069  0.00729
0.010000  0.00496  0.01274  0.00311 -0.00506 -0.01652
0.010000 -0.05200 -0.03239 -0.00782 -0.02117  0.03126
0.010000 -0.00139 -0.01707 -0.00393  0.06134 -0.00787
0.010000  0.00969 -0.00045  0.00265  0.00246 -0.01035
0.010000  0.00914  0.01283 -0.00409  0.01880  0.00882
0.010000 -0.00477 -0.00334 -0.00071 -0.01558 -0.00195
0.010000 -0.01297 -0.00371 -0.01811 -0.01908 -0.01830
0.010000 -0.00673 -0.01279  0.00880 -0.00823 -0.01028
0.010000 -0.02483 -0.02562 -0.00603 -0.01836 -0.00847
0.010000  0.01961  0.00798 -0.00360  0.01198 -0.01305
0.010000  0.00199 -0.02150  0.02097  0.02746 -0.00592
0.010000 -0.02749 -0.03002 -0.00790 -0.01533 -0.00788
0.010000 -0.01584 -0.01527  0.00395 -0.01417 -0.01471
0.010000 -0.03768 -0.01857 -0.01432 -0.02086 -0.01682
0.010000  0.00649  0.00671  0.00148 -0.00244 -0.00276
0.010000  0.01512 -0.00974  0.02104  0.01485 -0.01678
0.010000  0.00860  0.00400 -0.03488 -0.01251 -0.00122
0.010000  0.00396  0.01014 -0.00739 -0.00317 -0.00484
0.010000 -0.02172 -0.02230 -0.00749 -0.01606  0.00332
0.010000 -0.01896 -0.00780  0.01351 -0.01202 -0.00552
0.010000 -0.01081  0.00595 -0.02609 -0.02190  0.01060
0.010000 -0.02101 -0.02613 -0.00255 -0.01441 -0.03429
0.010000 -0.02246 -0.00240  0.00083 -0.01191  0.01563
0.010000 -0.01831 -0.01075  0.01722  0.01428  0.00919
0.010000  0.02143  0.00963 -0.00898  0.02021 -0.01093
0.010000  0.00005  0.00260 -0.00889 -0.00496  0.00507
0.010000 -0.00043  0.01264 -0.00322  0.00141 -0.00327
0.010000 -0.00925  0.00396 -0.00366 -0.00608 -0.00283
0.010000  0.01878  0.00505  0.01405  0.01588 -0.01924
0.010000 -0.01353 -0.00730 -0.01795 -0.02138 -0.01135
0.010000 -0.00874 -0.00534 -0.02958 -0.02248 -0.00290
0.010000 -0.00525 -0.01784 -0.00809  0.01878  0.00100
0.010000  0.01446  0.00061 -0.00245 -0.00116  0.02086
0.010000  0.00054 -0.00559 -0.01354 -0.00123 -0.02106
0.010000 -0.02949 -0.03262 -0.02052 -0.01764 -0.00881
0.010000  0.01198  0.01799  0.00195  0.00517 -0.00796
0.010000  0.02049  0.00600 -0.00488  0.01401 -0.00628
0.010000  0.01082 -0.00447  0.01596  0.00345 -0.02766
0.010000  0.01382  0.00867  0.00386  0.00337 -0.00044
0.010000 -0.03594 -0.02591 -0.01761 -0.02720 -0.00137
0.010000 -0.02401 -0.02208 -0.00892 -0.00876  0.00397
0.010000 -0.01029 -0.01351 -0.00329 -0.00512 -0.01357
0.010000 -0.02031 -0.01362  0.02387  0.04187  0.00124
0.010000  0.00807  0.00629  0.00750  0.00405 -0.00256
0.010000 -0.01525 -0.00843 -0.00361 -0.01015 -0.00497
0.010000 -0.01134 -0.00344 -0.00502 -0.00148  0.00515
0.010000  0.00248  0.01210 -0.01437 -0.01252 -0.00274
0.010000 -0.01242  0.00034 -0.00343 -0.01344 -0.00504
0.010000  0.00754  0.01461 -0.00923  0.00060 -0.00226
0.010000 -0.03176 -0.01487 -0.02206 -0.02593  0.00579
0.010000  0.02243 -0.00256  0.02102  0.01747 -0.01853
0.010000  0.00547  0.00492 -0.01351 -0.01263 -0.01273
0.010000  0.01799  0.01684  0.00988  0.01402  0.01189
0.010000  0.00102 -0.01890 -0.00428  0.01517  0.00368
0.010000 -0.01768 -0.00168 -0.01017  0.09436  0.02404
0.010000 -0.00773  0.00233  0.00248 -0.01271 -0.00221
0.010000 -0.03971 -0.03074 -0.03518 -0.03094 -0.01172
0.010000 -0.04220 -0.03034 -0.00289 -0.01979  0.00213
0.010000  0.02352  0.01781  0.00412  0.01101 -0.01015
0.010000 -0.02322 -0.03231 -0.01867 -0.01546 -0.00637
0.010000 -0.00380  0.00618 -0.01410 -0.01658 -0.02390
0.010000 -0.03441 -0.01750 -0.02529 -0.02658 -0.00668
0.010000 -0.00332 -0.00820  0.00629 -0.00466 -0.00637
0.010000 -0.00091  0.00699  0.00368 -0.00428 -0.00172
0.010000  0.01580  0.01830  0.02194  0.03862  0.02111
0.010000  0.01258 -0.00853  0.03093 -0.00090 -0.01682
0.010000 -0.00236 -0.01735 -0.01967 -0.02022 -0.03307
0.010000  0.01025 -0.00039  0.02476  0.02497 -0.01078
0.010000  0.01139  0.00995 -0.00535  0.02685 -0.00351
0.010000 -0.00187  0.01278 -0.00152 -0.00141  0.00116
0.010000 -0.00623  0.00982 -0.01354 -0.01436  0.01346
0.010000 -0.00976  0.00178 -0.00600 -0.00969 -0.01291
0.010000 -0.02846 -0.01896 -0.04502 -0.03560 -0.01354
0.010000 -0.00574 -0.02481  0.01249 -0.00484 -0.02626
0.010000 -0.02568 -0.03109 -0.00586 -0.01682 -0.01103
0.010000 -0.03059 -0.03180 -0.03353 -0.03008 -0.02111
0.010000 -0.01705 -0.01770 -0.03078 -0.02534 -0.00425
0.010000 -0.01188 -0.00698  0.00357 -0.00501 -0.04013
0.010000 -0.02656 -0.02939 -0.02301 -0.02154 -0.01628
0.010000 -0.04554 -0.03018 -0.04987 -0.03582  0.00671
0.010000  0.01319 -0.00615  0.01380  0.05432 -0.01076
0.010000  0.01650  0.01243  0.02409  0.02612 -0.00497
0.010000  0.00151  0.01345  0.02572  0.00972 -0.00696
0.010000 -0.01409 -0.01708 -0.01146 -0.01377 -0.01461
0.010000  0.00347 -0.01146 -0.00577 -0.00203 -0.01487
0.010000 -0.00823 -0.00943  0.00978 -0.00893 -0.00301
0.010000  0.00446 -0.01435  0.00900  0.00124 -0.01151
0.010000 -0.00284 -0.01921 -0.00373 -0.00124  0.00508
0.010000 -0.00723 -0.00438 -0.00869  0.00787  0.00097
0.010000  0.00701 -0.00112  0.01429  0.00285 -0.01219
