# Scenario generation method from a paper by Hoyland, Kaut & Wallace
# Code by Michal Kaut (michal.kaut@iot.ntnu.n) & Diego Mathieu

#   prob   var  1   var  2   var  3   var  4   var  5
0.010000  0.01408 -0.00789 -0.00126 -0.02694  0.01432
0.010000  0.01460 -0.00121  0.00006  0.00204 -0.01889
0.010000 -0.00411  0.00759 -0.00667 -0.01362  0.00194
0.010000 -0.03217 -0.01239 -0.01128 -0.01434  0.00891
0.010000 -0.02232 -0.01665  0.00670 -0.00205 -0.00909
0.010000 -0.00203  0.00952 -0.00081 -0.00494 -0.01444
0.010000 -0.00807  0.00968 -0.00655 -0.05366 -0.01031
0.010000 -0.00169 -0.01613  0.00256  0.00825 -0.01571
0.010000 -0.00897  0.00319 -0.00799 -0.00059  0.01330
0.010000  0.01133 -0.00397  0.02320 -0.00586 -0.00283
0.010000  0.01175 -0.00791 -0.00217  0.01639 -0.00484
0.010000 -0.02096 -0.01831 -0.00680 -0.00162 -0.03254
0.010000  0.00026  0.00088  0.00242 -0.00977  0.00564
0.010000  0.00976 -0.00063  0.00398  0.00147  0.01329
0.010000 -0.00522  0.00046 -0.00163 -0.01659 -0.00361
0.010000  0.01014  0.01117  0.00934 -0.01687 -0.02159
0.010000  0.00277 -0.00361 -0.00219  0.00813  0.02802
0.010000 -0.01773 -0.00298 -0.00617 -0.01350 -0.01762
0.010000  0.02076 -0.00803 -0.00044 -0.01344  0.02450
0.010000  0.00530 -0.00699 -0.00532 -0.00246  0.02446
0.010000  0.01575  0.01173  0.00612 -0.00265  0.01731
0.010000  0.00371  0.00789 -0.00314 -0.02008 -0.01736
0.010000 -0.00038 -0.00108 -0.00507  0.00305  0.02539
0.010000  0.00057  0.00186  0.00087 -0.02849 -0.01024
0.010000  0.00434 -0.00518  0.00080 -0.01767  0.02309
0.010000  0.00214 -0.00733  0.02352  0.00976 -0.02152
0.010000 -0.00305 -0.01612  0.00452  0.00768 -0.00905
0.010000 -0.00071  0.00709  0.00608 -0.00523  0.00138
0.010000 -0.00103  0.01010 -0.00244 -0.03113  0.00483
0.010000 -0.00006  0.00503 -0.00577 -0.00574  0.00325
0.010000 -0.00721 -0.00401 -0.00279 -0.01109 -0.02357
0.010000 -0.01387 -0.01736 -0.00995  0.01091 -0.00170
0.010000 -0.00639 -0.00200  0.01541 -0.05622 -0.01309
0.010000  0.02417 -0.00778  0.01424  0.01528 -0.00720
0.010000  0.01309 -0.00622 -0.00323  0.01635  0.01288
0.010000 -0.00236  0.00222 -0.00685  0.00510  0.01051
0.010000  0.00246 -0.00966 -0.00373  0.00907  0.05618
0.010000  0.01867 -0.00116  0.02726 -0.01409 -0.00228
0.010000  0.01263 -0.00093  0.01287  0.01145 -0.01925
0.010000  0.00466  0.00159  0.00917  0.00576 -0.01153
0.010000 -0.00680 -0.00476 -0.00700  0.00440 -0.00905
0.010000 -0.01323 -0.01804 -0.00026  0.00557 -0.02472
0.010000  0.00152 -0.01274 -0.00475 -0.02036 -0.01167
0.010000 -0.01042 -0.00926  0.00675 -0.00129  0.00502
0.010000  0.00089  0.00948  0.00161  0.00118 -0.00951
0.010000  0.00866  0.00618  0.00404 -0.00793  0.00432
0.010000 -0.00599 -0.00509 -0.00778  0.00947  0.01935
0.010000  0.00694 -0.00773  0.00931  0.01065 -0.00484
0.010000 -0.01527 -0.01606 -0.00986 -0.02309  0.03622
0.010000  0.00796 -0.01413  0.01732  0.01106  0.01926
0.010000  0.00183 -0.01429  0.00063  0.00522  0.01478
0.010000  0.01783  0.00478  0.00103  0.00355  0.00900
0.010000  0.00660  0.00072 -0.00101  0.00322  0.02566
0.010000  0.01218  0.01326  0.00647 -0.05268  0.00642
0.010000  0.01963  0.01098  0.01024 -0.00206 -0.01130
0.010000  0.02218  0.00675  0.02529 -0.00696  0.02365
0.010000  0.01357 -0.01342  0.02067  0.01607 -0.04700
0.010000 -0.02587  0.00291 -0.01000 -0.02267  0.00018
0.010000  0.00120 -0.01611 -0.00117  0.00029  0.01586
0.010000  0.00595  0.01187  0.01234 -0.00081 -0.01463
0.010000 -0.01148 -0.00078 -0.00907  0.00455  0.02034
0.010000  0.00498 -0.00559  0.00177  0.01321 -0.01587
0.010000  0.00308 -0.00120 -0.00498  0.01099 -0.04012
0.010000 -0.00448  0.00413 -0.00728 -0.00575  0.00522
0.010000  0.02851  0.00427  0.00896  0.01255  0.00176
0.010000 -0.01204 -0.01112 -0.00851  0.00366  0.01105
0.010000  0.01092 -0.01477  0.01770  0.00888 -0.01571
0.010000 -0.01870 -0.00451 -0.01057 -0.00508  0.00264
0.010000 -0.00375 -0.01779 -0.00178  0.01573  0.00256
0.010000 -0.02842  0.00008 -0.00454 -0.01122 -0.01445
0.010000 -0.00851  0.00433 -0.00727 -0.00185 -0.02244
0.010000  0.00761 -0.01415 -0.00584  0.00728  0.00534
0.010000 -0.00992 -0.01420 -0.00717 -0.05622  0.01007
0.010000 -0.04123 -0.01867 -0.01208 -0.00063 -0.00565
0.010000 -0.00561 -0.01837 -0.00367  0.01125 -0.01566
0.010000 -0.02392 -0.00224 -0.01113 -0.00599  0.00914
0.010000 -0.00136  0.00100 -0.00494  0.00818  0.00276
0.010000  0.01708  0.01147  0.00213 -0.02746  0.02447
0.010000 -0.01603 -0.01491 -0.00979  0.01222  0.01171
0.010000 -0.00340  0.00347  0.01256 -0.01562 -0.04209
0.010000 -0.01976 -0.01109 -0.00963  0.00630  0.02073
0.010000 -0.01094 -0.01250 -0.00255  0.00975 -0.00678
0.010000  0.00627  0.00584  0.00679  0.00229 -0.00995
0.010000 -0.00763 -0.01102  0.00524 -0.02353 -0.01701
0.010000 -0.01455 -0.00679  0.00103 -0.03796 -0.02219
0.010000 -0.00271 -0.00236 -0.00611 -0.01590  0.01354
0.010000 -0.01262 -0.00017 -0.00940 -0.00508  0.00333
0.010000  0.00727 -0.00371 -0.00382  0.00677 -0.00140
0.010000 -0.00485 -0.00212 -0.00404 -0.02055  0.01190
0.010000 -0.01685 -0.00999  0.00415 -0.02520 -0.01978
0.010000  0.01516  0.01420  0.01528 -0.03201 -0.00194
0.010000  0.00939  0.00838  0.01902 -0.01184 -0.00290
0.010000  0.01639  0.01471  0.02092 -0.00894 -0.02087
0.010000  0.01053  0.00611  0.01748 -0.02255  0.02251
0.010000  0.00403  0.01279  0.01423 -0.01112  0.01080
0.010000  0.00340 -0.01159  0.00229 -0.00245 -0.01758
0.010000  0.00562 -0.01130 -0.00041  0.01452 -0.00366
0.010000  0.00831 -0.00136  0.01580 -0.00852 -0.00038
0.010000 -0.00944 -0.01181 -0.00150 -0.01709 -0.00017
0.010000  0.00902  0.01334  0.01133 -0.02400 -0.01596
