# Scenario generation method from a paper by Hoyland, Kaut & Wallace
# Code by Michal Kaut (michal.kaut@iot.ntnu.n) & Diego Mathieu

#   prob   var  1   var  2   var  3   var  4   var  5
0.010000  0.00223 -0.00579  0.02908  0.02135  0.01858
0.010000 -0.00756  0.00660 -0.02230 -0.00933  0.00269
0.010000 -0.01917 -0.00659 -0.00980  0.00302 -0.00483
0.010000 -0.02187 -0.00197 -0.02235 -0.00824 -0.03892
0.010000 -0.02840 -0.02658  0.00299 -0.00193  0.00347
0.010000 -0.01327 -0.00827 -0.01688 -0.01097 -0.00915
0.010000 -0.00559 -0.00531 -0.00599  0.00422 -0.03969
0.010000 -0.01382 -0.00034 -0.00962 -0.00415  0.01083
0.010000 -0.02410 -0.00470 -0.03068 -0.01828 -0.02828
0.010000  0.00691 -0.00342  0.01770  0.01035  0.01125
0.010000 -0.03154 -0.02799 -0.02592 -0.03138 -0.02573
0.010000  0.00801  0.00875 -0.00273  0.00597 -0.01084
0.010000 -0.02333 -0.01218 -0.02229 -0.01401 -0.00572
0.010000  0.00375  0.00509  0.00239  0.01760 -0.01340
0.010000  0.00478 -0.01392  0.01870  0.00756  0.00062
0.010000  0.02641 -0.00039  0.06504  0.08120  0.02817
0.010000  0.01092  0.01373 -0.00433  0.00756 -0.01052
0.010000 -0.01061 -0.02417 -0.00562 -0.01241 -0.00921
0.010000  0.02327  0.00937  0.04595  0.02210  0.06554
0.010000 -0.00024  0.00364  0.02251  0.01089 -0.00162
0.010000 -0.01494 -0.00037 -0.00388  0.00408  0.01986
0.010000  0.02470  0.01721  0.01656  0.04532  0.01559
0.010000 -0.00073 -0.01021 -0.00201 -0.00321 -0.00970
0.010000  0.00914 -0.01735  0.02489  0.01027  0.00640
0.010000 -0.01273  0.00386 -0.02403 -0.00659 -0.02896
0.010000 -0.00365 -0.00870  0.00025  0.00251  0.03432
0.010000 -0.01009 -0.02116 -0.00948 -0.03758  0.00258
0.010000 -0.01552 -0.01093 -0.00600 -0.00709  0.00991
0.010000 -0.01729 -0.01542 -0.01823 -0.01721 -0.00852
0.010000 -0.01791 -0.00451 -0.02442 -0.01133  0.05146
0.010000  0.02090  0.00370  0.02192  0.01967  0.00792
0.010000 -0.01113 -0.02632 -0.00131 -0.00413 -0.04873
0.010000 -0.01853 -0.02812 -0.00815 -0.01807 -0.03108
0.010000  0.00745 -0.00264  0.02790  0.02578 -0.00466
0.010000  0.02867  0.00857  0.02709  0.02894 -0.00668
0.010000 -0.02747 -0.02859  0.01371 -0.00603  0.01567
0.010000 -0.03703 -0.02821 -0.02584 -0.03055 -0.03810
0.010000  0.01804  0.01754 -0.00536  0.00872 -0.01434
0.010000  0.01418  0.01180  0.01253  0.00803 -0.01107
0.010000  0.01639  0.01023  0.01813  0.01816 -0.00057
0.010000 -0.03043 -0.02063 -0.01582  0.00692 -0.01866
0.010000 -0.02939 -0.02260 -0.02462 -0.02795 -0.02175
0.010000 -0.03545 -0.01235 -0.03026 -0.01307 -0.05248
0.010000 -0.01982 -0.02003 -0.02674 -0.02869 -0.04518
0.010000  0.00123  0.01268  0.00544  0.01346  0.01173
0.010000 -0.00907 -0.00991 -0.01886 -0.01935 -0.04633
0.010000 -0.00856  0.00303 -0.01171 -0.00464 -0.01125
0.010000  0.01154  0.01379  0.00634  0.00381 -0.00770
0.010000 -0.00317  0.00192  0.00683 -0.00423  0.03732
0.010000  0.00173  0.00937 -0.00177  0.00187 -0.00159
0.010000 -0.02117 -0.01914 -0.01145  0.00414 -0.02332
0.010000  0.00583 -0.00238 -0.01139  0.01758 -0.05253
0.010000 -0.01438 -0.02249 -0.00139  0.00709 -0.00931
0.010000  0.01988 -0.00241  0.02253  0.00906 -0.01481
0.010000  0.00074 -0.00838  0.00408 -0.00680  0.01326
0.010000 -0.00958  0.00319 -0.01428 -0.00509  0.02324
0.010000 -0.03274 -0.02854 -0.02616 -0.02767 -0.04166
0.010000  0.00273  0.00017 -0.00889 -0.00425 -0.01863
0.010000 -0.00219  0.00361  0.03420  0.02276  0.06536
0.010000 -0.02259 -0.01465 -0.00223  0.00335  0.04185
0.010000 -0.02657 -0.00775 -0.01755 -0.00901 -0.01154
0.010000 -0.00707 -0.01016 -0.01001 -0.00268 -0.02161
0.010000 -0.04715 -0.02651 -0.01107 -0.01576 -0.00554
0.010000 -0.03403 -0.02880 -0.02627 -0.03640 -0.00057
0.010000 -0.02489 -0.01154 -0.00740 -0.00266 -0.01290
0.010000  0.00025 -0.00031 -0.00968 -0.00505 -0.02453
0.010000 -0.01166 -0.01212 -0.00421 -0.00800 -0.00047
0.010000 -0.00414  0.00671  0.01286  0.01169 -0.00011
0.010000 -0.02572 -0.02853  0.01129  0.07908  0.00823
0.010000 -0.01610 -0.02777 -0.01131 -0.00755  0.01520
0.010000 -0.04356 -0.01800 -0.03719 -0.03927 -0.03613
0.010000 -0.05441 -0.02841 -0.03544 -0.04408 -0.03033
0.010000 -0.00462 -0.01752  0.01683  0.00511  0.01475
0.010000 -0.00122  0.00494 -0.00561  0.00156 -0.00715
0.010000  0.01719  0.01756  0.01640  0.02458 -0.01123
0.010000  0.01282 -0.00475 -0.00088 -0.00066 -0.03820
0.010000 -0.00171 -0.00006  0.00852  0.01210 -0.01224
0.010000  0.01489  0.00169  0.01230  0.01296  0.00919
0.010000 -0.04094 -0.02415  0.03415  0.01867  0.06276
0.010000 -0.01219 -0.01414 -0.00414  0.00155 -0.02502
0.010000  0.00530  0.00234  0.05582  0.05401  0.02671
0.010000 -0.02049 -0.01184 -0.01754  0.00473 -0.04003
0.010000 -0.00268  0.00024  0.00411  0.00352  0.02272
0.010000 -0.00806 -0.02073 -0.01475 -0.01803 -0.01301
0.010000  0.01032  0.00520  0.00253  0.00276  0.00206
0.010000 -0.03883 -0.02907 -0.02304 -0.03753  0.03897
0.010000 -0.00511 -0.00358 -0.01053  0.00447 -0.03185
0.010000  0.01349  0.01423  0.01983  0.01335  0.02109
0.010000  0.01563  0.00721  0.03743  0.02512  0.00163
0.010000 -0.00608  0.00191 -0.01947 -0.00100 -0.03384
0.010000 -0.01669 -0.02738 -0.01667 -0.01430 -0.02735
0.010000  0.00426 -0.01331  0.00890  0.00461 -0.00120
0.010000  0.00857  0.00587 -0.00352 -0.00402 -0.01431
0.010000 -0.00657 -0.01049  0.00250 -0.00872  0.00689
0.010000  0.00637  0.00948 -0.00248  0.00203 -0.01207
0.010000  0.01893  0.00345  0.00958  0.00411 -0.01513
0.010000  0.01217  0.00426  0.08022  0.03641  0.06443
0.010000  0.00973 -0.00365  0.00459  0.01700 -0.01897
0.010000  0.00324  0.01170  0.00311  0.01907 -0.01454
0.010000  0.02202 -0.00493  0.03638  0.02008 -0.00918
