# Scenario generation method from a paper by Hoyland, Kaut & Wallace
# Code by Michal Kaut (michal.kaut@iot.ntnu.n) & Diego Mathieu

#   prob   var  1   var  2   var  3   var  4   var  5
0.010000 -0.01440 -0.02880 -0.01690 -0.02321 -0.01160
0.010000  0.01656  0.02531  0.03935  0.03608  0.01424
0.010000 -0.01035  0.01113  0.00520 -0.01341 -0.03042
0.010000 -0.00301 -0.00807 -0.01110 -0.01502 -0.00589
0.010000 -0.02223 -0.03865 -0.01700 -0.02973 -0.02603
0.010000  0.01870  0.00465 -0.00461 -0.00815 -0.00293
0.010000 -0.02298 -0.00404  0.01524 -0.02251 -0.02839
0.010000  0.02371  0.01704 -0.00124  0.01682 -0.01461
0.010000 -0.05572 -0.03862 -0.01781 -0.04104 -0.03943
0.010000  0.03722  0.00826 -0.00909  0.00898  0.04800
0.010000 -0.00416 -0.01413 -0.01396 -0.02653 -0.01566
0.010000 -0.03014 -0.00311 -0.01169 -0.02471 -0.01152
0.010000 -0.03517 -0.03115 -0.01716 -0.02086 -0.02145
0.010000 -0.04588 -0.03318 -0.01763 -0.04142 -0.02479
0.010000 -0.00642 -0.00665 -0.01368 -0.00833 -0.01280
0.010000 -0.02375 -0.03371 -0.01733 -0.03855 -0.01029
0.010000  0.02106  0.00036  0.00073  0.01141  0.00908
0.010000 -0.01876 -0.02274  0.00436  0.00542  0.00827
0.010000 -0.00866 -0.01981 -0.01428 -0.01020 -0.00090
0.010000  0.00868  0.04142  0.00830  0.00666 -0.01920
0.010000 -0.01746 -0.02227 -0.01321 -0.02047  0.02234
0.010000 -0.01942 -0.01969 -0.00124  0.00118  0.00209
0.010000  0.04385  0.03116  0.02669  0.02214  0.00987
0.010000  0.02673  0.01450 -0.00058  0.01985  0.01166
0.010000  0.01024  0.00743 -0.00489  0.00134 -0.03307
0.010000 -0.00922 -0.01889 -0.01390 -0.00764 -0.00825
0.010000  0.00243 -0.01578 -0.01396  0.00257 -0.01479
0.010000  0.01459  0.01691 -0.00561  0.01825  0.00400
0.010000 -0.00529 -0.01044 -0.01454  0.01089 -0.00989
0.010000 -0.00698 -0.02563 -0.00591 -0.02199  0.01483
0.010000 -0.02715 -0.01100 -0.01324 -0.02292 -0.02507
0.010000  0.00719  0.03026  0.02404  0.00864  0.00079
0.010000  0.01106  0.07063  0.05051  0.08411  0.00127
0.010000  0.06370  0.03660  0.02355  0.04153  0.01979
0.010000 -0.02909 -0.01731 -0.01585 -0.02826 -0.02083
0.010000 -0.03674 -0.02802 -0.01712 -0.04176 -0.01758
0.010000 -0.02625 -0.01354 -0.00968 -0.02402 -0.03717
0.010000  0.00577 -0.00868 -0.01256 -0.01048 -0.00468
0.010000  0.01760  0.01828  0.01512  0.02474 -0.04178
0.010000 -0.02150  0.00045 -0.00065 -0.01871 -0.03565
0.010000  0.03462  0.07009  0.02396  0.04530  0.00921
0.010000 -0.00754 -0.01348 -0.01516 -0.01730 -0.01157
0.010000 -0.03850 -0.01765 -0.01242 -0.02583 -0.01580
0.010000 -0.00979 -0.00451 -0.01311 -0.02191 -0.02843
0.010000 -0.01206 -0.02647 -0.01160 -0.02569  0.00503
0.010000 -0.00066  0.00148 -0.01034 -0.02159 -0.00747
0.010000  0.02234  0.00849  0.00319  0.02940 -0.01090
0.010000 -0.01092 -0.01009 -0.01432 -0.01026 -0.00332
0.010000 -0.01560  0.01176 -0.00816 -0.00520 -0.00783
0.010000 -0.00472  0.00190  0.00345  0.00395 -0.04556
0.010000  0.01277  0.02861  0.01112  0.01857  0.00019
0.010000 -0.00125 -0.00730  0.00874 -0.00271 -0.02578
0.010000 -0.00810  0.00576 -0.00754 -0.01126 -0.01619
0.010000  0.03029  0.01573  0.00653  0.00967  0.00459
0.010000  0.01555 -0.00086  0.01198  0.02691  0.00847
0.010000  0.04837  0.03084  0.05945  0.03938  0.00666
0.010000 -0.03126 -0.01405 -0.01178 -0.00967 -0.01627
0.010000 -0.01810  0.01897  0.03008  0.00207 -0.02143
0.010000  0.00440 -0.00541 -0.01334 -0.00699 -0.01434
0.010000  0.00647 -0.00611 -0.01009 -0.00430  0.01167
0.010000 -0.01149  0.00506 -0.01015  0.00673 -0.03704
0.010000 -0.01264 -0.00427 -0.00483 -0.01805 -0.01538
0.010000 -0.02538 -0.01534 -0.01126 -0.01204 -0.02227
0.010000 -0.07095 -0.05409 -0.01785 -0.04991 -0.05243
0.010000  0.01190  0.00664 -0.00990  0.00242  0.00119
0.010000 -0.02010 -0.03571 -0.01638 -0.02625 -0.01238
0.010000  0.01985  0.01053  0.03810  0.02104 -0.00418
0.010000 -0.00585  0.00076  0.00473 -0.01114 -0.03225
0.010000 -0.00358  0.01429  0.01589  0.00571 -0.01561
0.010000 -0.01500 -0.01028 -0.01454 -0.01159 -0.01941
0.010000  0.00793  0.02868  0.00911  0.00079  0.00635
0.010000  0.00056  0.02824 -0.00016  0.00083  0.01288
0.010000 -0.02079 -0.02091  0.02081 -0.00308 -0.02463
0.010000  0.00508 -0.02432 -0.01618  0.00180 -0.02901
0.010000 -0.00184 -0.01503 -0.01535 -0.01208 -0.02611
0.010000 -0.01322  0.00328  0.01745 -0.02362 -0.04022
0.010000 -0.01381 -0.00018  0.00692 -0.01188 -0.01189
0.010000 -0.01621  0.00290  0.03086 -0.01103 -0.01243
0.010000  0.03233  0.04087  0.01830  0.03291 -0.00123
0.010000 -0.00005 -0.00593 -0.01243 -0.01979  0.00415
0.010000 -0.03375 -0.01193  0.02327 -0.00908 -0.00525
0.010000  0.04024  0.01142  0.01835  0.06074  0.00625
0.010000 -0.02809 -0.04485 -0.01725 -0.03066 -0.02524
0.010000 -0.02455 -0.01663 -0.01431 -0.01140 -0.00043
0.010000 -0.04979 -0.03627 -0.01740 -0.04207 -0.05751
0.010000 -0.00243 -0.01776 -0.01573 -0.01184  0.01260
0.010000  0.05441  0.01370 -0.00444  0.02058 -0.00700
0.010000  0.00373 -0.00265 -0.00713  0.02306 -0.00909
0.010000  0.08791  0.07429  0.02867  0.07286  0.02064
0.010000  0.00180 -0.03284 -0.01684 -0.00873 -0.01012
0.010000 -0.04053 -0.01843 -0.01557 -0.02019 -0.03506
0.010000  0.01366 -0.00135  0.02537  0.00160 -0.00454
0.010000  0.00945 -0.01081  0.01622  0.01674  0.00765
0.010000  0.00117  0.00039  0.00479  0.00134  0.00945
0.010000  0.02517  0.00038  0.04038  0.00989  0.01464
0.010000  0.02843  0.00564 -0.00586  0.00836  0.00367
0.010000 -0.01683 -0.01972 -0.01369 -0.01748 -0.02633
0.010000 -0.03246 -0.03039 -0.01274  0.00125 -0.00666
0.010000  0.00308 -0.01376 -0.01343  0.01303  0.00877
0.010000 -0.04292 -0.02290 -0.01261 -0.03096 -0.01483
