# Scenario generation method from a paper by Hoyland, Kaut & Wallace
# Code by Michal Kaut (michal.kaut@iot.ntnu.n) & Diego Mathieu

#   prob   var  1   var  2   var  3   var  4   var  5
0.010000 -0.02424 -0.07488 -0.01975 -0.01221  0.01556
0.010000  0.00249 -0.00917 -0.00158  0.00023 -0.02649
0.010000 -0.00775  0.03893  0.01265  0.00169  0.01976
0.010000 -0.00098 -0.05349 -0.01862  0.00324  0.05180
0.010000 -0.00458  0.00447  0.02237  0.00690 -0.02419
0.010000  0.02040  0.00124  0.01070  0.00762  0.00878
0.010000 -0.05469 -0.05617 -0.01108 -0.02481 -0.03416
0.010000 -0.01570 -0.02426  0.01562  0.00181 -0.01188
0.010000 -0.02313  0.09562  0.00715 -0.00714 -0.03749
0.010000  0.04503  0.02231  0.03008  0.00885  0.02511
0.010000  0.00823 -0.00326 -0.00059 -0.01473  0.00311
0.010000  0.01823  0.01018  0.00395 -0.02149  0.02221
0.010000  0.03663  0.01669  0.03051  0.00618  0.04559
0.010000  0.01300 -0.02084  0.00861  0.00156  0.03032
0.010000  0.00192 -0.01177 -0.00872  0.00352  0.01051
0.010000 -0.00908 -0.01132 -0.01732 -0.00662 -0.02723
0.010000 -0.04445 -0.01590 -0.02366 -0.02936 -0.07543
0.010000  0.01489  0.03360  0.00779 -0.00221 -0.01083
0.010000  0.01118  0.00545  0.00974  0.00684 -0.03692
0.010000  0.02627  0.00744 -0.00499  0.00620  0.03347
0.010000  0.00707 -0.01165  0.00593 -0.01312  0.01621
0.010000  0.00363  0.02050 -0.00769  0.00127 -0.01759
0.010000  0.00019 -0.01418 -0.00285 -0.00465 -0.03448
0.010000 -0.00976 -0.00488  0.00375 -0.00677  0.00564
0.010000 -0.02106  0.00785  0.01188 -0.01760 -0.02341
0.010000 -0.01116 -0.02508 -0.00535 -0.00876 -0.03454
0.010000  0.04137  0.04254  0.01477  0.00750  0.03847
0.010000 -0.00396  0.00547  0.01125  0.00600 -0.02972
0.010000  0.00306 -0.01349 -0.00767  0.00411  0.02761
0.010000  0.01686  0.02440  0.00277  0.00541 -0.01231
0.010000  0.00999  0.02426  0.00331 -0.02362 -0.02096
0.010000  0.01754  0.00476  0.00684 -0.01510 -0.05042
0.010000  0.03188  0.02377  0.02439  0.00826  0.03980
0.010000 -0.03084 -0.01303 -0.01565 -0.01800 -0.02968
0.010000  0.00535  0.00145  0.00621  0.00288 -0.01066
0.010000 -0.02009 -0.02901  0.00338  0.00515 -0.02296
0.010000 -0.01260 -0.02919 -0.01691 -0.00023  0.00222
0.010000 -0.01825 -0.01239 -0.02110 -0.01486 -0.00700
0.010000  0.00077  0.00597  0.01866  0.00332 -0.00131
0.010000  0.02726 -0.00960  0.01542  0.00826  0.01576
0.010000  0.01425 -0.00308  0.00252  0.00094 -0.00824
0.010000  0.05290  0.03295  0.02650  0.00639 -0.00099
0.010000 -0.00520 -0.00829 -0.00332 -0.01627 -0.03783
0.010000 -0.00336 -0.00207 -0.00935  0.00172  0.03053
0.010000  0.01178 -0.00020  0.00745  0.00656 -0.00927
0.010000  0.02194  0.00398  0.00992  0.00016 -0.00545
0.010000  0.02830  0.02333  0.02490  0.00699  0.00218
0.010000  0.00649  0.00057 -0.00747 -0.00159  0.00613
0.010000 -0.01045 -0.03329  0.00787 -0.01816 -0.00837
0.010000 -0.01412 -0.00884 -0.01135 -0.01183 -0.00499
0.010000  0.00940  0.00702 -0.00036  0.00309 -0.02226
0.010000  0.01554  0.00541  0.01014 -0.00774 -0.04445
0.010000 -0.03629 -0.04157 -0.00909 -0.02511 -0.04897
0.010000 -0.02663  0.03105  0.00918 -0.00038 -0.05125
0.010000  0.01058  0.01297 -0.00170  0.00494  0.05128
0.010000  0.01619  0.00048 -0.00541  0.00359 -0.01842
0.010000 -0.01335 -0.01348 -0.01494 -0.02613  0.00762
0.010000  0.00477 -0.00008 -0.00486  0.00023  0.03875
0.010000 -0.01490  0.00451 -0.00582 -0.00731  0.01884
0.010000  0.03485  0.01775  0.01851  0.00072  0.00245
0.010000  0.02534  0.06848  0.02348  0.00149  0.02797
0.010000 -0.04123 -0.00571 -0.02432 -0.02075 -0.03530
0.010000  0.00881  0.00014  0.01582  0.00054 -0.02080
0.010000  0.02941  0.02580  0.02078  0.00803 -0.00057
0.010000 -0.02540 -0.04274 -0.01270 -0.00400 -0.02152
0.010000 -0.00582 -0.01223  0.01638  0.00755  0.01982
0.010000 -0.00275 -0.01016  0.00739 -0.00818  0.00962
0.010000 -0.01653 -0.02169  0.00448 -0.00685 -0.01168
0.010000  0.02274  0.01496  0.01214 -0.01129  0.02105
0.010000 -0.00039  0.00998 -0.00620  0.00198 -0.01441
0.010000  0.01966  0.01833  0.00356 -0.00744  0.03858
0.010000 -0.00710 -0.00277  0.01653  0.00681 -0.03280
0.010000 -0.00156  0.00764 -0.00130  0.00158  0.01517
0.010000  0.02444  0.05909  0.01868 -0.00901  0.00182
0.010000  0.02357  0.01879  0.02298  0.00798  0.00879
0.010000  0.00134 -0.00850 -0.00020  0.00432  0.03790
0.010000 -0.03857 -0.03313 -0.01784 -0.01112 -0.01677
0.010000 -0.03248 -0.01527 -0.00942 -0.00988 -0.02035
0.010000 -0.00841  0.02939 -0.00849 -0.00935 -0.02188
0.010000 -0.00216 -0.02333  0.00124 -0.00945  0.01550
0.010000 -0.03428 -0.02192 -0.00302 -0.01247 -0.04220
0.010000 -0.02794 -0.03218 -0.00806 -0.00143  0.04099
0.010000  0.01362  0.00340 -0.00805  0.00136  0.00939
0.010000  0.01894  0.01144  0.01710  0.00777  0.03047
0.010000  0.02116 -0.00544  0.02536  0.00715  0.01671
0.010000 -0.02934 -0.00463  0.00089  0.00023 -0.01761
0.010000 -0.06900 -0.05264 -0.01993 -0.02597 -0.03400
0.010000 -0.01738 -0.00724 -0.00572 -0.00668  0.00697
0.010000  0.03874  0.00531  0.00424  0.00605 -0.02924
0.010000 -0.00646 -0.01553 -0.01665 -0.00362  0.02219
0.010000  0.00592 -0.00870 -0.00313  0.00011 -0.00078
0.010000  0.00420 -0.00724 -0.00322  0.00512  0.01895
0.010000  0.00765 -0.02826 -0.00983  0.00499 -0.00177
0.010000 -0.01187  0.00443 -0.01511 -0.00529  0.00596
0.010000  0.01239 -0.01458 -0.00954  0.00456  0.03140
0.010000 -0.02207 -0.01685 -0.01223 -0.00243 -0.01096
0.010000 -0.04862 -0.04149 -0.01588 -0.02104 -0.06511
0.010000 -0.01916 -0.03374  0.00961  0.00452 -0.00886
0.010000  0.03328 -0.00478  0.01187  0.00713  0.03373
0.010000  0.03059 -0.04576  0.00099  0.00826  0.05095
