# Scenario generation method from a paper by Hoyland, Kaut & Wallace
# Code by Michal Kaut (michal.kaut@iot.ntnu.n) & Diego Mathieu

#   prob   var  1   var  2   var  3   var  4   var  5
0.010000  0.01056 -0.00226  0.00560  0.00165 -0.01880
0.010000  0.00763 -0.00885  0.00236  0.00378 -0.02238
0.010000 -0.02390 -0.00572 -0.00892 -0.04149  0.02532
0.010000 -0.04620 -0.01229 -0.01076  0.01499 -0.01360
0.010000  0.01018  0.01837 -0.00744 -0.00695  0.00530
0.010000  0.01917  0.00696 -0.00620 -0.01450  0.02905
0.010000  0.00321  0.00809  0.00514  0.00592  0.00135
0.010000  0.01259 -0.00043 -0.00739 -0.02475 -0.01658
0.010000  0.02088  0.01324 -0.00641  0.01858 -0.00173
0.010000  0.00083  0.01816 -0.00483  0.01238  0.01655
0.010000 -0.01433  0.00793  0.00141  0.00382  0.02235
0.010000 -0.01509 -0.01172  0.00631  0.01900  0.02386
0.010000 -0.01293  0.01257 -0.00970 -0.02869  0.00314
0.010000 -0.01228  0.01181 -0.00325  0.05495 -0.02533
0.010000  0.00694 -0.00735 -0.00644 -0.01912  0.01793
0.010000 -0.00838 -0.01033 -0.00877 -0.02788  0.00561
0.010000  0.01302 -0.00721 -0.00730 -0.03267  0.01742
0.010000  0.00118 -0.00318 -0.00178 -0.00641  0.01178
0.010000 -0.00278 -0.00444 -0.00558 -0.04312  0.01626
0.010000 -0.02098 -0.00662 -0.00903  0.01992 -0.01784
0.010000  0.01652 -0.00232  0.00668 -0.02060  0.00286
0.010000 -0.00021  0.00074  0.00751 -0.03878 -0.01115
0.010000 -0.00940  0.01520  0.00031  0.03231 -0.00253
0.010000 -0.00694 -0.01193 -0.00903  0.01903 -0.02196
0.010000  0.01490  0.00022  0.00203  0.03945 -0.01936
0.010000 -0.02800 -0.01508  0.00153  0.00181 -0.03272
0.010000  0.01135  0.01841  0.00404  0.04883 -0.03195
0.010000  0.00591  0.00462  0.00684 -0.01646 -0.01364
0.010000  0.02470 -0.00099 -0.00486  0.02524  0.00220
0.010000 -0.00994  0.01022 -0.00925  0.01515  0.00240
0.010000  0.00728  0.01135  0.00805 -0.02934 -0.01739
0.010000 -0.01106 -0.01212 -0.00801 -0.02459 -0.01790
0.010000  0.00422  0.00932  0.00855  0.00809  0.00680
0.010000  0.01998  0.02071 -0.00111  0.01518 -0.00834
0.010000  0.00834 -0.00658 -0.00609 -0.02001  0.00346
0.010000  0.00049 -0.00146 -0.00850  0.01122  0.00690
0.010000 -0.00477 -0.01200 -0.00609  0.00336 -0.02152
0.010000  0.00870  0.00170  0.00138 -0.02773 -0.00444
0.010000  0.02690  0.02101 -0.00541  0.04229  0.02379
0.010000  0.01843  0.00346 -0.00675 -0.01258 -0.00802
0.010000  0.00980  0.00362  0.00871  0.05707 -0.01535
0.010000  0.01441 -0.00485 -0.00639 -0.01096  0.00606
0.010000 -0.00057  0.00901  0.00708 -0.01388 -0.00543
0.010000  0.01775  0.02094  0.00912  0.01889 -0.03447
0.010000  0.02192  0.01737  0.00056 -0.02565  0.00801
0.010000 -0.00129 -0.01131  0.00279 -0.06095  0.00140
0.010000 -0.01049 -0.00786 -0.00844 -0.05633 -0.00295
0.010000 -0.00519  0.00577 -0.00319 -0.00778 -0.01475
0.010000 -0.01868 -0.00702 -0.00794  0.00564 -0.00047
0.010000  0.01347 -0.00635  0.00928  0.02856 -0.01489
0.010000 -0.01767 -0.00892  0.00234 -0.03918 -0.00959
0.010000 -0.00561  0.01590 -0.00910 -0.02196 -0.01234
0.010000 -0.00741  0.01027  0.00774 -0.02003  0.00814
0.010000  0.01595  0.00379  0.00777 -0.02544 -0.00355
0.010000 -0.00166 -0.01075 -0.00801 -0.00413  0.00574
0.010000  0.01175  0.01879  0.00815  0.08043 -0.02164
0.010000 -0.00789 -0.01099 -0.00726  0.01674  0.01827
0.010000  0.00355  0.01027  0.00575 -0.00932 -0.00203
0.010000 -0.00356 -0.00176  0.00808  0.01339 -0.02714
0.010000  0.00943 -0.00756 -0.00321 -0.00405  0.02522
0.010000 -0.00203  0.00628  0.00743  0.00260 -0.00116
0.010000  0.00456 -0.00740 -0.00811 -0.01717 -0.01296
0.010000 -0.00317 -0.00801 -0.00655 -0.02326 -0.00612
0.010000  0.00659  0.01647  0.00180  0.00305 -0.00116
0.010000 -0.00093  0.00972  0.00837  0.01687  0.00465
0.010000  0.01095  0.00633  0.00798  0.00152 -0.01589
0.010000  0.00625 -0.00942 -0.00274 -0.01448 -0.00294
0.010000  0.00557 -0.00270  0.00126  0.01609  0.02649
0.010000  0.01711 -0.00353 -0.00131 -0.00713 -0.02015
0.010000  0.01393 -0.00214 -0.00701  0.01648 -0.01577
0.010000  0.00254 -0.00423 -0.00626 -0.04858 -0.00108
0.010000 -0.01675 -0.00888  0.00646 -0.00724 -0.00955
0.010000  0.02315  0.01208  0.00995 -0.01381 -0.01411
0.010000 -0.02234 -0.00938  0.00620 -0.00598 -0.02072
0.010000 -0.00395 -0.00891 -0.00886 -0.04176 -0.00706
0.010000 -0.01166 -0.00877 -0.00916  0.01953 -0.03173
0.010000  0.00388  0.00289  0.00213 -0.00027  0.00214
0.010000  0.03182  0.00022  0.00970  0.00020 -0.00700
0.010000 -0.01977 -0.00770  0.00602  0.00048 -0.00859
0.010000 -0.03096 -0.00917 -0.00762 -0.01605 -0.01448
0.010000  0.00186 -0.01064  0.00896  0.01687  0.00072
0.010000  0.00799  0.00696  0.00903  0.01519 -0.02234
0.010000  0.00220  0.00485 -0.00125  0.00444 -0.00764
0.010000  0.00906 -0.00820 -0.00761  0.00685 -0.00240
0.010000 -0.00649  0.01017  0.00785 -0.00683 -0.01912
0.010000 -0.03537  0.00396  0.00113 -0.03220 -0.03548
0.010000  0.00489 -0.00625 -0.00527  0.00433 -0.00811
0.010000  0.01542  0.01733  0.00743  0.00958 -0.02503
0.010000  0.00523  0.00853  0.00870 -0.00960 -0.04204
0.010000  0.01217  0.01097 -0.00525 -0.01327 -0.01542
0.010000  0.00152  0.00615 -0.00247 -0.01740 -0.00061
0.010000 -0.00888  0.00732 -0.00872 -0.00926  0.00200
0.010000 -0.02574 -0.01493 -0.00099 -0.00408 -0.03746
0.010000  0.00014 -0.00603 -0.00082  0.03879 -0.00111
0.010000 -0.00605 -0.00870  0.00165  0.00777  0.00074
0.010000 -0.00436  0.01010 -0.00809 -0.01258 -0.00831
0.010000 -0.01589 -0.00399 -0.00964  0.02331 -0.01607
0.010000  0.00287  0.01247 -0.00746 -0.02969  0.03657
0.010000 -0.00240  0.00956  0.00812 -0.02060 -0.01960
0.010000 -0.01361 -0.01206 -0.00540 -0.01240 -0.00651
