# Scenario generation method from a paper by Hoyland, Kaut & Wallace
# Code by Michal Kaut (michal.kaut@iot.ntnu.n) & Diego Mathieu

#   prob   var  1   var  2   var  3   var  4   var  5
0.010000  0.04228  0.05882  0.05164  0.07236  0.07660
0.010000  0.00509 -0.01923 -0.01425 -0.01373 -0.04588
0.010000  0.03822  0.05303  0.03383  0.01208 -0.01758
0.010000  0.00100 -0.02606 -0.00487  0.02909 -0.00618
0.010000  0.08512  0.04747  0.08078  0.04124  0.07158
0.010000  0.04713  0.05541  0.04063  0.01690  0.03791
0.010000 -0.02089  0.01682 -0.00654 -0.01316 -0.05489
0.010000  0.01801  0.00126  0.00198  0.00943  0.04597
0.010000 -0.00755 -0.02285 -0.01181 -0.01041  0.00223
0.010000 -0.01527 -0.02028 -0.01683  0.07850  0.05538
0.010000 -0.00293 -0.02100 -0.01539 -0.01476 -0.05503
0.010000 -0.04126 -0.04497 -0.02764 -0.02058 -0.01781
0.010000  0.02357  0.02909  0.01708 -0.00058 -0.02260
0.010000 -0.05771 -0.05088 -0.00439 -0.00139 -0.02565
0.010000 -0.02976  0.00737 -0.01037 -0.01425 -0.04937
0.010000 -0.02007 -0.02602 -0.01411 -0.01509  0.00007
0.010000 -0.01844 -0.02284 -0.00452 -0.00851 -0.02782
0.010000  0.06230  0.05416  0.05632  0.02343  0.06198
0.010000  0.02240 -0.00218  0.00156 -0.00463 -0.03951
0.010000  0.00939 -0.00826 -0.00213 -0.00621  0.00598
0.010000 -0.04615 -0.00814 -0.01639 -0.01346 -0.05415
0.010000  0.02015 -0.00616 -0.00351  0.00538 -0.00096
0.010000  0.00426  0.01709  0.00498 -0.00707 -0.04814
0.010000 -0.02256 -0.02881 -0.01303 -0.01357 -0.04851
0.010000 -0.02694 -0.03917 -0.03075 -0.02042  0.01955
0.010000 -0.01764  0.01193 -0.00699 -0.01130 -0.02771
0.010000 -0.02786 -0.04089 -0.00281 -0.00442 -0.02932
0.010000 -0.01062 -0.00056 -0.00589 -0.01099 -0.00020
0.010000 -0.00448  0.01143 -0.00734 -0.00816  0.01428
0.010000 -0.02172 -0.02015 -0.01985 -0.01745 -0.05622
0.010000 -0.02515  0.00529 -0.01575 -0.01066  0.02004
0.010000  0.03307 -0.00122  0.00615 -0.00268  0.05430
0.010000 -0.02341  0.01624 -0.00830  0.00744  0.00418
0.010000 -0.02428  0.01254 -0.00858 -0.01401  0.01184
0.010000  0.03469  0.04856  0.03989  0.04706  0.03522
0.010000  0.02603  0.01708  0.00291  0.00855  0.05288
0.010000 -0.00985 -0.02680 -0.00267 -0.00779  0.02315
0.010000 -0.00908  0.02185  0.00385 -0.00758 -0.04121
0.010000 -0.01685 -0.00910 -0.00339 -0.00866  0.01532
0.010000  0.02478  0.01829  0.01295  0.00517  0.04054
0.010000  0.01029  0.00011  0.00504  0.04293  0.02875
0.010000 -0.03986 -0.01536 -0.01948  0.00167 -0.02417
0.010000  0.00262 -0.02244 -0.00283 -0.00932 -0.00664
0.010000 -0.03074 -0.00052 -0.02351  0.03546  0.05205
0.010000  0.00764  0.03691  0.00798  0.00070 -0.01944
0.010000  0.03153  0.01670  0.01714  0.00478 -0.02115
0.010000  0.03640  0.05531  0.04082  0.03126  0.01691
0.010000  0.03007 -0.00771  0.00890 -0.00347  0.05208
0.010000 -0.04275 -0.04794 -0.00730 -0.00379 -0.03495
0.010000 -0.01216  0.00437 -0.01002  0.01572  0.05171
0.010000 -0.03855 -0.01907 -0.01906 -0.01741 -0.05272
0.010000 -0.01371  0.01424 -0.00264 -0.01088 -0.04719
0.010000 -0.00525 -0.02832 -0.03055 -0.01551 -0.00702
0.010000 -0.00215 -0.01441 -0.00993 -0.01349 -0.04893
0.010000  0.00021  0.02546 -0.00091 -0.00903  0.01700
0.010000 -0.01605 -0.02308 -0.00689 -0.01042 -0.02724
0.010000 -0.01293  0.01184 -0.00356 -0.00964 -0.00871
0.010000  0.04017  0.00645  0.01095  0.02942  0.04623
0.010000 -0.00137  0.03058  0.00645  0.02086 -0.02102
0.010000 -0.03385 -0.03784 -0.00497 -0.00423  0.02402
0.010000 -0.03730 -0.03700 -0.02374 -0.01351 -0.05734
0.010000 -0.01139  0.01086 -0.00812 -0.01318 -0.02893
0.010000  0.05332  0.06401  0.04497  0.02036  0.00702
0.010000  0.00678 -0.00021 -0.00637  0.00675  0.03196
0.010000  0.00851  0.01268  0.00369 -0.00318 -0.02296
0.010000 -0.00601 -0.01073 -0.00431 -0.00519  0.00423
0.010000 -0.03279 -0.02672 -0.01013 -0.01089 -0.04936
0.010000 -0.05335 -0.04886  0.00518  0.01247 -0.01684
0.010000 -0.02880 -0.04153  0.00291  0.00487  0.04826
0.010000  0.00593  0.00680 -0.00392  0.01149  0.02425
0.010000  0.05729  0.05504  0.05913  0.02165  0.03543
0.010000 -0.00059  0.03020  0.00794 -0.00170 -0.04483
0.010000  0.01401 -0.01659  0.00233  0.01382  0.06517
0.010000 -0.01925  0.00480 -0.00539 -0.01156 -0.05304
0.010000  0.01907  0.00951  0.00551  0.07320  0.04648
0.010000  0.00181  0.03355 -0.01068 -0.01194 -0.05782
0.010000 -0.01449 -0.03381 -0.00505 -0.00837  0.00113
0.010000  0.02733  0.02630  0.01381  0.04537  0.03862
0.010000  0.06942  0.01434  0.03630  0.01812  0.02964
0.010000  0.02126  0.01292  0.00783 -0.00088  0.00927
0.010000 -0.03496  0.00877 -0.01352 -0.01618 -0.05798
0.010000  0.01597  0.01553 -0.00159  0.00323  0.02874
0.010000 -0.04815 -0.01385 -0.01907 -0.01684 -0.00961
0.010000 -0.04437 -0.04350 -0.04490 -0.02850 -0.05820
0.010000 -0.03610 -0.04381 -0.01651 -0.01393 -0.02413
0.010000  0.01698  0.00915  0.00247 -0.00341  0.00095
0.010000  0.00343 -0.02439 -0.00315 -0.00951 -0.04503
0.010000 -0.02604  0.01281 -0.00806 -0.01317 -0.04483
0.010000 -0.03175 -0.01892 -0.01139 -0.00900  0.02701
0.010000 -0.00678 -0.03082 -0.00965 -0.01173  0.01235
0.010000  0.01498  0.11254  0.05896  0.03089  0.04887
0.010000  0.01120  0.01037  0.00467  0.00138  0.03510
0.010000 -0.00831  0.02624 -0.00062 -0.01027 -0.04609
0.010000  0.01212  0.00220 -0.00408 -0.00951 -0.02206
0.010000  0.05001  0.00245  0.00852  0.00387  0.05513
0.010000  0.01306 -0.01995 -0.00005 -0.00346  0.05236
0.010000 -0.00371 -0.02532 -0.00821 -0.00770  0.00748
0.010000 -0.05047 -0.06353 -0.01200 -0.00514 -0.02748
0.010000  0.04458  0.01750  0.02413  0.04114  0.03103
0.010000  0.02867  0.02936  0.01371  0.00471 -0.01065
