# Scenario generation method from a paper by Hoyland, Kaut & Wallace
# Code by Michal Kaut (michal.kaut@iot.ntnu.n) & Diego Mathieu

#   prob   var  1   var  2   var  3   var  4   var  5
0.010000 -0.03295  0.01286 -0.01352 -0.00298 -0.01549
0.010000  0.04713  0.00839  0.00541  0.01792  0.01396
0.010000 -0.00679  0.01674  0.00209 -0.00205  0.01884
0.010000  0.02619  0.00065  0.00237  0.04592 -0.01782
0.010000 -0.00398  0.04570 -0.00760 -0.01266 -0.00469
0.010000  0.03769  0.02526  0.02458  0.02498  0.03172
0.010000  0.03103  0.00766  0.00843  0.00146 -0.00234
0.010000 -0.04806 -0.00209 -0.01922 -0.01727  0.00258
0.010000  0.02057  0.01268 -0.00148 -0.00441  0.00613
0.010000  0.02503  0.00406 -0.00545 -0.00730  0.01759
0.010000 -0.03069 -0.01388 -0.00640  0.01154 -0.02206
0.010000  0.00258  0.01508 -0.00871 -0.00519 -0.02246
0.010000 -0.02122 -0.01096 -0.00235 -0.00127 -0.03864
0.010000 -0.02742 -0.00307 -0.01383 -0.00985  0.00762
0.010000  0.06576  0.06458  0.01128 -0.00273  0.01760
0.010000 -0.00305  0.00263  0.01143  0.00442  0.00596
0.010000  0.02736  0.01295  0.01156  0.00783 -0.00132
0.010000  0.01737  0.03016  0.01605  0.00001  0.01264
0.010000 -0.02636  0.00679  0.00136  0.00205  0.01730
0.010000 -0.03898  0.00600 -0.02286 -0.01431 -0.02984
0.010000 -0.04692  0.00451 -0.02744 -0.02019  0.00082
0.010000 -0.01629  0.00661 -0.00857  0.00823  0.00124
0.010000 -0.01726  0.00608 -0.01253 -0.01189 -0.01311
0.010000 -0.02022  0.01141 -0.01190 -0.00362  0.00962
0.010000  0.05985  0.00757  0.01267  0.02092  0.01738
0.010000  0.00831  0.00471 -0.00456  0.07582  0.01662
0.010000  0.00734  0.01271  0.01796  0.01797  0.03155
0.010000  0.01842  0.00989 -0.00704  0.02941  0.02580
0.010000  0.06941  0.01278  0.02350  0.05575  0.03233
0.010000  0.00352  0.02310 -0.00493 -0.01128  0.00680
0.010000  0.00929  0.00408 -0.00753 -0.00704  0.01412
0.010000 -0.03529  0.01427 -0.00337 -0.00205  0.00038
0.010000 -0.02849  0.01073 -0.00951 -0.01200 -0.01517
0.010000 -0.00773 -0.00036  0.01055  0.00968 -0.00523
0.010000  0.02166  0.03234  0.00241  0.00979  0.00524
0.010000 -0.02427  0.00248  0.01011  0.00882  0.00748
0.010000 -0.03650  0.01826 -0.02033 -0.01523  0.02034
0.010000 -0.04437 -0.01795 -0.01771 -0.01228 -0.00521
0.010000 -0.02324 -0.00038 -0.00397 -0.00095 -0.01130
0.010000 -0.01436  0.03572 -0.00325  0.01160 -0.00291
0.010000  0.00447  0.01478  0.00823 -0.00114 -0.00497
0.010000 -0.00961  0.05781 -0.00729 -0.01753 -0.01960
0.010000 -0.03773 -0.00986 -0.02161 -0.01353 -0.03297
0.010000 -0.02531  0.01104 -0.00730 -0.00085 -0.04968
0.010000  0.00070  0.00617  0.02182  0.01339 -0.00798
0.010000 -0.03411 -0.00253 -0.01333 -0.00940 -0.02093
0.010000 -0.00867 -0.00085 -0.00436 -0.00290  0.00886
0.010000  0.04062  0.00963  0.01051  0.01195  0.01837
0.010000  0.00542 -0.00323 -0.00937  0.00239 -0.01819
0.010000  0.01632  0.03852  0.01079 -0.00175  0.00928
0.010000  0.01126  0.00678 -0.00568  0.00633 -0.01970
0.010000  0.08016  0.02947  0.02591  0.03322  0.01111
0.010000  0.00638  0.00946  0.00228  0.02400 -0.02308
0.010000  0.02389  0.01532 -0.00742 -0.00407  0.02092
0.010000 -0.00585  0.00976  0.00048 -0.00233 -0.00297
0.010000 -0.04860 -0.00958 -0.01993 -0.01452 -0.04395
0.010000 -0.03181 -0.01955 -0.00923 -0.00402 -0.01646
0.010000 -0.01340  0.02345  0.01286  0.00464 -0.02595
0.010000  0.02856  0.01382  0.00272  0.00008  0.01702
0.010000  0.04895  0.02794  0.01376  0.00744  0.00488
0.010000  0.05287  0.01190  0.01352  0.00930  0.01776
0.010000  0.01225  0.02623 -0.00821 -0.01144  0.00069
0.010000 -0.00211  0.00604 -0.00469 -0.00573  0.02282
0.010000  0.05502  0.02672  0.02494  0.01368  0.03690
0.010000 -0.01245  0.01693 -0.00532 -0.00824  0.00001
0.010000 -0.01923  0.00258 -0.01037 -0.00770 -0.00176
0.010000  0.04375  0.03303  0.00354  0.00474  0.01689
0.010000  0.06263  0.02594  0.02195  0.03501  0.02307
0.010000 -0.02958  0.00438 -0.00407 -0.00573 -0.00130
0.010000 -0.01055  0.01137  0.00459 -0.00022  0.01815
0.010000 -0.04561 -0.01042 -0.00373  0.00639 -0.02063
0.010000 -0.00492  0.08409  0.00526 -0.01293 -0.01814
0.010000  0.03230  0.00334  0.00212  0.00426  0.01462
0.010000 -0.00024  0.02933  0.02636  0.00769 -0.01667
0.010000 -0.01824  0.04650  0.00301 -0.00680  0.00211
0.010000 -0.04425 -0.00520 -0.02580 -0.01610 -0.00002
0.010000 -0.04290  0.01307 -0.00581 -0.01175 -0.03179
0.010000  0.05733  0.03505  0.03344  0.01785  0.03592
0.010000  0.01949  0.01359  0.00569 -0.00721  0.00572
0.010000  0.03913  0.01302  0.00999  0.01345  0.00236
0.010000  0.01427  0.01083  0.00511 -0.00047  0.00302
0.010000  0.01529  0.03512  0.00529  0.03746  0.01178
0.010000  0.03493  0.04836  0.01373  0.00037 -0.02666
0.010000  0.04541  0.02485  0.02247  0.01954  0.00914
0.010000  0.05085  0.01688  0.02045  0.01304 -0.03257
0.010000  0.03360  0.02126  0.01042  0.00035  0.00814
0.010000  0.03629  0.00534 -0.00127  0.00723  0.01936
0.010000  0.04216  0.01228  0.01323  0.01714  0.02088
0.010000  0.02978  0.04095  0.00622 -0.00806  0.01172
0.010000  0.02277  0.01123 -0.01095  0.00252  0.00543
0.010000 -0.04157 -0.00658 -0.01047 -0.00030  0.01083
0.010000  0.01326  0.00699 -0.00563  0.01394  0.00532
0.010000 -0.04026  0.00046  0.00554  0.00288 -0.02927
0.010000  0.07388  0.04062  0.03534  0.02661  0.04719
0.010000 -0.02223 -0.00326 -0.01703 -0.01480  0.00401
0.010000  0.01027  0.01972  0.00847  0.00427  0.01520
0.010000 -0.01150 -0.00370 -0.01555 -0.00107  0.01076
0.010000 -0.00118  0.01157 -0.00546 -0.00129  0.00043
0.010000  0.00163  0.03596 -0.00087  0.00319  0.00513
0.010000 -0.01532 -0.00352 -0.00761 -0.00616 -0.00800
