# Scenario generation method from a paper by Hoyland, Kaut & Wallace
# Code by Michal Kaut (michal.kaut@iot.ntnu.n) & Diego Mathieu

#   prob   var  1   var  2   var  3   var  4   var  5
0.010000  0.00689 -0.00867  0.00900  0.00186 -0.01867
0.010000 -0.00296 -0.01437  0.00548  0.01456  0.00426
0.010000 -0.00165  0.00523  0.00066  0.00448  0.00185
0.010000 -0.00431  0.00815  0.00135 -0.01413  0.00762
0.010000  0.00809  0.01366  0.02224 -0.02108 -0.00576
0.010000  0.01305  0.00220  0.02178 -0.04496  0.01323
0.010000 -0.00571 -0.00855 -0.00806 -0.02686  0.01480
0.010000  0.00289  0.01151 -0.00659 -0.00880  0.00617
0.010000 -0.02195 -0.00205 -0.00952 -0.02176  0.02283
0.010000  0.00729  0.00301  0.00080  0.00285 -0.00599
0.010000 -0.01600 -0.00663 -0.00869 -0.00346  0.03917
0.010000 -0.00818 -0.01616  0.00142  0.01529 -0.00711
0.010000  0.00249  0.00723 -0.00081 -0.00961  0.03101
0.010000 -0.00477 -0.01057 -0.00794 -0.01949  0.01832
0.010000  0.02079 -0.00874  0.01025  0.01307  0.01498
0.010000  0.02148 -0.00466  0.00382  0.01204  0.00843
0.010000  0.01393 -0.00090  0.00064  0.01336  0.02326
0.010000 -0.02415 -0.00684 -0.00997  0.00583  0.04995
0.010000  0.00168  0.01383  0.00443 -0.00909  0.02215
0.010000 -0.03218  0.00056 -0.01058 -0.04193  0.00243
0.010000 -0.00208 -0.01624  0.02164  0.01636 -0.00588
0.010000  0.01262 -0.01258  0.01572 -0.01633 -0.00712
0.010000  0.00086 -0.00088  0.00094 -0.06399  0.01118
0.010000 -0.00924 -0.01778 -0.00816  0.01014 -0.02722
0.010000 -0.00038 -0.01210 -0.00184 -0.00872  0.01106
0.010000  0.01094  0.00478  0.01351  0.00729 -0.00576
0.010000  0.00971  0.00628 -0.00280  0.00094 -0.01659
0.010000 -0.01206 -0.01638 -0.00696  0.01089  0.00560
0.010000 -0.01830 -0.00336 -0.00738 -0.00429  0.00019
0.010000 -0.02831 -0.00124 -0.00998 -0.00111 -0.00116
0.010000  0.01220 -0.00063  0.01699 -0.00547 -0.00839
0.010000  0.00004  0.00294 -0.00709 -0.00235 -0.00876
0.010000  0.01349  0.00437  0.02594  0.00321 -0.02083
0.010000 -0.00524 -0.01292 -0.00205  0.00242  0.01942
0.010000  0.01528 -0.01148  0.01198  0.00441 -0.00538
0.010000 -0.01673  0.00959 -0.00867 -0.02005 -0.03698
0.010000  0.01437  0.00064  0.00931  0.00781  0.00749
0.010000 -0.00122 -0.00066  0.01860  0.00646 -0.00248
0.010000  0.00769 -0.00597 -0.00441 -0.00242 -0.00306
0.010000 -0.01750 -0.00653 -0.00858 -0.00339  0.01903
0.010000 -0.02096 -0.00926 -0.00956 -0.01528 -0.00909
0.010000  0.00489  0.01397 -0.00635 -0.05193 -0.00115
0.010000  0.00890 -0.01026 -0.00345  0.00861  0.00391
0.010000  0.00529 -0.00427 -0.00169  0.01015 -0.00843
0.010000  0.00329 -0.00241 -0.00487 -0.01603  0.00408
0.010000 -0.01330 -0.01201 -0.00846  0.00629  0.03843
0.010000 -0.04613 -0.01993 -0.01142 -0.00550 -0.00813
0.010000  0.01482 -0.00993  0.01039 -0.00083  0.01441
0.010000 -0.00080 -0.01612 -0.00714  0.01588  0.02540
0.010000  0.01718  0.00581  0.00458 -0.01008 -0.00817
0.010000 -0.00717  0.00640  0.01828 -0.01480 -0.00159
0.010000  0.01053 -0.00424  0.00004  0.00062 -0.02789
0.010000  0.00649  0.00803  0.00045  0.00419  0.00511
0.010000  0.01574  0.01368  0.00110  0.00265  0.01025
0.010000 -0.01394 -0.01123 -0.00895  0.01025  0.02714
0.010000 -0.02677 -0.01846 -0.00989  0.01433 -0.01326
0.010000  0.01178  0.01129  0.02466 -0.00261 -0.00700
0.010000 -0.01914 -0.01150 -0.00931  0.00361  0.00488
0.010000 -0.00767 -0.01668  0.00333 -0.01381 -0.02623
0.010000  0.01921 -0.00001  0.00383  0.00194  0.00752
0.010000  0.01767  0.00255  0.00433 -0.00820  0.00438
0.010000  0.00450  0.00090  0.01279 -0.01638 -0.02672
0.010000 -0.03008 -0.00777 -0.01047 -0.00440 -0.00939
0.010000 -0.03480 -0.01249 -0.00801 -0.03589 -0.00332
0.010000 -0.00252 -0.01391 -0.00150  0.01245  0.02730
0.010000  0.02003  0.01018  0.00103  0.00283  0.01447
0.010000  0.00609 -0.00290 -0.00150  0.00856  0.01333
0.010000  0.00370 -0.00857  0.01440 -0.03238 -0.01250
0.010000 -0.02301 -0.00039 -0.00646 -0.01233 -0.01176
0.010000  0.01818  0.00076  0.00996 -0.04482  0.02893
0.010000  0.00045 -0.00418 -0.00506  0.00741 -0.01363
0.010000  0.01621  0.01564  0.02546 -0.01799 -0.03216
0.010000 -0.03846 -0.01501 -0.00159 -0.02298  0.01621
0.010000  0.01974  0.00405  0.00316  0.01090 -0.01074
0.010000 -0.01529 -0.01437 -0.00789  0.01022 -0.00602
0.010000 -0.00340 -0.00889 -0.00776  0.00537  0.03063
0.010000 -0.00385 -0.01607  0.01396 -0.00677  0.00054
0.010000  0.02027  0.00366  0.01268 -0.01614 -0.02177
0.010000 -0.01033 -0.01238 -0.00825 -0.01248  0.01995
0.010000  0.02124 -0.00532  0.00713  0.00850 -0.02893
0.010000  0.00569 -0.01330 -0.00522  0.00431 -0.01331
0.010000  0.01669 -0.00909 -0.00025  0.01712  0.02272
0.010000 -0.01267 -0.00186  0.01142 -0.00293 -0.02651
0.010000  0.01136  0.00710  0.00051 -0.01274  0.00594
0.010000  0.01869 -0.00299  0.00090  0.00435 -0.01837
0.010000 -0.00870  0.00116  0.00541 -0.03132  0.00838
0.010000 -0.00978 -0.01364 -0.00852  0.01388 -0.05056
0.010000 -0.02002 -0.00104  0.00266 -0.03927 -0.01507
0.010000  0.00127 -0.00691  0.01426 -0.01712 -0.03215
0.010000 -0.00619 -0.01694 -0.00621  0.01278 -0.01097
0.010000  0.00410  0.00591 -0.00234 -0.01587  0.01764
0.010000 -0.01089 -0.01182 -0.00852  0.00692 -0.00326
0.010000  0.00849  0.01121 -0.00483 -0.01585  0.00721
0.010000 -0.02540 -0.00661 -0.00751 -0.03111  0.00792
0.010000  0.00930  0.01347  0.00792 -0.01837 -0.00987
0.010000 -0.00668  0.00525  0.00435  0.00150 -0.02080
0.010000 -0.01460 -0.01590 -0.00186 -0.00191  0.00167
0.010000  0.00208 -0.00985  0.01918  0.01085 -0.02110
0.010000  0.01012 -0.00326 -0.00272 -0.00964 -0.01919
0.010000 -0.01147 -0.01583 -0.00873  0.00833  0.00990
