# Scenario generation method from a paper by Hoyland, Kaut & Wallace
# Code by Michal Kaut (michal.kaut@iot.ntnu.n) & Diego Mathieu

#   prob   var  1   var  2   var  3   var  4   var  5
0.010000 -0.02929 -0.03447 -0.02979 -0.02200 -0.02503
0.010000 -0.01941 -0.01732 -0.00484 -0.00633 -0.00076
0.010000 -0.00983 -0.01787 -0.01056 -0.02332 -0.03985
0.010000 -0.00488  0.01392  0.02389  0.00417 -0.00999
0.010000  0.02132  0.01849 -0.01615 -0.02518  0.02558
0.010000 -0.00105  0.00889  0.00918  0.01409 -0.02744
0.010000 -0.01293  0.00183 -0.00294 -0.00369 -0.02026
0.010000 -0.00613 -0.00093  0.01129 -0.01399 -0.00437
0.010000 -0.02009 -0.02176 -0.00450 -0.02812  0.01541
0.010000 -0.01610  0.00053  0.01854  0.00401 -0.02649
0.010000  0.00821  0.00759  0.00667  0.01038  0.01196
0.010000 -0.03512 -0.02714  0.00495 -0.03087 -0.01413
0.010000  0.01343  0.00160  0.01321  0.01804 -0.01006
0.010000 -0.02759 -0.02285  0.00870 -0.00509 -0.01266
0.010000 -0.02367  0.00690 -0.01275 -0.05306  0.03386
0.010000  0.01648  0.02152 -0.00571  0.01692 -0.00833
0.010000  0.00665 -0.00092  0.00913  0.01668 -0.01902
0.010000 -0.02677 -0.00373  0.00935 -0.00213  0.00220
0.010000  0.00161 -0.02946  0.01648  0.01620  0.01621
0.010000  0.01440  0.03394 -0.02083  0.01095 -0.00783
0.010000 -0.03018 -0.02396 -0.00207 -0.01312 -0.01423
0.010000 -0.01873 -0.01877 -0.02456 -0.01442 -0.03019
0.010000 -0.00040 -0.01806 -0.00517  0.00259 -0.01278
0.010000 -0.01355 -0.00523  0.00054 -0.00758  0.00539
0.010000 -0.03864 -0.04373 -0.00791 -0.02702 -0.01222
0.010000  0.01071  0.04367 -0.03306 -0.00724 -0.00553
0.010000 -0.00170  0.00285 -0.01950 -0.00576  0.01084
0.010000 -0.02149 -0.02777 -0.00034 -0.03153 -0.02458
0.010000 -0.03110  0.00401 -0.00673 -0.01440 -0.01838
0.010000  0.02000  0.00570 -0.01189 -0.00515 -0.01254
0.010000  0.02595  0.01538  0.01707  0.02009  0.01063
0.010000 -0.01045 -0.01649 -0.00123  0.00740 -0.03505
0.010000 -0.03205 -0.01187 -0.00181 -0.01414  0.02074
0.010000 -0.04631 -0.02563 -0.01198 -0.07165 -0.03730
0.010000 -0.01168 -0.00549 -0.02158 -0.01598 -0.00840
0.010000  0.00985 -0.00784 -0.01564  0.00501 -0.00577
0.010000 -0.04286 -0.03123  0.04202 -0.01771 -0.01147
0.010000 -0.00362 -0.00304 -0.01287  0.00727 -0.01542
0.010000  0.02782  0.03479  0.00229  0.01849  0.00682
0.010000 -0.02442 -0.03468  0.00328 -0.00642 -0.03530
0.010000 -0.01106 -0.02186 -0.00699 -0.00328 -0.03768
0.010000 -0.03995 -0.02487 -0.00069 -0.03494 -0.00953
0.010000  0.03537  0.01018 -0.00821  0.02044 -0.01397
0.010000 -0.01675 -0.01310  0.00879 -0.01280  0.01248
0.010000 -0.01740  0.00013 -0.03246 -0.01753  0.00411
0.010000  0.00442 -0.00700  0.01409  0.01399 -0.00007
0.010000 -0.08135 -0.06686 -0.04570 -0.08047 -0.01826
0.010000  0.01542  0.01078  0.00529  0.01776 -0.00179
0.010000  0.02994  0.03428 -0.00608  0.01747  0.01987
0.010000 -0.04831 -0.01384 -0.00041 -0.03258 -0.01803
0.010000 -0.02220 -0.00099 -0.00541 -0.01234 -0.02605
0.010000 -0.03405 -0.02449  0.01624 -0.00550 -0.02021
0.010000 -0.00235  0.02287 -0.01824 -0.04784  0.01731
0.010000 -0.00860 -0.01386 -0.01567 -0.00622 -0.03519
0.010000  0.00515 -0.00898 -0.02219  0.00738 -0.02062
0.010000 -0.00675  0.00958 -0.02713 -0.01727 -0.02041
0.010000 -0.04450 -0.00756 -0.00987 -0.04411 -0.01211
0.010000 -0.05060 -0.04069  0.00450 -0.02323 -0.00120
0.010000  0.00230 -0.00809  0.02950  0.01455  0.00350
0.010000 -0.06678 -0.05119 -0.00510 -0.06744 -0.02013
0.010000 -0.03303 -0.02830 -0.00643 -0.04112 -0.02715
0.010000 -0.03623 -0.01695  0.00342 -0.01119 -0.01095
0.010000  0.01249 -0.02861 -0.00669  0.01302 -0.03605
0.010000  0.02427 -0.01004  0.00544  0.02021 -0.02815
0.010000  0.01158  0.00065 -0.01146  0.01122 -0.01174
0.010000  0.03240  0.00354 -0.01161  0.01986 -0.00436
0.010000 -0.00426 -0.02164 -0.00275 -0.00860 -0.01307
0.010000  0.01876  0.05918 -0.00180  0.01040 -0.01254
0.010000 -0.02519 -0.02188 -0.02594 -0.04452 -0.03298
0.010000  0.00589 -0.00108 -0.00099  0.01563  0.00539
0.010000 -0.02597  0.00975  0.00055 -0.04355 -0.01258
0.010000 -0.06067 -0.04229 -0.01454 -0.06649 -0.00839
0.010000 -0.01418 -0.03163  0.02556 -0.00038 -0.01632
0.010000  0.00742  0.01312 -0.00549 -0.00025 -0.01770
0.010000 -0.02843 -0.00352 -0.01859 -0.01711 -0.02730
0.010000 -0.00551  0.05647 -0.00217  0.00514  0.01111
0.010000 -0.00799  0.01395 -0.00923 -0.00090 -0.01914
0.010000 -0.03740 -0.00681  0.00581 -0.01973  0.00641
0.010000 -0.01807  0.00148 -0.01983 -0.01469 -0.02017
0.010000 -0.02079 -0.00513 -0.01591 -0.00671 -0.00287
0.010000 -0.02293 -0.00957  0.00521 -0.01527 -0.00539
0.010000  0.02273  0.03358  0.00662  0.01791  0.00585
0.010000  0.00902  0.00947 -0.02497  0.01056  0.00007
0.010000 -0.05649 -0.03475  0.03014 -0.04457 -0.00783
0.010000 -0.05326 -0.05346  0.01127 -0.02625 -0.02965
0.010000  0.00026  0.03693  0.00342 -0.02057  0.01517
0.010000  0.00370 -0.00850 -0.02936 -0.00015  0.01013
0.010000 -0.04135 -0.03673  0.00047 -0.05342 -0.02152
0.010000 -0.01546 -0.00537 -0.01665 -0.01560 -0.00464
0.010000 -0.00737 -0.02474 -0.00874  0.00463 -0.04167
0.010000 -0.01230 -0.00831 -0.05256 -0.06125  0.01449
0.010000  0.00300  0.04953  0.02101  0.01309 -0.00930
0.010000  0.04475  0.02297 -0.00679  0.02018 -0.00056
0.010000 -0.00922 -0.00406  0.01248 -0.00439  0.02135
0.010000  0.00093  0.02034 -0.01169 -0.00690 -0.01425
0.010000 -0.00299 -0.02769 -0.03672 -0.03177 -0.01392
0.010000  0.01759 -0.01117 -0.01901  0.01691  0.01318
0.010000  0.03919  0.03882 -0.01174  0.01902 -0.01635
0.010000 -0.01482 -0.00575  0.02148 -0.02653 -0.02593
0.010000  0.05783  0.02134  0.02098  0.02389 -0.00079
