# Scenario generation method from a paper by Hoyland, Kaut & Wallace
# Code by Michal Kaut (michal.kaut@iot.ntnu.n) & Diego Mathieu

#   prob   var  1   var  2   var  3   var  4   var  5
0.010000  0.02788  0.03055  0.00512 -0.01216  0.02727
0.010000 -0.03066  0.00773  0.00251  0.01684 -0.00152
0.010000 -0.03668 -0.02871 -0.02273  0.00349 -0.02669
0.010000 -0.00511 -0.00880 -0.00314  0.01404  0.01902
0.010000  0.03464  0.02085  0.00539  0.00226  0.01180
0.010000 -0.01201 -0.04336 -0.03493  0.00577 -0.00359
0.010000 -0.00163 -0.01889  0.00343 -0.00934  0.00054
0.010000 -0.06285 -0.00469 -0.00426  0.00939 -0.00467
0.010000 -0.01661 -0.00056  0.00335 -0.00144  0.00438
0.010000  0.03191  0.02725  0.00188 -0.01265  0.02434
0.010000  0.03055 -0.00546  0.00906 -0.01232  0.00959
0.010000 -0.06029 -0.04441 -0.04471  0.01211  0.01261
0.010000 -0.05677 -0.04501 -0.03936 -0.01243 -0.01006
0.010000  0.00660 -0.03629 -0.00609 -0.00363 -0.01838
0.010000 -0.03913  0.00435 -0.00456 -0.00777 -0.00889
0.010000 -0.04284 -0.04044 -0.04473 -0.00062  0.00999
0.010000  0.03602  0.02226 -0.00448 -0.00257  0.02778
0.010000  0.00900  0.04591  0.00464 -0.00572 -0.01405
0.010000  0.01386 -0.00138  0.00825 -0.00775 -0.01105
0.010000 -0.02125 -0.02172  0.00138 -0.01281 -0.02353
0.010000 -0.06131 -0.01271 -0.00652  0.00131 -0.00721
0.010000 -0.02009  0.00336 -0.01144  0.00995  0.01087
0.010000 -0.05043 -0.04708 -0.03232 -0.01001  0.00994
0.010000 -0.03305  0.00223  0.00657  0.00319  0.00403
0.010000 -0.05917 -0.01833 -0.03286 -0.00377 -0.01949
0.010000 -0.01546  0.00874  0.01005 -0.00010 -0.00153
0.010000 -0.01316  0.02763  0.00891 -0.00304 -0.01770
0.010000 -0.04788 -0.01201 -0.02219  0.00312 -0.00121
0.010000 -0.01893 -0.01704  0.00008  0.01186  0.00979
0.010000 -0.00280 -0.01110  0.00169  0.00690  0.00520
0.010000 -0.03185 -0.02280 -0.01482  0.00413 -0.00935
0.010000  0.04552  0.02518  0.01240 -0.00776  0.02066
0.010000 -0.05425 -0.00758 -0.01618 -0.01109 -0.01826
0.010000  0.02394 -0.02322  0.00722 -0.00945 -0.02047
0.010000 -0.00626 -0.01498  0.01364  0.00338  0.00514
0.010000 -0.03547  0.00352 -0.00811 -0.00308 -0.01766
0.010000 -0.05841 -0.05324 -0.02381 -0.01655 -0.00196
0.010000 -0.01777 -0.03143 -0.02715  0.00797  0.00571
0.010000 -0.04410 -0.01292 -0.00197 -0.00923 -0.01236
0.010000  0.00305  0.03778  0.01419  0.01562  0.01361
0.010000 -0.01086  0.01521 -0.00594  0.02840  0.02183
0.010000  0.01509 -0.01228  0.00835  0.00863  0.00351
0.010000 -0.05799 -0.06036 -0.04227 -0.00264 -0.03582
0.010000  0.04781  0.02430  0.02318 -0.01662  0.00035
0.010000  0.04019  0.01686  0.01900 -0.00653 -0.00785
0.010000 -0.03790 -0.02178 -0.01157  0.00062 -0.01714
0.010000  0.02265  0.00650  0.01277  0.01758 -0.00265
0.010000 -0.00047  0.00020 -0.00054 -0.00564 -0.01315
0.010000  0.04426  0.05442  0.00319  0.01726  0.01366
0.010000 -0.04160 -0.01836 -0.02243  0.00645 -0.00565
0.010000  0.00423  0.01501  0.01361 -0.01078  0.01466
0.010000 -0.02947  0.03915  0.00812 -0.00556 -0.02213
0.010000 -0.05171  0.01031  0.00603 -0.00187 -0.01003
0.010000  0.01263  0.01085 -0.00639 -0.00784  0.01216
0.010000 -0.00742 -0.05201 -0.04070  0.01897  0.00118
0.010000 -0.04915  0.00320 -0.01235 -0.00476 -0.01554
0.010000 -0.02241 -0.05437 -0.04072  0.00949 -0.00223
0.010000 -0.02475 -0.01128 -0.01061 -0.01614 -0.00659
0.010000 -0.01431 -0.03913 -0.01237 -0.00889 -0.03122
0.010000 -0.06275 -0.00658 -0.01452 -0.00504  0.01073
0.010000  0.04157 -0.00717  0.00820 -0.01338 -0.00201
0.010000 -0.02358 -0.02509  0.00425  0.02186  0.00005
0.010000 -0.05552  0.01698 -0.00681  0.01916 -0.02023
0.010000  0.02524  0.04604 -0.00130 -0.00972  0.01169
0.010000  0.00070  0.08109  0.00924 -0.01240  0.02663
0.010000 -0.06193 -0.01682 -0.00980 -0.00173 -0.01381
0.010000  0.04525  0.05627  0.02620 -0.00973  0.00771
0.010000 -0.02592 -0.00316 -0.00725  0.00332  0.01247
0.010000  0.00541  0.02549  0.00498 -0.00256  0.00817
0.010000 -0.00856 -0.00650  0.00179  0.00157 -0.02717
0.010000  0.02867 -0.01913 -0.00731 -0.00005 -0.00190
0.010000  0.03880  0.02871 -0.00599  0.00661  0.02008
0.010000  0.03741  0.02652  0.00871  0.01145 -0.00504
0.010000  0.02010  0.02803 -0.00632 -0.00870  0.01067
0.010000 -0.03927  0.04370  0.00509  0.00864  0.02049
0.010000 -0.00971 -0.01970  0.00459  0.00647 -0.00677
0.010000  0.00780 -0.00166  0.00671 -0.01526  0.00899
0.010000 -0.06217 -0.02531 -0.01232 -0.00223 -0.02457
0.010000 -0.03426 -0.04181 -0.04025 -0.00461  0.00080
0.010000  0.04294  0.02874  0.00828 -0.00102  0.02625
0.010000  0.02655  0.00917  0.00661 -0.01533  0.01452
0.010000  0.01020  0.05837  0.00082 -0.00993  0.02389
0.010000 -0.04036 -0.03747 -0.04282 -0.00657  0.01108
0.010000  0.01141  0.06724 -0.00227  0.00663  0.00173
0.010000  0.01883  0.02493  0.01364  0.00287 -0.00444
0.010000  0.01633 -0.00751 -0.00201 -0.01205  0.01919
0.010000 -0.02828 -0.01501 -0.01867 -0.00091 -0.00727
0.010000  0.04666  0.02930  0.00968  0.01334  0.00765
0.010000 -0.00396 -0.02870 -0.00581 -0.00204  0.00982
0.010000 -0.04661  0.00247 -0.00998  0.00643 -0.01423
0.010000  0.01758  0.05271  0.00087  0.00362 -0.00892
0.010000 -0.05298  0.00573  0.00056 -0.00908 -0.00639
0.010000 -0.04535 -0.05228 -0.03293  0.00462  0.00023
0.010000  0.04759  0.01504  0.00651  0.00564  0.02428
0.010000  0.00187 -0.01167 -0.00694 -0.00624 -0.02337
0.010000 -0.02710  0.03438  0.00635 -0.00774 -0.01113
0.010000  0.04813 -0.00160  0.00658 -0.00342  0.01879
0.010000  0.03327  0.06413  0.00740 -0.00172  0.02856
0.010000  0.02137  0.00924  0.00681  0.00906  0.01971
0.010000  0.02921  0.05577  0.02713  0.00072 -0.01855
