# Scenario generation method from a paper by Hoyland, Kaut & Wallace
# Code by Michal Kaut (michal.kaut@iot.ntnu.n) & Diego Mathieu

#   prob   var  1   var  2   var  3   var  4   var  5
0.010000 -0.02801 -0.00906 -0.00013  0.01398 -0.00466
0.010000 -0.02500 -0.03911 -0.02501 -0.02574 -0.02801
0.010000 -0.05818 -0.04252 -0.02134 -0.02679  0.01574
0.010000  0.04315  0.01169  0.00686  0.00535 -0.02187
0.010000  0.03120  0.00809  0.03929  0.00835  0.03179
0.010000 -0.03018 -0.00624 -0.00226  0.01358 -0.04028
0.010000 -0.00150 -0.00033  0.02286  0.00488  0.03503
0.010000 -0.03643 -0.01869 -0.02869 -0.00989 -0.01007
0.010000 -0.00225 -0.00897  0.00315  0.01508 -0.04824
0.010000 -0.05009 -0.02675 -0.00431 -0.01939 -0.05363
0.010000  0.03569  0.00669  0.03644  0.02071  0.01508
0.010000  0.00309  0.00242  0.01168 -0.00406  0.00940
0.010000  0.03736  0.01372  0.01273 -0.00098  0.03693
0.010000  0.02984  0.00775  0.03208  0.02210 -0.00364
0.010000  0.01661  0.00626  0.04225  0.01621  0.05921
0.010000  0.00078 -0.00080 -0.01419 -0.01521  0.00756
0.010000  0.01385  0.00419  0.01323  0.00368  0.04193
0.010000  0.01208  0.00336  0.02934  0.02582  0.00410
0.010000  0.02159  0.00839 -0.00886  0.00804 -0.02153
0.010000 -0.01536 -0.01268 -0.01334 -0.02828 -0.04394
0.010000 -0.01617 -0.00697 -0.01817 -0.01440 -0.03946
0.010000  0.05084  0.01975  0.02379  0.01696 -0.00976
0.010000 -0.02598 -0.01202 -0.00600 -0.01193 -0.01509
0.010000 -0.03375 -0.03257  0.02836 -0.00016  0.04585
0.010000 -0.04736 -0.01740 -0.03480 -0.05296 -0.00685
0.010000 -0.03789 -0.04633  0.01195 -0.01422  0.02032
0.010000 -0.00527 -0.00145  0.02269  0.00386  0.02477
0.010000 -0.01700 -0.00182 -0.03087 -0.03754 -0.02037
0.010000  0.00705 -0.00114 -0.00608 -0.00300 -0.01737
0.010000 -0.00452 -0.01675 -0.01134 -0.01149 -0.04321
0.010000  0.04543  0.00390  0.05901  0.05753  0.02214
0.010000  0.00625 -0.01275  0.04491  0.01006  0.01689
0.010000  0.02376  0.00687  0.00740  0.01496 -0.00825
0.010000 -0.02404 -0.01517 -0.02217 -0.01082  0.02855
0.010000 -0.03132 -0.01584 -0.02830 -0.02990 -0.02131
0.010000 -0.00907 -0.00161 -0.02675 -0.02386 -0.05373
0.010000 -0.00074  0.00056 -0.00767 -0.00225 -0.00860
0.010000 -0.01217 -0.00122  0.03266  0.00099  0.00017
0.010000  0.00952  0.00445  0.02338  0.00060 -0.00799
0.010000  0.03262  0.06449 -0.01284 -0.01771 -0.03003
0.010000  0.06338  0.01825  0.02072  0.00716  0.03223
0.010000 -0.02698 -0.00599 -0.01393 -0.01410  0.01971
0.010000 -0.02219 -0.01333 -0.01230 -0.00709  0.00013
0.010000  0.03411  0.01357 -0.00801  0.00085  0.00799
0.010000  0.00232 -0.00173  0.00734 -0.01722 -0.03233
0.010000 -0.01296 -0.00164 -0.00857 -0.01111 -0.01073
0.010000 -0.01455 -0.00665 -0.01504 -0.02024 -0.05684
0.010000 -0.03251 -0.00284 -0.03469 -0.02673 -0.02234
0.010000 -0.00984 -0.00655  0.00815  0.05751  0.05000
0.010000 -0.00376  0.00095 -0.02314 -0.00083 -0.00373
0.010000 -0.02310 -0.02193 -0.01443 -0.01117 -0.00316
0.010000  0.08813  0.03898  0.06676  0.06057  0.07973
0.010000  0.05821  0.01525  0.03855  0.02020 -0.00844
0.010000 -0.02040 -0.01308 -0.01314 -0.01298 -0.05378
0.010000 -0.06802 -0.05424 -0.03325 -0.05867 -0.05723
0.010000  0.00869  0.00454  0.00661  0.00687 -0.02223
0.010000  0.01475  0.00911  0.04402  0.06145  0.06023
0.010000  0.02266 -0.03576  0.02999  0.03901 -0.00131
0.010000  0.07086  0.02858  0.03759  0.01682  0.03196
0.010000 -0.03506 -0.02128  0.01303 -0.00449  0.04089
0.010000 -0.02129 -0.01131  0.00337 -0.00895  0.05484
0.010000  0.03915  0.01158  0.07035  0.07901  0.00560
0.010000 -0.01061 -0.00056 -0.01897 -0.01222 -0.03819
0.010000  0.01036  0.00549 -0.00562 -0.01597  0.04394
0.010000  0.00466 -0.01851  0.01128  0.01754  0.00444
0.010000  0.05418  0.01081  0.01500  0.01589  0.00513
0.010000 -0.01868 -0.00723 -0.01914 -0.01478  0.03773
0.010000 -0.00679 -0.00234 -0.02451 -0.01031 -0.03282
0.010000  0.01122  0.00542 -0.01630 -0.01255  0.03063
0.010000  0.02055  0.01637  0.00321  0.00233  0.02031
0.010000  0.01853  0.00480  0.02743  0.02906  0.00711
0.010000  0.02490  0.01442 -0.00387 -0.01095  0.03584
0.010000 -0.04503 -0.02977 -0.01375  0.01585  0.01350
0.010000  0.00155  0.00110  0.01449  0.00725  0.05600
0.010000  0.00387  0.00223 -0.02100 -0.01539 -0.03153
0.010000 -0.01139 -0.01664  0.02856  0.02287  0.02799
0.010000 -0.00301 -0.00280  0.00624  0.01404  0.06346
0.010000  0.02607  0.00770  0.02601 -0.00120  0.08300
0.010000 -0.00755 -0.00397  0.04362  0.02429  0.04667
0.010000  0.00787 -0.00283  0.00231 -0.00976 -0.01595
0.010000 -0.01783 -0.01776 -0.01471 -0.01142 -0.02781
0.010000 -0.02908 -0.02524 -0.02674 -0.02508 -0.05315
0.010000  0.02853  0.00694 -0.00918 -0.00112  0.01004
0.010000  0.00545  0.00186  0.02403  0.01779 -0.04036
0.010000 -0.05349 -0.02067  0.01911 -0.01165 -0.03015
0.010000 -0.01375 -0.00410 -0.00877 -0.04273  0.02612
0.010000  0.02728  0.00627  0.04437  0.01469  0.03449
0.010000 -0.04298 -0.04082 -0.01382 -0.02514 -0.01288
0.010000  0.01953  0.00697  0.01007  0.00186  0.03645
0.010000  0.01567  0.00708 -0.01548 -0.00798 -0.00795
0.010000 -0.03945 -0.02288 -0.02901 -0.02919 -0.03464
0.010000  0.01756  0.01277  0.04256  0.00573  0.02942
0.010000 -0.01953 -0.00689 -0.01303 -0.01373 -0.01394
0.010000 -0.04113 -0.07250 -0.00774 -0.00192 -0.05758
0.010000  0.01296  0.00380 -0.01860 -0.03789 -0.03198
0.010000  0.04107  0.01211  0.00671  0.00231 -0.01238
0.010000  0.00002  0.00477  0.01237 -0.00352 -0.01064
0.010000 -0.00603 -0.00533  0.00381 -0.00993  0.00235
0.010000  0.04797  0.01768  0.01473  0.02941  0.00527
0.010000 -0.00831 -0.00546 -0.00478 -0.00923  0.00807
