# Scenario generation method from a paper by Hoyland, Kaut & Wallace
# Code by Michal Kaut (michal.kaut@iot.ntnu.n) & Diego Mathieu

#   prob   var  1   var  2   var  3   var  4   var  5
0.010000  0.03294  0.00013  0.01930  0.01825  0.00736
0.010000 -0.00516 -0.02835 -0.02134 -0.00791 -0.04746
0.010000  0.01345  0.00648 -0.00966  0.01101  0.04688
0.010000  0.04580  0.04279  0.03807  0.01956  0.05271
0.010000  0.03425  0.00983 -0.00282 -0.00125  0.05964
0.010000 -0.03268  0.00076 -0.03031 -0.03982 -0.02253
0.010000  0.00070 -0.01548 -0.00402  0.00487  0.04995
0.010000 -0.04877 -0.01534 -0.01679 -0.02444 -0.06265
0.010000 -0.03784 -0.02719  0.00354  0.01125 -0.02427
0.010000  0.00360 -0.01466  0.01467  0.01084 -0.03125
0.010000  0.04802  0.04300  0.03488  0.01180  0.02710
0.010000  0.02710  0.00262  0.02988  0.02270  0.03361
0.010000 -0.02391 -0.02439 -0.00696 -0.00451  0.04936
0.010000  0.00506  0.00248 -0.00755  0.00644 -0.01867
0.010000 -0.00665 -0.02422  0.00312 -0.00872  0.02037
0.010000  0.05655  0.02402  0.00793  0.01053  0.03897
0.010000 -0.00368 -0.01027 -0.02029 -0.01260  0.01646
0.010000 -0.02613 -0.04619 -0.02121 -0.00229 -0.03738
0.010000  0.00879 -0.03399 -0.00916  0.01873 -0.00770
0.010000 -0.01208 -0.02599  0.01850 -0.00298  0.04555
0.010000  0.02304  0.02356  0.00593  0.01089  0.05823
0.010000 -0.01626 -0.02123 -0.01967 -0.01279 -0.02900
0.010000  0.02819  0.08414 -0.00028 -0.00403 -0.04153
0.010000  0.01674  0.00483  0.00742 -0.00697  0.03643
0.010000  0.00142  0.02808 -0.00381 -0.01174 -0.01613
0.010000  0.05048 -0.00204  0.03806  0.02576  0.05265
0.010000  0.00803  0.01723 -0.00113 -0.02109 -0.02284
0.010000  0.01846  0.00070 -0.00072  0.00634  0.00052
0.010000  0.00215  0.01759  0.02253  0.00433  0.06618
0.010000 -0.00003 -0.01114 -0.01305  0.00823 -0.03775
0.010000  0.02605 -0.01208  0.00785  0.00634  0.07142
0.010000 -0.01540 -0.00774  0.00721 -0.00612  0.04746
0.010000 -0.03426 -0.09519 -0.01903 -0.01917  0.04083
0.010000 -0.01049 -0.03110  0.00739 -0.01240  0.00568
0.010000  0.01186  0.00821  0.00749 -0.00404  0.02422
0.010000 -0.03122 -0.05169 -0.02124 -0.01900  0.03693
0.010000  0.03048  0.00537  0.00400 -0.01253  0.06304
0.010000  0.00433  0.00716 -0.01576 -0.01005  0.01273
0.010000 -0.06483 -0.03415 -0.02055 -0.02103  0.04181
0.010000 -0.02286  0.00428 -0.00105 -0.02018 -0.01735
0.010000 -0.00894 -0.00116 -0.01257 -0.01499 -0.02488
0.010000  0.01031 -0.00749  0.02037  0.02276  0.01299
0.010000  0.01934  0.02428  0.01038  0.00459  0.03978
0.010000 -0.01372 -0.03070 -0.02365 -0.01924  0.03938
0.010000 -0.00294 -0.01098  0.02068  0.01779  0.06844
0.010000  0.00580  0.00179 -0.00201 -0.01378  0.06642
0.010000  0.01426 -0.03566  0.00389  0.00634 -0.02405
0.010000  0.06049  0.06026  0.03683  0.01683 -0.00165
0.010000 -0.01128 -0.00672 -0.00908 -0.01544  0.03365
0.010000 -0.02500  0.02240 -0.00322 -0.01761 -0.06004
0.010000 -0.00971 -0.00353  0.02769  0.01270  0.06943
0.010000 -0.02985 -0.02728 -0.02330 -0.03517  0.00106
0.010000  0.00728 -0.02081  0.02049  0.00187 -0.03990
0.010000  0.01759  0.00098  0.00880  0.01145 -0.03836
0.010000 -0.00221  0.00378 -0.00954 -0.00963 -0.02203
0.010000 -0.02731 -0.02803 -0.02068 -0.02267 -0.03236
0.010000 -0.01989 -0.00743 -0.00563 -0.00671  0.05767
0.010000  0.00654  0.01780  0.02800  0.00894  0.00539
0.010000  0.01265  0.00327 -0.00246 -0.00048  0.03202
0.010000  0.04378  0.03783  0.00781 -0.00078  0.07117
0.010000  0.04193  0.01546  0.03760  0.02059  0.00304
0.010000  0.02115  0.04005 -0.00963 -0.02227 -0.02283
0.010000 -0.03596  0.00539 -0.02834 -0.03071  0.00132
0.010000  0.07299  0.04479  0.03832  0.00602  0.05021
0.010000  0.02209  0.03687 -0.00978 -0.02255  0.06445
0.010000  0.02402  0.05251  0.01126  0.00573  0.03770
0.010000 -0.05380 -0.03820  0.00168 -0.00267 -0.00015
0.010000  0.09036  0.04951  0.03569  0.04200 -0.00667
0.010000 -0.00590 -0.00189  0.00026 -0.01431  0.04428
0.010000 -0.00442 -0.00728  0.00603  0.00133  0.02339
0.010000  0.05328  0.03310  0.03766  0.01972  0.03145
0.010000 -0.02184 -0.01857 -0.01489 -0.03284  0.05459
0.010000  0.02932 -0.01159  0.03597  0.01158  0.07425
0.010000  0.03706  0.00638  0.02659  0.01711  0.07597
0.010000 -0.00741 -0.01356  0.01551  0.00478 -0.02693
0.010000  0.03169 -0.00153  0.00302 -0.00945 -0.02627
0.010000  0.00954  0.02073  0.03142  0.00078  0.07859
0.010000 -0.01895 -0.03365 -0.00892 -0.00287  0.02368
0.010000 -0.00817 -0.01016 -0.00248 -0.00115 -0.00392
0.010000 -0.02085 -0.00533  0.00480 -0.01873  0.00638
0.010000 -0.01455 -0.01327  0.01554  0.01040  0.03345
0.010000  0.00288  0.01450  0.03102 -0.01401  0.03851
0.010000  0.02502  0.01623 -0.00400 -0.00414 -0.02637
0.010000 -0.04234 -0.04966 -0.01798 -0.01937 -0.02578
0.010000 -0.01289 -0.01851  0.01114  0.00762  0.05625
0.010000  0.01108 -0.00463  0.01217  0.00532 -0.01568
0.010000  0.01507  0.00995  0.01826 -0.01067 -0.03322
0.010000  0.04020  0.04761  0.00755  0.00823  0.01574
0.010000  0.03562  0.01630  0.02871  0.02489  0.01886
0.010000  0.01590  0.01695 -0.00304  0.00529  0.03674
0.010000  0.06558  0.04783  0.01802  0.00835  0.02703
0.010000 -0.01803 -0.02894 -0.02673 -0.00236 -0.06067
0.010000 -0.01714 -0.00456 -0.00163 -0.02845 -0.04686
0.010000 -0.00148 -0.03503 -0.01204  0.00911  0.02989
0.010000  0.03859  0.03016  0.02383  0.01318  0.05511
0.010000  0.02024  0.00792  0.01123  0.01125 -0.03835
0.010000 -0.03994 -0.02339 -0.01723 -0.01362 -0.02456
0.010000 -0.02855 -0.02596 -0.01499 -0.02696  0.02970
0.010000 -0.00075 -0.00332  0.00460  0.01079 -0.05337
0.010000 -0.04519 -0.02934 -0.02066 -0.02428 -0.05348
