# Scenario generation method from a paper by Hoyland, Kaut & Wallace
# Code by Michal Kaut (michal.kaut@iot.ntnu.n) & Diego Mathieu

#   prob   var  1   var  2   var  3   var  4   var  5
0.010000 -0.02210 -0.02933  0.00114 -0.00135 -0.00139
0.010000 -0.00184 -0.00711 -0.00137  0.00972  0.00031
0.010000  0.02519  0.02449  0.00773 -0.01326  0.01392
0.010000 -0.01824 -0.02799 -0.01267 -0.01568 -0.00343
0.010000 -0.02633 -0.03050 -0.04027 -0.00446 -0.00871
0.010000 -0.03218  0.00600 -0.00931 -0.00269 -0.00226
0.010000 -0.01135 -0.02792 -0.01194  0.00756 -0.00494
0.010000 -0.03595 -0.03191 -0.02659 -0.01565 -0.00737
0.010000  0.00419 -0.00079 -0.01360 -0.01472 -0.00474
0.010000 -0.03056 -0.03383  0.00184 -0.01366 -0.00136
0.010000  0.08758  0.06200  0.04623 -0.00317  0.01869
0.010000 -0.01932 -0.03105 -0.01301 -0.00189 -0.00583
0.010000  0.00177 -0.01906  0.00943 -0.00422  0.00865
0.010000  0.01930 -0.01210  0.00039  0.00380  0.00765
0.010000  0.00688  0.00298  0.00875  0.01126 -0.00266
0.010000 -0.00627  0.00796  0.01185 -0.01121  0.00159
0.010000 -0.01454  0.00784 -0.01378  0.00072 -0.00192
0.010000 -0.01295  0.01281  0.00148  0.00799 -0.00532
0.010000  0.01616  0.03430 -0.00530 -0.01397  0.00273
0.010000 -0.00251  0.02755  0.00685  0.00824  0.03177
0.010000 -0.02385 -0.02267 -0.00639 -0.00527 -0.00316
0.010000 -0.03492 -0.00694 -0.00563 -0.01534 -0.00493
0.010000  0.04254  0.05435  0.01540 -0.00985  0.00489
0.010000 -0.03135  0.00483 -0.01504 -0.01236 -0.00512
0.010000 -0.04881 -0.03767 -0.01091 -0.01700 -0.00189
0.010000 -0.00971 -0.02264 -0.01703  0.00570 -0.00723
0.010000  0.00027  0.00283 -0.00843 -0.00090  0.01716
0.010000 -0.01665 -0.01752 -0.02853  0.00185 -0.00884
0.010000 -0.00745 -0.02626 -0.01962 -0.01017 -0.00554
0.010000 -0.05190 -0.03934 -0.03254  0.00093 -0.00772
0.010000 -0.01559  0.00480 -0.01433 -0.01351 -0.00177
0.010000 -0.03704 -0.03496 -0.01890  0.00297 -0.00732
0.010000 -0.04092 -0.03648  0.00868 -0.01294  0.00485
0.010000 -0.00915  0.00808  0.00573 -0.01476  0.00176
0.010000 -0.00859 -0.00378  0.00893  0.00344  0.01180
0.010000 -0.02097 -0.01227 -0.02304 -0.00677 -0.00230
0.010000 -0.03305 -0.03515 -0.00781 -0.01602 -0.00369
0.010000 -0.02698 -0.02025 -0.00944 -0.00018 -0.00556
0.010000  0.00886  0.01022  0.00321  0.01011  0.02102
0.010000 -0.00444 -0.01608 -0.00220 -0.00775  0.00200
0.010000 -0.02506 -0.03209 -0.00341  0.00456 -0.00471
0.010000 -0.00506 -0.01557  0.04691 -0.00169  0.01407
0.010000 -0.01718 -0.02426  0.00373  0.00872  0.00682
0.010000  0.03759  0.02305  0.01451 -0.01034  0.03564
0.010000 -0.01506 -0.02358  0.01150  0.00304 -0.00010
0.010000  0.03041  0.01593  0.00661 -0.01244  0.02684
0.010000 -0.00686 -0.00911  0.01975  0.00124  0.00110
0.010000  0.02108  0.03352  0.01202 -0.00364  0.00321
0.010000  0.00785 -0.01194  0.01166 -0.01221  0.00249
0.010000 -0.04428 -0.01818 -0.01752 -0.01014 -0.00259
0.010000 -0.00045 -0.01820  0.00356 -0.01346  0.00219
0.010000  0.00101 -0.02139  0.01072  0.00906  0.01515
0.010000 -0.02834 -0.01028 -0.01190 -0.00381 -0.00330
0.010000 -0.01188 -0.01892  0.01487 -0.01249  0.02434
0.010000  0.00992 -0.01027  0.00541  0.00536  0.01049
0.010000  0.05968  0.06048  0.03197 -0.00226  0.00573
0.010000 -0.03822 -0.02791 -0.01652  0.00344 -0.00505
0.010000 -0.02445 -0.03257 -0.01717 -0.01261 -0.00280
0.010000  0.01220  0.01762  0.00451 -0.01029  0.00036
0.010000 -0.02906 -0.02560 -0.00410 -0.01569 -0.00337
0.010000 -0.07965 -0.03718 -0.03880 -0.00162 -0.00532
0.010000 -0.03951 -0.00762 -0.01649 -0.00836 -0.00711
0.010000  0.00336 -0.01499  0.01457  0.01210  0.00003
0.010000 -0.02042 -0.02294 -0.00982 -0.00589 -0.00525
0.010000  0.01767  0.01241  0.01539 -0.01004  0.00248
0.010000  0.00595 -0.00439  0.01066 -0.00802  0.00071
0.010000 -0.01878 -0.00146 -0.00487 -0.00566 -0.00333
0.010000  0.04924  0.00929  0.02224  0.01383  0.01726
0.010000  0.01344 -0.01491  0.00407  0.00165  0.01571
0.010000  0.00506 -0.01006  0.00606  0.01094  0.01056
0.010000 -0.02979  0.03138  0.00990 -0.00529 -0.00279
0.010000 -0.00381 -0.02455 -0.00254 -0.01238  0.00180
0.010000  0.00255 -0.02146  0.00751  0.01231 -0.00134
0.010000 -0.00567 -0.01410 -0.01849  0.00094 -0.00733
0.010000 -0.04249 -0.02570 -0.01171  0.03270 -0.00852
0.010000 -0.02765 -0.01143 -0.02129  0.00005 -0.00840
0.010000  0.03367  0.04272  0.00645 -0.00442 -0.00073
0.010000 -0.01348 -0.02172 -0.00996 -0.01355 -0.00344
0.010000 -0.00115  0.03218  0.00456 -0.01458 -0.00132
0.010000 -0.01612 -0.01522 -0.00185 -0.00528  0.00141
0.010000  0.02303  0.02846  0.01291  0.01177 -0.00058
0.010000 -0.01080 -0.00727 -0.00884  0.00676 -0.00632
0.010000 -0.03396 -0.03481 -0.02560 -0.01257 -0.00278
0.010000 -0.01026 -0.01486 -0.01148 -0.00836 -0.00535
0.010000 -0.02569 -0.03129  0.00778  0.00738 -0.00201
0.010000 -0.00316 -0.00850  0.00075 -0.01462  0.00279
0.010000 -0.01771 -0.02610 -0.01688  0.00314 -0.00236
0.010000 -0.06247 -0.03837 -0.02930 -0.03237 -0.00610
0.010000 -0.01242 -0.02624  0.01179 -0.01120  0.00545
0.010000 -0.04634  0.03162 -0.01280 -0.01686 -0.00698
0.010000 -0.02153 -0.00838 -0.01248 -0.00895  0.00304
0.010000 -0.05604 -0.03774 -0.02291 -0.01415 -0.00425
0.010000 -0.01987 -0.00955  0.01377 -0.01426  0.00207
0.010000  0.02763  0.00005  0.01611  0.00853  0.00146
0.010000  0.01103 -0.01696  0.00214  0.00255  0.00077
0.010000 -0.01401 -0.01836 -0.00897  0.00287 -0.00555
0.010000 -0.02267  0.02370  0.00515 -0.01355 -0.00351
0.010000  0.01476  0.03937  0.00396  0.00848  0.01510
0.010000 -0.00802 -0.00805  0.00914 -0.00152  0.01760
0.010000 -0.02325 -0.03162 -0.01011 -0.00760 -0.00457
