# Scenario generation method from a paper by Hoyland, Kaut & Wallace
# Code by Michal Kaut (michal.kaut@iot.ntnu.n) & Diego Mathieu

#   prob   var  1   var  2   var  3   var  4   var  5
0.010000  0.03952  0.02774  0.00857  0.01005  0.00834
0.010000  0.02502  0.01221 -0.00139 -0.02117 -0.01778
0.010000 -0.00133 -0.00541  0.00732 -0.00982 -0.03575
0.010000  0.00432 -0.00137 -0.00357 -0.02122  0.01155
0.010000 -0.01282 -0.01039 -0.00913 -0.03776  0.00389
0.010000  0.02374  0.01075 -0.00814 -0.02399 -0.00650
0.010000  0.01853  0.00495  0.00378 -0.00941 -0.01993
0.010000 -0.00363 -0.00559 -0.00262  0.01976 -0.02222
0.010000  0.03381  0.05166 -0.00502 -0.02234  0.01129
0.010000 -0.00935 -0.00894 -0.00573 -0.00613 -0.03357
0.010000 -0.00804 -0.00836  0.00718 -0.04601 -0.02077
0.010000  0.00141 -0.00113  0.00705  0.03790 -0.01830
0.010000  0.01019  0.00091 -0.00796 -0.02430  0.00404
0.010000  0.00062  0.00044 -0.00863 -0.01291  0.02636
0.010000 -0.00402 -0.00542 -0.00191 -0.02766  0.00119
0.010000 -0.02650 -0.00971 -0.00851  0.02238 -0.01521
0.010000  0.00023 -0.00396 -0.00392  0.02060  0.00382
0.010000  0.00181 -0.00024 -0.00918 -0.02208 -0.00048
0.010000  0.00476  0.00692 -0.00552  0.00741  0.00788
0.010000 -0.00519 -0.00649 -0.00974  0.00081 -0.00966
0.010000 -0.01227 -0.00785 -0.00812  0.00438  0.00124
0.010000  0.04345  0.04290 -0.00611 -0.04601  0.01831
0.010000  0.00910  0.00855 -0.00452 -0.01713  0.03748
0.010000 -0.00441  0.00826 -0.00706  0.00097  0.00533
0.010000  0.02967  0.02402  0.00288  0.00300 -0.01672
0.010000  0.03160  0.02017  0.00227  0.01627  0.01621
0.010000  0.00659 -0.00151 -0.00869  0.03153  0.01285
0.010000 -0.02922  0.03973  0.00036  0.00841  0.00182
0.010000 -0.00720  0.01845  0.00030  0.04310  0.00012
0.010000 -0.01524 -0.00573  0.00896  0.00374 -0.02273
0.010000 -0.00209  0.01264  0.00874  0.00019 -0.03544
0.010000  0.01256  0.00115  0.00689 -0.02090 -0.01024
0.010000 -0.00559 -0.00561 -0.00142  0.01368 -0.01772
0.010000  0.01604  0.00589 -0.00797  0.01688  0.00315
0.010000  0.02145  0.00551 -0.00322 -0.01157 -0.01056
0.010000 -0.02284 -0.00356 -0.00775 -0.02561 -0.04003
0.010000 -0.01075 -0.00733 -0.00845  0.00582  0.00431
0.010000 -0.00480  0.00100  0.00499  0.04542 -0.00331
0.010000 -0.03344 -0.01539 -0.00538 -0.01689  0.02018
0.010000 -0.01746 -0.00264  0.00329  0.00836 -0.01921
0.010000  0.00222 -0.00325  0.00770  0.00205 -0.00359
0.010000 -0.00981 -0.00351 -0.00840 -0.02679 -0.00817
0.010000  0.02796  0.00926  0.00251 -0.01219  0.01506
0.010000 -0.01175 -0.00982 -0.00104 -0.04293  0.00365
0.010000  0.00521 -0.00227  0.00711 -0.02558  0.01069
0.010000  0.04879  0.04229  0.00609  0.02334  0.01649
0.010000  0.02255  0.01127 -0.00901 -0.03271 -0.00711
0.010000 -0.00891 -0.00760  0.00800 -0.00726 -0.00720
0.010000 -0.00055 -0.00320 -0.00886 -0.00399 -0.00473
0.010000 -0.00016  0.01213  0.00899 -0.01024 -0.02003
0.010000 -0.02148 -0.00725 -0.00833 -0.01592  0.00366
0.010000  0.00304 -0.00344  0.00657  0.05086 -0.03567
0.010000 -0.02447 -0.01450  0.00442 -0.04586 -0.01668
0.010000  0.00346 -0.00020 -0.00722 -0.01044  0.01179
0.010000  0.00566  0.01160  0.00947  0.07712 -0.00853
0.010000  0.00389 -0.00143  0.00108 -0.00293 -0.00130
0.010000 -0.00094  0.00016  0.00790 -0.05844  0.02614
0.010000  0.00806 -0.00107 -0.01006  0.02266 -0.02549
0.010000  0.00756  0.05523  0.00183  0.02673 -0.01225
0.010000  0.01134  0.02515  0.00354  0.02178  0.01051
0.010000  0.07940  0.08419  0.00780  0.01302  0.01209
0.010000 -0.01459 -0.01086  0.00004 -0.00493 -0.00997
0.010000  0.01194  0.01136  0.00820  0.00640  0.00158
0.010000 -0.01338 -0.00943 -0.00252 -0.01355 -0.00874
0.010000  0.00101  0.01367 -0.00151  0.01400 -0.00654
0.010000  0.01075  0.00504 -0.00951 -0.04247  0.00272
0.010000  0.01529  0.00415 -0.00353  0.00836  0.00119
0.010000  0.05713  0.03297  0.00489  0.01358  0.00156
0.010000 -0.04471 -0.00573 -0.00354  0.00501 -0.01412
0.010000  0.00707  0.00578  0.00414  0.02511  0.01132
0.010000  0.00612  0.00225  0.00136 -0.04034  0.01846
0.010000  0.01388  0.00199  0.00348  0.00332 -0.01761
0.010000 -0.01397  0.00156 -0.00740 -0.00781  0.03342
0.010000  0.01944  0.01915  0.00515 -0.00438 -0.00919
0.010000  0.00263 -0.00143 -0.00941 -0.00008 -0.00646
0.010000 -0.01027 -0.00308  0.00364 -0.01800 -0.00917
0.010000  0.02041  0.00543 -0.00481  0.00950 -0.02065
0.010000 -0.02030 -0.01072 -0.00743 -0.03670  0.01398
0.010000  0.01766  0.00405 -0.00527 -0.00776 -0.00351
0.010000  0.02642  0.02283 -0.00249 -0.02526  0.02425
0.010000 -0.00325 -0.00616 -0.00635 -0.02912 -0.02254
0.010000 -0.01593 -0.01122  0.00292  0.01624  0.00912
0.010000  0.00857  0.00415  0.00664  0.00746 -0.01146
0.010000 -0.01124 -0.00439 -0.00618 -0.04497 -0.01653
0.010000 -0.00171  0.00427  0.00761  0.02626 -0.02954
0.010000 -0.00762  0.02300  0.01013 -0.00499 -0.01743
0.010000 -0.00847 -0.00517  0.00315 -0.01187 -0.02420
0.010000 -0.00598  0.00107 -0.00458 -0.03407 -0.03071
0.010000  0.01321  0.01993  0.00333  0.02241 -0.01975
0.010000  0.01457  0.03101  0.00886  0.04368 -0.02673
0.010000 -0.01666 -0.01003 -0.00367 -0.00171 -0.03250
0.010000 -0.00286 -0.00099 -0.00923  0.06922 -0.01113
0.010000  0.00963  0.04156 -0.00455  0.02022  0.02229
0.010000 -0.00679  0.00576  0.00972  0.00682 -0.01590
0.010000 -0.00639 -0.00569  0.00798 -0.02745 -0.00300
0.010000 -0.01831 -0.00685 -0.00317  0.01934 -0.00962
0.010000  0.03639  0.04390  0.00993  0.00753  0.00422
0.010000 -0.01925  0.00476 -0.00294 -0.01188 -0.01033
0.010000  0.01683  0.05545  0.00675  0.02202 -0.00523
0.010000 -0.00248  0.02407  0.00938  0.01071 -0.01215
