# Scenario generation method from a paper by Hoyland, Kaut & Wallace
# Code by Michal Kaut (michal.kaut@iot.ntnu.n) & Diego Mathieu

#   prob   var  1   var  2   var  3   var  4   var  5
0.010000 -0.02341  0.04093 -0.00155 -0.01053 -0.05167
0.010000 -0.05218 -0.06284 -0.02624 -0.02037  0.04329
0.010000 -0.04059  0.01027 -0.01954 -0.00644 -0.05507
0.010000  0.01159 -0.00105  0.01133 -0.00117  0.07398
0.010000 -0.05216 -0.02288 -0.01740  0.01511 -0.04135
0.010000  0.03374  0.02678  0.03652  0.01901 -0.00243
0.010000  0.01470  0.01068 -0.00138 -0.00511 -0.05022
0.010000 -0.00755 -0.04277 -0.00238  0.00775 -0.00354
0.010000 -0.02216 -0.00794 -0.01786 -0.00873 -0.05682
0.010000 -0.01168 -0.02606 -0.01833 -0.01728  0.01015
0.010000  0.01314  0.03953  0.01163  0.00766 -0.02333
0.010000 -0.01702 -0.03094 -0.00632 -0.00791  0.02696
0.010000 -0.04596 -0.02030 -0.02243 -0.01791  0.02706
0.010000  0.03928  0.01038  0.00875 -0.00225  0.01947
0.010000  0.00852  0.02606 -0.00094 -0.00340  0.06454
0.010000 -0.03852 -0.01669 -0.01954 -0.01804 -0.05540
0.010000 -0.00473  0.02171  0.00633 -0.00499 -0.02725
0.010000 -0.04257 -0.05548 -0.03081 -0.01961  0.01183
0.010000 -0.04791 -0.00036 -0.02055 -0.01802 -0.05529
0.010000 -0.01437 -0.01237 -0.01558 -0.00652 -0.05653
0.010000  0.02103  0.00438 -0.00315  0.00576  0.02908
0.010000 -0.04352 -0.03133 -0.02317 -0.01246 -0.05421
0.010000 -0.03745 -0.05773 -0.03075 -0.01991 -0.05054
0.010000 -0.03414 -0.04516 -0.02590 -0.00378 -0.04780
0.010000 -0.04445 -0.05969 -0.03151 -0.01709 -0.05699
0.010000 -0.00501 -0.02861  0.00117  0.01764  0.00814
0.010000 -0.01570 -0.01900  0.00245  0.05305  0.05594
0.010000 -0.02589 -0.01463 -0.01580  0.00928 -0.03525
0.010000 -0.02089 -0.03704 -0.01688 -0.01366 -0.05514
0.010000 -0.03069 -0.00386 -0.02011  0.03153 -0.05080
0.010000 -0.01553 -0.02647 -0.01202  0.00793  0.01966
0.010000  0.02584  0.07266  0.03746  0.02457  0.00965
0.010000 -0.04987 -0.04147 -0.02106 -0.01482 -0.05216
0.010000 -0.04160 -0.02144 -0.01855 -0.01798 -0.05474
0.010000  0.01005 -0.00964 -0.00978  0.01967 -0.05109
0.010000 -0.04337 -0.05973 -0.03193 -0.01997 -0.05831
0.010000  0.02745 -0.01539 -0.00472  0.03600  0.00262
0.010000 -0.05045 -0.01634 -0.02304 -0.01759 -0.05346
0.010000  0.01627  0.03492  0.00395  0.02020 -0.00391
0.010000  0.03524  0.01304  0.00568  0.02249 -0.03645
0.010000  0.00700 -0.00011  0.06180  0.08066  0.08511
0.010000  0.04127  0.04026  0.02597  0.01883 -0.01750
0.010000  0.01944  0.00441  0.00293  0.01798 -0.03816
0.010000 -0.01952  0.07251  0.00224 -0.00775  0.03381
0.010000  0.04114  0.04774  0.01845  0.00966 -0.03050
0.010000 -0.05201 -0.04448 -0.02685 -0.01728 -0.04654
0.010000  0.00251 -0.00226 -0.00441  0.00024 -0.04762
0.010000  0.04034  0.02239  0.01363  0.01183  0.03361
0.010000 -0.00894 -0.02002 -0.00947  0.05345  0.01576
0.010000 -0.02466 -0.05260 -0.02362 -0.01804 -0.05586
0.010000 -0.02951 -0.04105 -0.02274 -0.01272 -0.02037
0.010000 -0.03301 -0.03627 -0.01992 -0.01783 -0.05493
0.010000 -0.04702 -0.03113 -0.02668  0.00138 -0.05245
0.010000 -0.01832 -0.03650 -0.00724 -0.00984 -0.04433
0.010000 -0.00614  0.02203  0.02771  0.00403 -0.00141
0.010000 -0.01031 -0.00516 -0.01347 -0.00610  0.00113
0.010000  0.10926  0.09381  0.08606  0.06038  0.05029
0.010000 -0.05174  0.01211 -0.01786 -0.01730 -0.03835
0.010000  0.02684  0.01219  0.00576 -0.00267  0.04819
0.010000  0.02263 -0.01446 -0.00257 -0.00873 -0.00151
0.010000  0.02138  0.01183  0.00579  0.00038  0.04606
0.010000 -0.01303 -0.04437 -0.01893 -0.01506  0.03704
0.010000  0.03220  0.03019  0.07193  0.03254  0.05889
0.010000 -0.05122 -0.04966 -0.03109 -0.01982 -0.04692
0.010000 -0.02711 -0.04530 -0.02516 -0.01734 -0.05493
0.010000  0.02904  0.01005  0.00137 -0.00693 -0.03941
0.010000  0.00400 -0.03550 -0.01279  0.07618 -0.00050
0.010000 -0.05204 -0.02805 -0.02164 -0.00150 -0.04672
0.010000  0.03986  0.01216  0.01405  0.00025  0.06845
0.010000  0.01785  0.01177  0.00729  0.00203  0.01142
0.010000  0.03619  0.06267  0.02472  0.00682  0.07445
0.010000  0.03063  0.02063  0.02113  0.00377 -0.02393
0.010000 -0.04620 -0.00302 -0.02148 -0.00335 -0.05138
0.010000 -0.03526 -0.02870 -0.02288  0.01727 -0.04904
0.010000 -0.00187 -0.01785 -0.00586  0.00536 -0.04699
0.010000 -0.03637 -0.03299 -0.02257 -0.01669 -0.05641
0.010000  0.00549  0.07420  0.01012 -0.00185  0.03267
0.010000 -0.05097 -0.02648 -0.02032 -0.01832 -0.01753
0.010000 -0.04534 -0.00046 -0.01335 -0.00729 -0.05199
0.010000  0.03804  0.01855  0.00798 -0.00089 -0.04622
0.010000 -0.04855 -0.05624 -0.01697 -0.01277 -0.04298
0.010000 -0.05045 -0.00004 -0.02257 -0.01561 -0.00438
0.010000  0.03668  0.03819  0.01803  0.03858  0.03652
0.010000 -0.04781 -0.01318 -0.01941 -0.01821 -0.04999
0.010000 -0.04924 -0.05998 -0.02844 -0.01651 -0.05512
0.010000 -0.00331 -0.02552 -0.01373  0.00082  0.05698
0.010000 -0.02831 -0.04486 -0.02273 -0.01803 -0.05308
0.010000 -0.03186 -0.04314 -0.01935 -0.01802 -0.01597
0.010000 -0.02882 -0.01451 -0.02100  0.01630  0.02258
0.010000 -0.01961  0.00037 -0.00339  0.01803  0.07481
0.010000 -0.03526 -0.02490 -0.01717  0.01234  0.05119
0.010000 -0.05140 -0.05431 -0.03170 -0.00091  0.03432
0.010000 -0.03957 -0.01271 -0.02170 -0.00876 -0.05621
0.010000  0.00104 -0.01512 -0.01060  0.00225 -0.05333
0.010000 -0.04937 -0.06065 -0.02885 -0.01912 -0.05057
0.010000 -0.03992 -0.00161 -0.02064 -0.01346 -0.04677
0.010000 -0.05176 -0.03233 -0.02664  0.01480  0.00066
0.010000 -0.00042 -0.02670 -0.00480  0.00736 -0.02492
0.010000  0.02424 -0.01584  0.00168 -0.00307 -0.03111
0.010000  0.04153  0.08251  0.03399  0.04950  0.08440
