# Scenario generation method from a paper by Hoyland, Kaut & Wallace
# Code by Michal Kaut (michal.kaut@iot.ntnu.n) & Diego Mathieu

#   prob   var  1   var  2   var  3   var  4   var  5
0.010000 -0.00817  0.00349 -0.03434 -0.00407 -0.03495
0.010000 -0.01631 -0.01521 -0.03049 -0.01337 -0.01242
0.010000 -0.01098 -0.00151 -0.01883 -0.01174 -0.00211
0.010000 -0.00090 -0.00050 -0.00286  0.00389 -0.00277
0.010000 -0.00731  0.00372 -0.01364 -0.00952  0.01011
0.010000  0.02011  0.01388  0.00105  0.01320 -0.01631
0.010000  0.00223  0.00183  0.00482 -0.00520  0.01255
0.010000 -0.00861  0.00269  0.00081  0.01849  0.01447
0.010000 -0.02878 -0.03211 -0.01032 -0.01420  0.00955
0.010000 -0.01048 -0.03073 -0.00057 -0.01440 -0.00960
0.010000  0.00618  0.00863 -0.00471 -0.00303 -0.00216
0.010000 -0.01704  0.00055 -0.01149  0.00351 -0.00690
0.010000 -0.00649 -0.00894  0.00567 -0.00264  0.00257
0.010000  0.01506  0.01239 -0.00688 -0.00510 -0.01760
0.010000  0.02285  0.01388  0.00979  0.00621  0.02360
0.010000 -0.01312 -0.01799 -0.03196 -0.00688 -0.02295
0.010000  0.01574  0.00791  0.00131  0.00976 -0.01070
0.010000 -0.00231 -0.00398 -0.01434  0.01079 -0.01707
0.010000  0.00153  0.01024  0.00149  0.00769  0.02924
0.010000  0.01026 -0.00094  0.01519  0.00195 -0.01375
0.010000 -0.00952 -0.00681 -0.02454  0.00243 -0.04180
0.010000 -0.01256 -0.00640 -0.02052 -0.00892 -0.00814
0.010000  0.00656 -0.01774 -0.00451 -0.00878 -0.01491
0.010000 -0.03888 -0.02808 -0.03091 -0.00320 -0.00343
0.010000 -0.02526 -0.02278 -0.01647 -0.01273 -0.00164
0.010000  0.01326  0.00328  0.01782  0.02028 -0.03838
0.010000  0.00854 -0.02159  0.01544 -0.00846 -0.01135
0.010000 -0.02148 -0.01247 -0.00573 -0.00939 -0.00889
0.010000  0.01119 -0.00504  0.00058 -0.01167 -0.02064
0.010000 -0.02687 -0.02688 -0.00679 -0.00408  0.01541
0.010000 -0.00125  0.00916 -0.00094  0.01246 -0.00589
0.010000  0.01168 -0.00220  0.01577 -0.00788 -0.03529
0.010000 -0.00020  0.00126  0.00425  0.01210 -0.01808
0.010000  0.02479  0.01378  0.02075  0.01913  0.01964
0.010000 -0.00452  0.00793 -0.01192 -0.00847 -0.02646
0.010000 -0.00906 -0.02472 -0.01039 -0.01420 -0.00672
0.010000 -0.01202 -0.02530 -0.00226 -0.01391 -0.01153
0.010000  0.00119 -0.00086 -0.00148 -0.00608  0.01494
0.010000  0.00258  0.00921 -0.00794 -0.00651 -0.01623
0.010000  0.00982  0.01046 -0.00935  0.00348 -0.02324
0.010000 -0.01371 -0.01376  0.00479  0.01011  0.00024
0.010000  0.00733 -0.00087  0.00721 -0.00487 -0.00831
0.010000 -0.01149 -0.02996 -0.00780  0.00099 -0.01206
0.010000 -0.00774  0.00576 -0.00022 -0.00642 -0.00066
0.010000  0.00293  0.00917 -0.00222  0.01194  0.00413
0.010000  0.00363 -0.00510 -0.01446 -0.00822 -0.01835
0.010000  0.00895  0.01234  0.00274  0.02430 -0.00947
0.010000  0.00399  0.00546 -0.01247 -0.00967 -0.00520
0.010000 -0.01000 -0.02637  0.00709 -0.01346  0.03718
0.010000  0.01904  0.01268  0.01167  0.00836 -0.00081
0.010000  0.00014  0.00835  0.01125  0.01972  0.00547
0.010000  0.00507 -0.00365  0.01560  0.00290 -0.01387
0.010000  0.01383  0.01217  0.01943  0.01432 -0.00668
0.010000  0.01646  0.01335  0.01525  0.03044 -0.00368
0.010000  0.00188 -0.01857 -0.00401 -0.01114  0.01878
0.010000 -0.00377 -0.01743 -0.00314 -0.00467 -0.02889
0.010000 -0.01432 -0.00211 -0.00612  0.00211  0.00774
0.010000 -0.00608  0.00682  0.00033  0.00838  0.01202
0.010000 -0.02046 -0.00917 -0.01537 -0.01144 -0.02646
0.010000  0.01724  0.01149  0.00718  0.00309 -0.01306
0.010000  0.03432  0.01444  0.01977  0.00601 -0.01387
0.010000  0.02135  0.01400  0.02138  0.01127 -0.00545
0.010000 -0.02261 -0.01109 -0.01337 -0.01184 -0.01029
0.010000  0.00544 -0.00761  0.00709 -0.00500  0.00397
0.010000 -0.05050 -0.03598 -0.03710 -0.01170 -0.00975
0.010000  0.01443 -0.00330  0.01915  0.00938 -0.00430
0.010000 -0.00491 -0.00046  0.00132 -0.00491  0.00085
0.010000  0.01072  0.00854 -0.00082  0.02226 -0.01641
0.010000  0.00471 -0.01201  0.01661  0.00947 -0.00213
0.010000  0.00581 -0.01310 -0.01646 -0.01342  0.02096
0.010000  0.00084 -0.01538 -0.00097 -0.01250 -0.02520
0.010000  0.01219 -0.00139  0.01535 -0.00381  0.01990
0.010000  0.00435 -0.00373  0.00494 -0.00648 -0.02817
0.010000 -0.03423 -0.01764 -0.01440 -0.00721 -0.00499
0.010000 -0.01951 -0.02950 -0.01360 -0.01426 -0.00204
0.010000  0.00328  0.00368  0.01811  0.02885 -0.01594
0.010000 -0.00267  0.00446  0.01591  0.00171  0.01054
0.010000 -0.03113 -0.02268 -0.00498 -0.00977 -0.05203
0.010000 -0.01781 -0.02403 -0.01200  0.00807 -0.00754
0.010000  0.02760  0.01415  0.01208  0.02793 -0.00660
0.010000  0.00694  0.01006  0.00472  0.00359  0.01812
0.010000 -0.02385 -0.00299 -0.02482 -0.01180  0.00021
0.010000 -0.00340 -0.02331  0.00528  0.00234 -0.01059
0.010000 -0.00196 -0.01245  0.00471 -0.00235  0.00918
0.010000 -0.01863 -0.01226 -0.01341  0.00053 -0.01692
0.010000 -0.00568 -0.01367 -0.01450 -0.01322 -0.01389
0.010000 -0.00055  0.00259  0.01484  0.00919 -0.00792
0.010000 -0.01495 -0.00922  0.00529  0.00510  0.00709
0.010000  0.00813 -0.01755  0.01631 -0.01013  0.00004
0.010000 -0.01561 -0.03194 -0.01692 -0.01366 -0.00161
0.010000  0.01271  0.00364  0.00458 -0.00012 -0.00616
0.010000  0.01809  0.01375 -0.01105 -0.00006 -0.01785
0.010000 -0.00690  0.00586 -0.00789 -0.00257 -0.01008
0.010000 -0.00160 -0.01374  0.01442 -0.00163 -0.00874
0.010000  0.00049 -0.00279 -0.01257  0.00175 -0.00459
0.010000 -0.00529  0.00150 -0.00007  0.00181  0.01645
0.010000 -0.00415  0.00680 -0.00619 -0.00695 -0.01762
0.010000  0.00938 -0.01764  0.00534 -0.01344 -0.05302
0.010000  0.00773  0.00230 -0.01330 -0.00101 -0.02001
0.010000 -0.00304 -0.00857  0.00813 -0.00394  0.00046
