# Scenario generation method from a paper by Hoyland, Kaut & Wallace
# Code by Michal Kaut (michal.kaut@iot.ntnu.n) & Diego Mathieu

#   prob   var  1   var  2   var  3   var  4   var  5
0.010000 -0.01081 -0.04017 -0.01059 -0.01397  0.01023
0.010000 -0.02178 -0.02966 -0.00742 -0.00862 -0.00530
0.010000 -0.02316 -0.01729 -0.02193 -0.02735  0.00064
0.010000 -0.03020 -0.03178 -0.01114 -0.03470  0.01873
0.010000 -0.01675 -0.01536  0.00164 -0.00953  0.07334
0.010000 -0.00161 -0.00381  0.00606  0.01996  0.00516
0.010000 -0.01454  0.00238 -0.01429  0.01707 -0.02423
0.010000  0.00899 -0.00456 -0.00603 -0.02862  0.00622
0.010000 -0.02036  0.00057 -0.01646 -0.01394 -0.02286
0.010000  0.03950  0.01934  0.02146 -0.01571  0.03127
0.010000 -0.02706 -0.05805 -0.01261 -0.01262 -0.00060
0.010000  0.01887  0.00015  0.01124  0.00786  0.02621
0.010000  0.04178  0.04515  0.00135  0.02220 -0.01799
0.010000 -0.00472 -0.01276 -0.01687 -0.03530  0.01320
0.010000 -0.03024 -0.01817 -0.00929 -0.00067 -0.00496
0.010000  0.01247 -0.02122 -0.00402 -0.02383  0.00385
0.010000  0.03589  0.03831 -0.00469  0.00924 -0.02752
0.010000  0.03355  0.01734  0.01715  0.00563  0.02510
0.010000 -0.01821 -0.03824 -0.01309 -0.01341  0.00990
0.010000  0.02079  0.03333  0.00766  0.02267  0.00601
0.010000  0.00076  0.01072  0.00609  0.02324 -0.02746
0.010000  0.00398  0.01976  0.00222  0.01176 -0.01303
0.010000  0.00156 -0.03482 -0.00058 -0.01021  0.02023
0.010000  0.02902  0.01460  0.00096  0.00574 -0.01645
0.010000 -0.00395 -0.03171  0.00590 -0.00404  0.06112
0.010000 -0.00239 -0.00821 -0.00358  0.00908  0.04579
0.010000 -0.00854  0.01268  0.00206  0.00207  0.02411
0.010000  0.02177  0.02507  0.01172  0.01290 -0.01599
0.010000  0.02582  0.03485  0.00794 -0.00282  0.01529
0.010000  0.01071 -0.01216 -0.01772 -0.06632  0.00063
0.010000 -0.01006 -0.01064  0.01164  0.02135  0.00230
0.010000  0.02687  0.01539  0.01780 -0.01081  0.02810
0.010000 -0.02872 -0.01825 -0.00023 -0.00940  0.04025
0.010000  0.00985  0.00414  0.00746 -0.00233  0.01477
0.010000  0.00236 -0.02394  0.01460  0.00427  0.05243
0.010000 -0.01306 -0.02244 -0.00823 -0.03483  0.04079
0.010000  0.02794  0.02813  0.04691  0.02483  0.03715
0.010000  0.03470  0.02091  0.01199 -0.00303 -0.00025
0.010000 -0.02773 -0.00791 -0.01965 -0.01759  0.01662
0.010000 -0.02991 -0.03525 -0.02485 -0.02040  0.02549
0.010000 -0.01922 -0.01583 -0.01133  0.00357 -0.01775
0.010000  0.04324  0.04538  0.00450  0.02213 -0.01843
0.010000 -0.02517 -0.00035 -0.00336  0.00850 -0.00197
0.010000  0.01607  0.02225 -0.01479 -0.00767 -0.02061
0.010000 -0.00702 -0.02937  0.00555 -0.04064  0.04245
0.010000 -0.00317  0.02141 -0.01346  0.02045 -0.01624
0.010000 -0.01528 -0.00111  0.00178  0.00794  0.00135
0.010000 -0.02995 -0.02111 -0.00200  0.02169 -0.02038
0.010000 -0.02820 -0.02658 -0.03028  0.00078 -0.02808
0.010000  0.04068  0.01429  0.01455  0.00446  0.00531
0.010000  0.02276  0.03374  0.02781  0.02320  0.01123
0.010000 -0.01380 -0.02905 -0.00593  0.00480 -0.01306
0.010000  0.01425 -0.00212  0.02028  0.00593  0.05933
0.010000  0.00646  0.01167  0.00497 -0.01099  0.05970
0.010000 -0.03031 -0.03084 -0.02055  0.00453 -0.01116
0.010000  0.01792  0.01469  0.00167 -0.01370  0.02965
0.010000  0.03353  0.02523  0.02918  0.02374 -0.00025
0.010000 -0.00549  0.00653 -0.01141  0.01211 -0.02772
0.010000 -0.02764 -0.04554 -0.01365 -0.02563  0.00679
0.010000  0.03237  0.03413  0.02565  0.00978  0.00914
0.010000  0.01335  0.01590  0.03068  0.02504  0.03595
0.010000  0.01515  0.03369  0.00309  0.02362 -0.02800
0.010000  0.01159  0.01135 -0.01287 -0.01096 -0.01618
0.010000 -0.01602  0.01255  0.00432  0.01793 -0.01976
0.010000 -0.02961 -0.00771 -0.02705 -0.00196 -0.02536
0.010000 -0.01231 -0.03686  0.00833  0.00510  0.06842
0.010000 -0.02107 -0.03320 -0.02731 -0.00791  0.01577
0.010000 -0.02919  0.00399 -0.01540  0.02273 -0.01468
0.010000 -0.00778 -0.00540  0.01944  0.01606  0.00971
0.010000  0.04272  0.03247  0.03717  0.02483  0.03870
0.010000 -0.02384  0.00449 -0.01112  0.01416 -0.02613
0.010000 -0.02645 -0.00976 -0.01165  0.01878 -0.01664
0.010000  0.03709  0.02463  0.01216  0.00806  0.02968
0.010000  0.03124  0.03633  0.02751 -0.02433  0.07547
0.010000 -0.00083 -0.00355 -0.01187 -0.00181 -0.02035
0.010000  0.01699  0.01935  0.00834  0.02225 -0.02831
0.010000  0.01982  0.02004  0.00627  0.02024  0.01089
0.010000 -0.02247  0.00917  0.00711  0.02209 -0.02447
0.010000  0.00814  0.01887 -0.00463 -0.01328 -0.00313
0.010000 -0.01965 -0.03047 -0.00827  0.00520 -0.02013
0.010000 -0.02501 -0.01711 -0.01996  0.00765 -0.02659
0.010000 -0.00930  0.00560 -0.00050  0.02255  0.03830
0.010000  0.00730 -0.01374  0.01450  0.01350  0.02505
0.010000  0.04255  0.03909  0.02371  0.01694 -0.00502
0.010000 -0.00004  0.02638 -0.00337  0.02095 -0.02087
0.010000  0.03012  0.00913  0.02604  0.02093  0.04808
0.010000  0.00480 -0.02719 -0.00084 -0.02921  0.02368
0.010000 -0.01156 -0.00765  0.00762  0.01648 -0.00530
0.010000 -0.00626  0.00891 -0.00171  0.02260 -0.01025
0.010000  0.00342  0.01352 -0.00237  0.00362  0.00204
0.010000  0.03830 -0.00056  0.01609  0.00032  0.00919
0.010000 -0.01893 -0.03164 -0.00035  0.00170  0.01337
0.010000  0.00563  0.00550 -0.00574  0.01348  0.02198
0.010000 -0.02451 -0.06891 -0.01030 -0.02612  0.07556
0.010000  0.02479  0.03867 -0.00070  0.02322 -0.01351
0.010000  0.02377  0.02618  0.00956  0.00910 -0.02006
0.010000 -0.01748 -0.02132 -0.02177 -0.00789 -0.01646
0.010000 -0.02916 -0.03673 -0.00522  0.00085  0.01557
0.010000  0.00317 -0.00328 -0.01406 -0.01554 -0.02299
0.010000 -0.02582 -0.04219  0.00141  0.00243  0.00752
