# Scenario generation method from a paper by Hoyland, Kaut & Wallace
# Code by Michal Kaut (michal.kaut@iot.ntnu.n) & Diego Mathieu

#   prob   var  1   var  2   var  3   var  4   var  5
0.010000 -0.02478 -0.04459 -0.02988  0.00378  0.00821
0.010000 -0.03967  0.03204  0.00039 -0.00882 -0.01830
0.010000 -0.01544 -0.04696 -0.00648 -0.00813 -0.01242
0.010000 -0.00775  0.02159 -0.00241 -0.00068  0.00915
0.010000  0.00177  0.02119  0.00965 -0.01074 -0.00807
0.010000 -0.02376 -0.03295 -0.02968  0.00253 -0.00690
0.010000 -0.01220 -0.00351 -0.00275  0.00722 -0.00309
0.010000 -0.02981 -0.03381 -0.00936 -0.00221 -0.01575
0.010000 -0.02680 -0.00836  0.01148 -0.00080 -0.00943
0.010000  0.02504  0.03953  0.01848 -0.00793 -0.00439
0.010000  0.03908 -0.00666  0.00537  0.00261  0.02053
0.010000 -0.05545 -0.03215 -0.01598  0.00521 -0.00611
0.010000 -0.01329 -0.00183 -0.00626 -0.01731 -0.01865
0.010000  0.00303  0.01213 -0.00361  0.00382 -0.02336
0.010000  0.01244  0.00093  0.01363 -0.00372  0.00919
0.010000 -0.05692 -0.02212 -0.02905 -0.00762 -0.02204
0.010000 -0.02068  0.00459 -0.00594 -0.01310  0.01185
0.010000 -0.00311  0.01440  0.00139 -0.00806 -0.01776
0.010000  0.01536  0.02599 -0.00579 -0.00541  0.00410
0.010000  0.01102 -0.01124 -0.00485  0.01375  0.01001
0.010000  0.03256  0.05856  0.01979  0.00683  0.01804
0.010000 -0.03674  0.00155 -0.00807 -0.01467 -0.02576
0.010000  0.04976  0.05883  0.04372 -0.00554  0.01549
0.010000 -0.02171 -0.02764 -0.00864 -0.01070  0.00145
0.010000 -0.04354 -0.00493 -0.04686 -0.00084  0.01062
0.010000 -0.04161  0.01312 -0.00274 -0.00034 -0.02054
0.010000  0.02331 -0.02052  0.01006  0.00522  0.03932
0.010000 -0.05379 -0.04669 -0.05426 -0.00736 -0.00914
0.010000 -0.05803 -0.01859 -0.00136  0.00774 -0.02503
0.010000 -0.04258  0.04750  0.01279 -0.00023 -0.00305
0.010000 -0.00888  0.00079 -0.04349 -0.00648 -0.01233
0.010000  0.06070 -0.01932  0.01215 -0.01706  0.00969
0.010000 -0.04832 -0.04731 -0.01911 -0.00790 -0.02758
0.010000 -0.05782 -0.00755 -0.01013  0.01118 -0.01750
0.010000 -0.03477 -0.01453 -0.01140  0.00288  0.00823
0.010000 -0.05622 -0.02449 -0.00392  0.00402 -0.01200
0.010000  0.06551  0.04507  0.01918 -0.00620  0.02537
0.010000  0.05301  0.03449  0.03798 -0.00683  0.01514
0.010000 -0.00191 -0.02054 -0.00227 -0.00980  0.00744
0.010000 -0.05202 -0.01817 -0.00537 -0.00476 -0.03109
0.010000 -0.04451 -0.03710 -0.02988 -0.00232 -0.00940
0.010000 -0.04547 -0.03505 -0.01885  0.00387 -0.00612
0.010000 -0.05019  0.02216 -0.00192  0.01458 -0.00294
0.010000 -0.03180 -0.01626 -0.02312 -0.00614 -0.00205
0.010000 -0.05239  0.01652 -0.00329 -0.01488 -0.00380
0.010000 -0.02274 -0.05114 -0.02215 -0.00325 -0.01066
0.010000 -0.03473 -0.03281 -0.00744  0.01634  0.00588
0.010000  0.05661  0.05514  0.02972 -0.01049 -0.00761
0.010000 -0.01860  0.02079  0.01334  0.00346 -0.00151
0.010000 -0.05754 -0.02874 -0.02512  0.01160 -0.00893
0.010000  0.07151  0.01072  0.00400  0.00677  0.02542
0.010000 -0.03081 -0.01533 -0.02322 -0.00964 -0.02157
0.010000  0.04680 -0.02200  0.02041  0.00722  0.00205
0.010000  0.04406  0.01657  0.01909  0.00105  0.00585
0.010000 -0.05111 -0.02368 -0.02410 -0.00650  0.00398
0.010000  0.01389 -0.00708 -0.01011  0.00666 -0.00627
0.010000 -0.05292 -0.05360  0.00081 -0.00147 -0.02198
0.010000 -0.04064 -0.02201 -0.01047  0.00775 -0.02106
0.010000 -0.03280 -0.03996 -0.04938 -0.00134  0.00889
0.010000  0.01687  0.04259  0.01414 -0.00715  0.00559
0.010000 -0.02881 -0.01218  0.00796 -0.00739 -0.01611
0.010000 -0.00070  0.00807 -0.00199  0.01200  0.02926
0.010000 -0.01650 -0.03749 -0.03304 -0.00504 -0.00763
0.010000 -0.05632 -0.05607 -0.03938  0.01181  0.01314
0.010000  0.00052 -0.02877  0.00266 -0.00000  0.00683
0.010000 -0.01000 -0.02212 -0.00715  0.01219  0.00391
0.010000 -0.02579 -0.00127 -0.00558 -0.00330  0.00998
0.010000  0.02682 -0.00739  0.00991  0.01071  0.00969
0.010000  0.03057  0.01843  0.00248 -0.00836 -0.00415
0.010000  0.02001 -0.01003  0.00521  0.00258 -0.00335
0.010000  0.08037  0.02155  0.03172 -0.00648  0.02389
0.010000 -0.00545  0.00110 -0.00296  0.01655 -0.00150
0.010000  0.00826  0.00301 -0.01024 -0.01592 -0.01350
0.010000  0.02164  0.04020 -0.00249 -0.00284 -0.00253
0.010000 -0.03869  0.01896  0.00365 -0.01497  0.01236
0.010000 -0.01437  0.01382 -0.00645  0.00351  0.00806
0.010000 -0.01111 -0.01622 -0.01309 -0.00373  0.00613
0.010000  0.03680  0.03294  0.03516 -0.00478  0.02450
0.010000 -0.04926 -0.00940 -0.00563 -0.00032 -0.02772
0.010000  0.00560  0.01859  0.00689  0.00554  0.02467
0.010000  0.00430  0.02965  0.01347  0.00535  0.00002
0.010000  0.00963  0.01636  0.00479  0.00083  0.00381
0.010000 -0.04642  0.00290 -0.00873 -0.00843  0.00482
0.010000 -0.00429 -0.03106 -0.01158 -0.00057  0.01267
0.010000 -0.05464 -0.02340 -0.01756  0.00711 -0.02765
0.010000 -0.04737 -0.06058 -0.01827  0.00090 -0.00517
0.010000  0.01842 -0.00644  0.01204  0.00961  0.01301
0.010000 -0.03772  0.00369 -0.00520  0.00255 -0.00814
0.010000 -0.05833 -0.03363 -0.01757 -0.00246 -0.00542
0.010000  0.00692 -0.01658  0.00479 -0.00144  0.01720
0.010000  0.04149  0.01862  0.00954 -0.00695  0.00926
0.010000 -0.01755 -0.01873 -0.00580 -0.00888 -0.00862
0.010000 -0.03378 -0.03746 -0.02721 -0.01023 -0.02272
0.010000 -0.02781 -0.01318 -0.01416  0.00303  0.00208
0.010000 -0.03575 -0.03387 -0.02289 -0.00675 -0.01171
0.010000 -0.00661  0.01693 -0.00480  0.00256 -0.00256
0.010000  0.02866  0.00951  0.01316 -0.02074  0.01174
0.010000  0.03463 -0.01085  0.00922 -0.01015  0.02155
0.010000 -0.05833 -0.01130 -0.01327  0.02058  0.00756
0.010000 -0.01964  0.00723  0.00595  0.00866 -0.01341
