# Scenario generation method from a paper by Hoyland, Kaut & Wallace
# Code by Michal Kaut (michal.kaut@iot.ntnu.n) & Diego Mathieu

#   prob   var  1   var  2   var  3   var  4   var  5
0.010000  0.06282  0.00739  0.02854  0.02455 -0.00001
0.010000 -0.00701  0.00245  0.01032  0.00085 -0.03472
0.010000  0.00857  0.03094 -0.00570 -0.01052  0.00238
0.010000  0.02420  0.02661 -0.01633 -0.00034  0.03420
0.010000 -0.05588 -0.00504 -0.00087  0.01315 -0.01565
0.010000  0.03379  0.02042  0.01080 -0.00803  0.01261
0.010000  0.00283  0.00789 -0.00089 -0.00373  0.00612
0.010000  0.05192  0.01519  0.02040  0.01477  0.00699
0.010000  0.01144  0.02497  0.00653  0.00329 -0.00299
0.010000  0.05693 -0.01474  0.00493  0.01987 -0.00713
0.010000 -0.03289  0.02458 -0.00199 -0.00701 -0.03097
0.010000  0.05038  0.00823  0.02670  0.03882  0.00186
0.010000 -0.02867  0.00330  0.00903  0.00504 -0.03121
0.010000  0.04472  0.01135 -0.00467  0.03195  0.03202
0.010000  0.04212  0.00765 -0.00177  0.00661  0.02281
0.010000  0.04890  0.02764  0.00588  0.00409  0.02425
0.010000  0.00187  0.01603 -0.00939 -0.01133  0.01278
0.010000  0.03963  0.01373  0.00841  0.03467  0.02539
0.010000  0.01626  0.00549 -0.01055 -0.01073  0.00388
0.010000  0.00571 -0.01314  0.00044  0.00984 -0.01302
0.010000  0.03048  0.02653  0.00510 -0.00154 -0.03255
0.010000  0.03267 -0.00312  0.02225  0.01317  0.02423
0.010000  0.02318 -0.03521  0.01179  0.00798 -0.00580
0.010000  0.00953  0.01696  0.00078 -0.00328  0.00102
0.010000 -0.04489  0.00953 -0.00781  0.00006 -0.01672
0.010000 -0.03439  0.00752 -0.00201  0.00133 -0.02159
0.010000 -0.01654 -0.02501 -0.01166 -0.00247 -0.03434
0.010000  0.03842  0.00985  0.01558  0.04965  0.02076
0.010000 -0.01880  0.00952  0.00868  0.01003 -0.04026
0.010000  0.02730 -0.00240  0.02274  0.02462  0.01775
0.010000 -0.02113  0.02055 -0.02160 -0.01459 -0.03409
0.010000 -0.01326  0.01712 -0.00419 -0.01148 -0.01231
0.010000  0.03157 -0.00243  0.00300  0.01427  0.00950
0.010000  0.04340  0.02092  0.01939  0.00136  0.03165
0.010000  0.00667  0.06013 -0.00035 -0.01084  0.01449
0.010000  0.01432  0.00742  0.00348  0.00238  0.00830
0.010000  0.06749  0.03725  0.00646  0.00343  0.01556
0.010000 -0.05449 -0.02991 -0.01811 -0.00910 -0.00080
0.010000  0.00380  0.00878 -0.01049 -0.01210 -0.02690
0.010000 -0.02478 -0.00412 -0.02991 -0.01010  0.00582
0.010000  0.05877  0.03915  0.02234  0.01372  0.03370
0.010000 -0.00105  0.01116 -0.00826  0.00068 -0.03163
0.010000 -0.04102 -0.01393 -0.01615 -0.00937 -0.01324
0.010000  0.01335  0.01190 -0.00193 -0.00608  0.00565
0.010000 -0.03594 -0.00577  0.00754  0.00102 -0.02124
0.010000  0.01919  0.04648  0.00538  0.00011 -0.00716
0.010000  0.07110  0.03271  0.02968  0.01860  0.03279
0.010000 -0.01220  0.01031  0.00665  0.00259  0.02212
0.010000  0.02835  0.04130  0.03430  0.04784  0.03492
0.010000 -0.00007 -0.00045 -0.01025 -0.00841  0.00189
0.010000  0.02625 -0.00642 -0.00035  0.02116  0.01379
0.010000 -0.03925 -0.00270  0.01324  0.00207 -0.00075
0.010000 -0.04702  0.01338 -0.00311 -0.01225 -0.00198
0.010000 -0.03004  0.00233 -0.00620  0.00721 -0.00369
0.010000  0.02522  0.02104  0.01111  0.00632 -0.00276
0.010000  0.02941  0.00247 -0.00282  0.00434 -0.03161
0.010000  0.02218 -0.00121  0.00354  0.00506  0.02602
0.010000 -0.01766 -0.00570 -0.02479 -0.00978 -0.00103
0.010000  0.03723  0.04131  0.01114  0.00058  0.00955
0.010000 -0.03756  0.01994 -0.00801 -0.00990 -0.00417
0.010000  0.00090 -0.01591  0.00524  0.00920  0.00489
0.010000  0.07003  0.01803  0.01827  0.01859  0.01779
0.010000  0.01821  0.05469  0.00323 -0.00311  0.00937
0.010000 -0.02232 -0.00605 -0.01851 -0.01666 -0.00091
0.010000  0.06073  0.02136  0.02666  0.01213  0.01234
0.010000 -0.05182 -0.01118 -0.00801 -0.01405 -0.01313
0.010000  0.03606  0.00824  0.01083  0.00618  0.02179
0.010000  0.04747  0.02544  0.00391 -0.00002 -0.00061
0.010000  0.05352  0.02433  0.02239  0.02870  0.03197
0.010000 -0.04290  0.01086 -0.02645 -0.00912  0.00540
0.010000 -0.00600 -0.01393 -0.01283 -0.00174  0.01113
0.010000 -0.00500  0.03915  0.00698  0.01668  0.00773
0.010000 -0.02354 -0.01493 -0.01499 -0.00435 -0.02239
0.010000  0.05518  0.05734  0.01257  0.00047  0.03424
0.010000 -0.02605  0.01594 -0.01788 -0.02076 -0.01749
0.010000  0.01048  0.01395 -0.01617  0.02515  0.02721
0.010000 -0.00803  0.00882 -0.00633 -0.00880 -0.00998
0.010000  0.02118  0.03129  0.00015  0.07742  0.00606
0.010000 -0.01434 -0.00949 -0.01855 -0.00452  0.01939
0.010000 -0.00203  0.03751  0.01195 -0.00541  0.00213
0.010000 -0.04932 -0.01291 -0.01771 -0.01174 -0.02315
0.010000  0.01528  0.03574  0.00738 -0.00350 -0.01512
0.010000  0.03492  0.01325  0.02202  0.01096 -0.02274
0.010000  0.01239  0.08479  0.00757 -0.01079  0.02197
0.010000 -0.01995  0.02007 -0.00891 -0.01260  0.01215
0.010000 -0.00400 -0.00544 -0.00843 -0.00858 -0.00014
0.010000 -0.00906  0.03001 -0.01564 -0.01642  0.01566
0.010000  0.04086  0.01359  0.00290  0.01293  0.02798
0.010000 -0.01114  0.00682  0.00069 -0.00220 -0.01379
0.010000 -0.00301  0.00935  0.00361  0.01994 -0.01318
0.010000  0.06506  0.01570  0.01914  0.01270 -0.00182
0.010000  0.04608  0.03411  0.01934  0.00348  0.00855
0.010000  0.01723  0.01223 -0.00011 -0.00278  0.01287
0.010000 -0.01543 -0.00068 -0.00566 -0.00395 -0.02358
0.010000 -0.01010  0.00918  0.00622  0.00217 -0.05329
0.010000 -0.02734  0.00684 -0.00477 -0.00794  0.00928
0.010000  0.00762  0.00271 -0.01199 -0.01109  0.01646
0.010000  0.02018  0.01970  0.00905  0.01092 -0.01234
0.010000  0.00475  0.01881  0.00179  0.00799 -0.02202
0.010000 -0.03144  0.00845  0.00292 -0.00557  0.01467
