# Scenario generation method from a paper by Hoyland, Kaut & Wallace
# Code by Michal Kaut (michal.kaut@iot.ntnu.n) & Diego Mathieu

#   prob   var  1   var  2   var  3   var  4   var  5
0.010000  0.00746  0.00458 -0.02389 -0.05074  0.01292
0.010000 -0.00128 -0.00777 -0.01360  0.00640  0.00293
0.010000 -0.02253 -0.00600  0.00489 -0.03792  0.00688
0.010000 -0.00190  0.01580  0.01350  0.01437 -0.01427
0.010000  0.01723  0.02477 -0.00080  0.01672 -0.00187
0.010000 -0.04349 -0.02140  0.00710 -0.01923 -0.01501
0.010000  0.01322  0.00916 -0.00385  0.01189 -0.02569
0.010000 -0.05264 -0.04035 -0.01711 -0.03838 -0.02290
0.010000  0.00899  0.00137  0.00694  0.01638  0.01408
0.010000 -0.00373 -0.02830 -0.00065 -0.00405  0.02330
0.010000 -0.00251  0.01721  0.03435  0.02018  0.00314
0.010000  0.02084  0.02709  0.00097  0.01820 -0.00887
0.010000  0.03465  0.02636 -0.01238  0.01717 -0.00598
0.010000 -0.03392 -0.00505 -0.02233 -0.04625  0.01332
0.010000 -0.01836 -0.02951  0.00074 -0.01896 -0.01781
0.010000 -0.03084 -0.02103 -0.01836 -0.04268 -0.01950
0.010000  0.00528  0.01442 -0.02297 -0.00624  0.01457
0.010000  0.00821  0.01605 -0.02364 -0.01018  0.03386
0.010000 -0.00066  0.00283  0.01215  0.01667 -0.00662
0.010000 -0.03285 -0.03550  0.00777 -0.01928 -0.03365
0.010000  0.00672  0.02827 -0.02199 -0.00276 -0.01275
0.010000 -0.06055 -0.04276  0.00892 -0.05370 -0.01335
0.010000 -0.02640  0.00248  0.00620 -0.00019  0.00162
0.010000 -0.01770  0.01443  0.00912  0.00423 -0.02361
0.010000  0.04411  0.02845 -0.01902  0.01035 -0.00320
0.010000 -0.01452 -0.00054  0.00590  0.00675  0.00707
0.010000 -0.00671  0.01073 -0.00474  0.00232 -0.02798
0.010000 -0.01087  0.00227 -0.02406 -0.00476 -0.01458
0.010000 -0.00312  0.00156 -0.00416  0.00447 -0.04067
0.010000 -0.01903 -0.02258  0.00517 -0.00803 -0.00810
0.010000 -0.03182 -0.02132 -0.00506 -0.00646 -0.00433
0.010000 -0.00003  0.00063 -0.02548  0.00259  0.02443
0.010000 -0.04536 -0.03705  0.01175 -0.02075 -0.03780
0.010000 -0.01390 -0.00177 -0.00770 -0.03678 -0.02937
0.010000  0.02719  0.02082 -0.06151  0.00255  0.00828
0.010000 -0.00849 -0.02024  0.01026  0.00956  0.00960
0.010000 -0.00968 -0.01317 -0.02700 -0.02309 -0.02269
0.010000  0.00458  0.00300  0.00674  0.00165 -0.00867
0.010000 -0.00433 -0.00086  0.00048  0.00146  0.01866
0.010000 -0.01577  0.00520 -0.02024 -0.00628 -0.01191
0.010000 -0.06722 -0.06353 -0.00430 -0.05567 -0.01392
0.010000  0.01836  0.00864  0.00959  0.01835 -0.01081
0.010000 -0.02559 -0.03665 -0.02588 -0.01717 -0.03205
0.010000 -0.01641  0.01345 -0.00245 -0.00003 -0.00848
0.010000  0.01232  0.04672  0.01650  0.01899  0.00258
0.010000 -0.02809 -0.02240  0.00854 -0.01223  0.01293
0.010000  0.03848  0.04788  0.01132  0.01970  0.00137
0.010000 -0.03504 -0.01769 -0.02346 -0.05146  0.01357
0.010000 -0.01329 -0.00390  0.01232  0.00733 -0.02827
0.010000  0.00060  0.00136  0.00849  0.01524 -0.01145
0.010000 -0.00790 -0.01558 -0.01222 -0.02274 -0.01975
0.010000 -0.04745 -0.03425 -0.01548 -0.04785 -0.02862
0.010000 -0.01207 -0.00173  0.00252  0.00236 -0.00105
0.010000 -0.03623 -0.00972 -0.00488 -0.01454 -0.04014
0.010000  0.00322 -0.00466 -0.01618  0.00229  0.02429
0.010000 -0.04026 -0.03233 -0.01979 -0.02135 -0.02904
0.010000 -0.02723 -0.01038 -0.00430 -0.05153 -0.00976
0.010000  0.02371  0.02309 -0.02120  0.00432 -0.00433
0.010000  0.05767  0.03898 -0.00136  0.02073 -0.00835
0.010000 -0.02040 -0.01985 -0.02299 -0.04598 -0.02640
0.010000 -0.08354 -0.05265  0.00358 -0.09352 -0.01871
0.010000  0.00255 -0.01130 -0.00283 -0.00536  0.01501
0.010000  0.01416  0.00846 -0.01163  0.01223  0.00912
0.010000  0.00599  0.00624  0.00654  0.01632 -0.00239
0.010000 -0.03882 -0.04007 -0.02251 -0.03051 -0.04094
0.010000 -0.04180 -0.03833 -0.01569 -0.02307 -0.03234
0.010000  0.01061 -0.00822  0.00462  0.01382 -0.00644
0.010000  0.01514 -0.00111  0.00955  0.00632 -0.00414
0.010000 -0.02989 -0.02948 -0.00310 -0.02892 -0.03230
0.010000  0.02222  0.02283 -0.01313  0.01284 -0.02943
0.010000 -0.00908  0.01724 -0.00600 -0.00169 -0.00154
0.010000 -0.02110 -0.00905 -0.00178 -0.01981  0.00352
0.010000  0.00125  0.01317  0.01372  0.01375 -0.02049
0.010000 -0.01971 -0.01360 -0.00400 -0.02014 -0.00891
0.010000 -0.01268 -0.01056  0.00999  0.00836  0.00926
0.010000 -0.00493 -0.00493 -0.02432 -0.04838 -0.00001
0.010000  0.03170  0.00771  0.00977  0.00566  0.01910
0.010000  0.02536 -0.01821  0.00610  0.01804  0.00937
0.010000 -0.01705 -0.00298 -0.01077 -0.01215  0.00105
0.010000 -0.00553  0.00956 -0.01579 -0.01392 -0.01989
0.010000  0.01145  0.05261  0.01442  0.01598  0.00113
0.010000  0.01616  0.01408  0.01274  0.01707 -0.01008
0.010000 -0.01514 -0.03224 -0.02676 -0.01909 -0.01857
0.010000 -0.01147  0.00489 -0.01389 -0.02529  0.00488
0.010000  0.02927  0.01093 -0.02766  0.01028 -0.02133
0.010000 -0.00731 -0.00211  0.00637  0.00091  0.00620
0.010000 -0.04983 -0.01312 -0.01674 -0.05347  0.01670
0.010000  0.00979  0.06975 -0.01697 -0.01894  0.00367
0.010000 -0.02181 -0.01778 -0.02124 -0.03052 -0.01226
0.010000  0.00190  0.00632 -0.01226  0.00090 -0.01961
0.010000 -0.01027 -0.01000  0.01221 -0.01351 -0.00058
0.010000 -0.02403  0.01220 -0.02070 -0.02202 -0.00597
0.010000 -0.02480 -0.01985  0.01192 -0.00134  0.00063
0.010000 -0.05607 -0.03429 -0.01863 -0.04239 -0.02766
0.010000 -0.00612 -0.01288 -0.01006  0.00816 -0.00703
0.010000  0.00389 -0.01535  0.00786  0.01686  0.00361
0.010000 -0.02327 -0.02768 -0.01972 -0.03498 -0.01956
0.010000 -0.03749 -0.02763 -0.00709 -0.05569 -0.01281
0.010000  0.01956  0.00263 -0.00326  0.01474 -0.00780
0.010000 -0.02897 -0.01070 -0.01785 -0.01990 -0.01514
