# Scenario generation method from a paper by Hoyland, Kaut & Wallace
# Code by Michal Kaut (michal.kaut@iot.ntnu.n) & Diego Mathieu

#   prob   var  1   var  2   var  3   var  4   var  5
0.010000  0.04330  0.02095  0.00399  0.01267  0.02344
0.010000 -0.05046  0.00753 -0.00438  0.00945 -0.02341
0.010000 -0.06182 -0.04192 -0.01463 -0.00217 -0.02873
0.010000 -0.00232 -0.01477 -0.00297 -0.00894 -0.01268
0.010000  0.04249  0.05721  0.01158 -0.00255 -0.01274
0.010000  0.02622  0.00615  0.00848 -0.01133 -0.01541
0.010000 -0.02437  0.03385  0.00783  0.02875 -0.00367
0.010000 -0.02657 -0.05645 -0.01800 -0.01144 -0.00142
0.010000 -0.05851  0.00986  0.00504 -0.01086  0.00246
0.010000  0.04997 -0.02470 -0.01611  0.00843  0.01846
0.010000  0.00696 -0.01238  0.00623 -0.01521  0.00776
0.010000 -0.04115 -0.05575 -0.02390 -0.00726 -0.00978
0.010000  0.01683  0.03247  0.01164 -0.00563  0.00712
0.010000 -0.05954  0.00454 -0.00485 -0.00164  0.01294
0.010000  0.00816 -0.00564  0.00883 -0.00035 -0.01333
0.010000  0.04674  0.02082  0.01286 -0.01588 -0.00812
0.010000 -0.05742 -0.03134 -0.01003  0.00257  0.00418
0.010000 -0.05282 -0.01819 -0.01151 -0.01228 -0.01448
0.010000  0.01429  0.02290  0.00638  0.00311  0.02408
0.010000 -0.01343  0.00885  0.00672  0.00561 -0.02117
0.010000 -0.04230 -0.04000 -0.01387  0.01653 -0.01681
0.010000  0.00936  0.02200  0.01244  0.00174  0.00978
0.010000 -0.05164  0.01753 -0.01401 -0.00503  0.00672
0.010000 -0.03887 -0.01629 -0.04297  0.01331  0.01385
0.010000  0.00342  0.01838 -0.01147 -0.01596  0.00663
0.010000 -0.05515 -0.02000 -0.03231 -0.00303 -0.01125
0.010000 -0.02108  0.00448 -0.00107 -0.01362  0.00437
0.010000  0.05115  0.05730  0.01116 -0.01338  0.00658
0.010000 -0.03547 -0.01583 -0.00829  0.01882 -0.01064
0.010000  0.03510  0.01462  0.01162 -0.01042  0.02669
0.010000 -0.03773 -0.01511 -0.00321 -0.01051 -0.02447
0.010000 -0.00119 -0.02938 -0.01287 -0.00456 -0.00181
0.010000  0.01304  0.01551 -0.00503  0.00107 -0.00601
0.010000 -0.01233  0.01232  0.00583 -0.00308  0.01096
0.010000  0.01058 -0.01620 -0.00241  0.00335  0.00150
0.010000 -0.06113 -0.03661 -0.03218  0.00381 -0.00056
0.010000 -0.04345 -0.02479 -0.02172 -0.00250 -0.00498
0.010000 -0.00681 -0.00850  0.00184  0.00628 -0.00233
0.010000 -0.01452  0.01284  0.00965 -0.00334  0.00902
0.010000  0.00226 -0.01323 -0.03378 -0.00415  0.00344
0.010000 -0.04001  0.00789  0.00495  0.01696  0.00866
0.010000  0.02482 -0.01399  0.00180  0.01817  0.00122
0.010000  0.01181 -0.01838  0.00401 -0.01133 -0.00543
0.010000  0.03993 -0.01811 -0.01260 -0.00462  0.01366
0.010000  0.04160 -0.00028  0.01185 -0.01142  0.01472
0.010000  0.00460  0.00654  0.01049 -0.01101 -0.00957
0.010000  0.03829  0.00202  0.00344 -0.00918  0.02452
0.010000 -0.02547 -0.00668 -0.01769 -0.00772 -0.01205
0.010000 -0.03211 -0.00353  0.00502 -0.00735 -0.02595
0.010000 -0.03660 -0.00958 -0.00633 -0.01364 -0.00361
0.010000  0.04842  0.03344  0.01388  0.00121  0.02445
0.010000 -0.05801 -0.02654 -0.01528 -0.01030 -0.00872
0.010000 -0.00345 -0.00088  0.00513 -0.00219  0.01807
0.010000  0.03668  0.01358  0.01090  0.02163  0.01440
0.010000 -0.06193 -0.03569 -0.02848 -0.00374 -0.00812
0.010000 -0.02878 -0.05247 -0.01477 -0.00761 -0.01814
0.010000 -0.05630 -0.01597 -0.02168  0.00177 -0.02422
0.010000  0.03204  0.03732  0.01358 -0.00434 -0.01070
0.010000  0.01556 -0.02654  0.00284  0.00097  0.00659
0.010000 -0.04929 -0.04046 -0.01101  0.01509 -0.00989
0.010000  0.02908  0.03766  0.01423 -0.01581  0.00237
0.010000  0.01943 -0.00350  0.00494 -0.00039  0.02002
0.010000 -0.04461 -0.03414 -0.01386  0.01221 -0.01997
0.010000 -0.00458  0.00644 -0.00892 -0.00765  0.01356
0.010000  0.02764  0.03423  0.01258  0.00851 -0.00815
0.010000 -0.02327  0.01487  0.00573 -0.01322 -0.00868
0.010000 -0.00004  0.01900  0.01060 -0.00320  0.01048
0.010000 -0.01014 -0.01724 -0.03033 -0.00520  0.00389
0.010000 -0.06048 -0.01667 -0.06144  0.00111  0.01064
0.010000  0.04502 -0.00524  0.00950 -0.01227  0.00189
0.010000 -0.04101 -0.04018 -0.02640  0.01139  0.00442
0.010000  0.00111  0.02568  0.01188 -0.00917 -0.00743
0.010000  0.05116  0.00743 -0.00140 -0.00991  0.01518
0.010000 -0.00903  0.03207  0.00729  0.00597 -0.01072
0.010000  0.01812 -0.00020 -0.00818  0.01992  0.01331
0.010000 -0.02767 -0.02066 -0.02355 -0.00571 -0.00398
0.010000 -0.04811 -0.01262 -0.03645 -0.01076  0.00513
0.010000  0.00577  0.01596 -0.02243  0.01119  0.01695
0.010000 -0.02218 -0.00447 -0.00939  0.00482 -0.00038
0.010000 -0.01780 -0.01639  0.00155 -0.00283 -0.02750
0.010000 -0.06127 -0.03946 -0.03448  0.00644 -0.03313
0.010000 -0.01561  0.03274  0.00880  0.00085 -0.02580
0.010000 -0.01671 -0.05446 -0.03319  0.00873  0.00491
0.010000 -0.01124 -0.00581  0.00093  0.00763 -0.00602
0.010000 -0.03100  0.00746 -0.01027  0.00183 -0.02788
0.010000 -0.01999 -0.03574 -0.00589 -0.00565 -0.01541
0.010000  0.03054 -0.01596 -0.00589  0.00114  0.01240
0.010000  0.03355  0.03018  0.01005  0.01102  0.01061
0.010000 -0.02989 -0.03510 -0.00405  0.00660 -0.00994
0.010000 -0.00793  0.02555 -0.00249  0.00450  0.01277
0.010000  0.02075  0.03867  0.01243  0.00194 -0.00606
0.010000  0.02345  0.01496 -0.01007 -0.00203  0.00491
0.010000 -0.01889 -0.03307 -0.02314  0.00945 -0.01954
0.010000 -0.04694  0.03493 -0.00205 -0.00925 -0.00984
0.010000 -0.03323 -0.03971 -0.02829 -0.00354  0.01319
0.010000 -0.00570 -0.00374 -0.01003 -0.00419 -0.01795
0.010000 -0.05399 -0.06006 -0.03332  0.00215  0.00270
0.010000 -0.03435 -0.01161 -0.01170 -0.01029 -0.00943
0.010000 -0.04578 -0.03403 -0.03520  0.00165  0.00451
0.010000  0.02209  0.06285  0.01508 -0.00790 -0.00402
