# Scenario generation method from a paper by Hoyland, Kaut & Wallace
# Code by Michal Kaut (michal.kaut@iot.ntnu.n) & Diego Mathieu

#   prob   var  1   var  2   var  3   var  4   var  5
0.010000  0.07059  0.03017  0.05565  0.05336  0.02054
0.010000  0.00131 -0.03216  0.01563  0.00427 -0.00592
0.010000 -0.01352 -0.07955  0.02781  0.01089 -0.02015
0.010000  0.01045  0.01728 -0.01407 -0.01573 -0.01577
0.010000 -0.02314 -0.01023  0.01664  0.00433 -0.03515
0.010000  0.04231  0.01925  0.00187  0.01545 -0.02924
0.010000  0.01272 -0.01011 -0.00568 -0.00705 -0.03679
0.010000  0.00474  0.00191  0.01482  0.00226  0.03231
0.010000  0.01196 -0.00077  0.00181 -0.00436 -0.04041
0.010000  0.09009  0.04577  0.07100  0.08050  0.08988
0.010000  0.06263  0.01911  0.04252  0.02297 -0.00968
0.010000  0.04030  0.02373  0.00425  0.00001  0.03294
0.010000 -0.07022 -0.06066 -0.03516 -0.02248 -0.05636
0.010000 -0.00344 -0.00455 -0.01968 -0.02548 -0.02080
0.010000 -0.00004 -0.00034  0.01703  0.05385  0.06101
0.010000  0.02211  0.02787  0.02977  0.00890  0.02515
0.010000  0.03230  0.00610  0.00214  0.00378  0.02120
0.010000  0.00199 -0.00873 -0.01599 -0.01955 -0.02431
0.010000  0.01674  0.01222 -0.00775 -0.00920 -0.01611
0.010000  0.02849 -0.00096  0.04066  0.02522  0.03872
0.010000  0.01591  0.01083  0.00399  0.01024  0.02370
0.010000  0.04701 -0.00619  0.01002  0.00743  0.00084
0.010000  0.02733  0.03581  0.02688  0.00671  0.05687
0.010000 -0.02637 -0.02061 -0.01627 -0.01526 -0.00885
0.010000  0.01120 -0.00123  0.03960  0.02158 -0.02082
0.010000  0.02024  0.00930 -0.01108 -0.01912  0.00257
0.010000 -0.01124 -0.01661  0.03136  0.01489  0.01375
0.010000  0.00755  0.00598  0.03411  0.01613  0.02711
0.010000  0.00684 -0.00521 -0.00784  0.00830 -0.01094
0.010000 -0.01591 -0.00358  0.00501 -0.00015  0.06359
0.010000  0.02309 -0.00372  0.04570  0.01545  0.02997
0.010000 -0.00140 -0.01023 -0.01725 -0.00629  0.02610
0.010000  0.02970  0.01127 -0.00660 -0.01152 -0.03932
0.010000  0.03677  0.01701  0.00627 -0.00417  0.04847
0.010000 -0.01050 -0.01693 -0.01832 -0.01364 -0.04431
0.010000 -0.02024 -0.01833  0.02295 -0.00124  0.04984
0.010000 -0.00904  0.00545  0.00870 -0.01046  0.06076
0.010000 -0.00691 -0.00528  0.01646 -0.00420  0.04581
0.010000 -0.04057 -0.01726 -0.03042 -0.02665 -0.01926
0.010000  0.04985  0.03391  0.00340 -0.00992  0.02820
0.010000  0.00267  0.02002 -0.01328 -0.01625  0.06163
0.010000 -0.03834 -0.01363 -0.02250 -0.01428 -0.03868
0.010000 -0.00208 -0.00011  0.00576 -0.00569 -0.00664
0.010000 -0.00551 -0.01105 -0.01733 -0.00817 -0.04738
0.010000 -0.01510 -0.00620 -0.00470 -0.01313 -0.03476
0.010000  0.00826 -0.01099  0.03732  0.06174  0.02680
0.010000 -0.02754 -0.00280 -0.01384 -0.02310 -0.00456
0.010000 -0.02214 -0.00941 -0.00539 -0.00858 -0.02048
0.010000 -0.01933 -0.00922  0.01621 -0.00256  0.00261
0.010000 -0.02878 -0.00909 -0.02497 -0.02086 -0.04439
0.010000  0.02116  0.01204  0.00402 -0.00631 -0.04175
0.010000 -0.01275 -0.01614 -0.00302 -0.00760 -0.00377
0.010000 -0.01845 -0.01362 -0.01186 -0.01753 -0.01895
0.010000 -0.00833 -0.00733 -0.01768 -0.00986  0.03550
0.010000 -0.01674 -0.02908  0.02974  0.01035  0.03133
0.010000 -0.01431 -0.00005 -0.02389 -0.02534  0.00335
0.010000  0.00972  0.01217 -0.01835  0.03199 -0.01057
0.010000  0.03370  0.02526  0.00169 -0.01571  0.03387
0.010000  0.05728  0.02759  0.06214  0.02775  0.02479
0.010000 -0.05623  0.00417 -0.03646 -0.04666  0.00817
0.010000  0.01933 -0.00058  0.01358  0.01865 -0.02375
0.010000 -0.03637 -0.02368 -0.02805 -0.02743 -0.05380
0.010000 -0.01758 -0.01036  0.01612 -0.00363 -0.01111
0.010000  0.05319  0.04551  0.01254  0.00599  0.05528
0.010000  0.04452  0.02497 -0.00201 -0.01441  0.00849
0.010000  0.01429  0.00028  0.03662  0.01080  0.06440
0.010000  0.02410  0.02225  0.04150  0.01703 -0.00041
0.010000 -0.00482 -0.00362 -0.01675 -0.02362 -0.04741
0.010000 -0.01199 -0.00732 -0.01441  0.00576  0.00230
0.010000  0.02514  0.01843  0.03329  0.06318 -0.00708
0.010000 -0.04630 -0.02235 -0.03220 -0.03026 -0.05567
0.010000 -0.02525 -0.01225  0.05997  0.02469  0.04852
0.010000  0.03847  0.01373  0.03344  0.00975 -0.01854
0.010000  0.00405  0.00630 -0.00997 -0.01528 -0.02019
0.010000 -0.00276 -0.00683  0.01993 -0.00171 -0.00015
0.010000 -0.04316 -0.01976 -0.01242 -0.01135 -0.01101
0.010000  0.01845  0.01267  0.00358 -0.00897  0.04276
0.010000 -0.02118 -0.00844  0.01831 -0.00658 -0.00935
0.010000 -0.00977 -0.00231 -0.01244  0.00867  0.02087
0.010000  0.00336  0.00057  0.01171  0.00649  0.02549
0.010000  0.02621  0.00303  0.01269 -0.00682  0.02769
0.010000  0.00899 -0.00096  0.03149  0.01688  0.03339
0.010000  0.03518  0.01736 -0.00524 -0.01510 -0.00166
0.010000 -0.02417 -0.02927 -0.00874  0.00993 -0.05317
0.010000 -0.00762 -0.00812  0.00232  0.00079  0.00582
0.010000 -0.03148 -0.02050 -0.01117 -0.01845 -0.04754
0.010000  0.00613  0.02901 -0.00984 -0.02436 -0.01735
0.010000 -0.03460 -0.01918 -0.01391 -0.00848 -0.03207
0.010000 -0.00072 -0.01860  0.03948  0.02907  0.01208
0.010000  0.03097  0.01697 -0.00541 -0.00839  0.03608
0.010000 -0.00413 -0.00510 -0.02007 -0.01938 -0.02893
0.010000 -0.03009 -0.01919 -0.02146 -0.01174  0.01816
0.010000 -0.05034 -0.01985 -0.02705 -0.01738 -0.05642
0.010000 -0.03298 -0.04490  0.00605  0.01504  0.02363
0.010000  0.01758  0.00095  0.01956  0.02612  0.04955
0.010000  0.01350 -0.01064  0.02486  0.03863  0.03153
0.010000 -0.00621 -0.00426  0.00650 -0.00553 -0.00578
0.010000  0.00543 -0.00208  0.00593 -0.00485  0.05604
0.010000  0.00064 -0.00832 -0.01469  0.00521 -0.02046
0.010000  0.01509 -0.00165 -0.00654 -0.01760 -0.04958
