# Scenario generation method from a paper by Hoyland, Kaut & Wallace
# Code by Michal Kaut (michal.kaut@iot.ntnu.n) & Diego Mathieu

#   prob   var  1   var  2   var  3   var  4   var  5
0.010000 -0.00677 -0.01007 -0.00219 -0.01411  0.00080
0.010000 -0.02957 -0.02847 -0.00548 -0.01819  0.00402
0.010000 -0.02479 -0.02077 -0.01399 -0.02306 -0.02255
0.010000 -0.00942 -0.01414  0.00647 -0.01330 -0.01700
0.010000 -0.00527 -0.00319 -0.01200 -0.02092  0.00010
0.010000 -0.01292 -0.01109  0.00114 -0.00422 -0.04163
0.010000  0.01023  0.00479  0.01784  0.00970 -0.01506
0.010000 -0.00383 -0.00651 -0.00710 -0.01394 -0.00339
0.010000  0.01187  0.03099 -0.01371 -0.01497 -0.01813
0.010000  0.00259  0.00130 -0.01298 -0.01784  0.02397
0.010000  0.01365  0.03482  0.03690  0.04128 -0.01149
0.010000  0.00214  0.01425 -0.01812 -0.02157 -0.01332
0.010000 -0.01111 -0.01175 -0.00657 -0.01299 -0.00753
0.010000 -0.00479  0.00658 -0.00671  0.02136  0.01615
0.010000 -0.00336  0.00059  0.00098 -0.02085 -0.04525
0.010000  0.00627  0.00490 -0.00031 -0.00944 -0.00165
0.010000 -0.00997 -0.01611 -0.01371 -0.02522  0.01044
0.010000 -0.03603 -0.03516 -0.00756 -0.02913 -0.01539
0.010000 -0.03251 -0.03117 -0.00423 -0.02818  0.01737
0.010000 -0.02703 -0.02016  0.00429 -0.01753  0.00505
0.010000 -0.03810 -0.03721 -0.01277 -0.02790 -0.02916
0.010000  0.01638 -0.02537  0.00714  0.01950 -0.02175
0.010000  0.02091  0.04588 -0.00749  0.00321  0.01919
0.010000  0.03835  0.00005  0.00701  0.02029  0.00942
0.010000  0.00869  0.02738 -0.00742 -0.01192  0.01588
0.010000  0.01798  0.02719 -0.00035  0.02859 -0.00895
0.010000 -0.00887 -0.00822 -0.01116 -0.02643 -0.00780
0.010000 -0.04643 -0.04736 -0.01574 -0.04212 -0.02391
0.010000  0.00304 -0.00701 -0.00585 -0.01329 -0.03137
0.010000 -0.02009 -0.02544  0.01890 -0.00482 -0.03050
0.010000 -0.03418 -0.01990 -0.01440 -0.03201 -0.00118
0.010000  0.01245  0.01570 -0.00112 -0.00395 -0.02992
0.010000 -0.01485 -0.01629 -0.01075 -0.02010 -0.03157
0.010000 -0.00196 -0.00283 -0.00689 -0.01391 -0.01952
0.010000 -0.01695 -0.01391 -0.01152 -0.02326 -0.01233
0.010000 -0.01623 -0.01955  0.00619 -0.01396  0.00807
0.010000  0.00971 -0.00368 -0.00124  0.00872  0.01378
0.010000  0.01131 -0.00138  0.01511  0.00810 -0.02050
0.010000 -0.00728 -0.01396  0.00246 -0.00560  0.00891
0.010000 -0.01355 -0.01952 -0.00008  0.00620  0.02422
0.010000 -0.05592 -0.03953 -0.01458 -0.03670 -0.01110
0.010000 -0.04044 -0.04060  0.00349 -0.02011  0.00490
0.010000 -0.01419 -0.01705  0.01056 -0.00234  0.01316
0.010000  0.00395 -0.01179  0.02332  0.00496 -0.03101
0.010000  0.01495  0.01144  0.01899  0.04061 -0.01622
0.010000 -0.02278 -0.00180 -0.02209 -0.04537  0.01730
0.010000  0.00722 -0.00710  0.00268  0.04241 -0.00608
0.010000  0.00168  0.01712  0.01443  0.03694 -0.00224
0.010000  0.00580  0.00474 -0.00569 -0.00229  0.02758
0.010000 -0.00289  0.00166 -0.01335 -0.00910 -0.01542
0.010000 -0.00833 -0.00754 -0.00423 -0.01555  0.00004
0.010000  0.00441  0.00798 -0.00026 -0.00003 -0.01892
0.010000 -0.00577 -0.01088  0.02383  0.01080 -0.03146
0.010000 -0.00058 -0.00700 -0.00183 -0.00923 -0.00152
0.010000 -0.01926 -0.01782 -0.01583 -0.03276 -0.01101
0.010000 -0.01170 -0.01153 -0.00057 -0.01036 -0.03441
0.010000 -0.01846 -0.01707 -0.00436 -0.01758 -0.00932
0.010000 -0.00013 -0.00750 -0.00534 -0.02082 -0.00788
0.010000 -0.03098 -0.02273 -0.01262 -0.03054 -0.00609
0.010000  0.01887  0.00340  0.00655  0.01747 -0.00167
0.010000 -0.05049 -0.05063 -0.01534 -0.04020 -0.03428
0.010000  0.02352  0.02975  0.00355  0.01937  0.01214
0.010000  0.02739  0.03855  0.00020  0.01568 -0.02924
0.010000  0.01984  0.03304  0.00306  0.01479 -0.01075
0.010000 -0.02184 -0.02190  0.00846  0.01189 -0.02408
0.010000 -0.00430  0.00852  0.01529  0.01345 -0.00704
0.010000  0.00487 -0.00397  0.01537 -0.00096 -0.04121
0.010000  0.01715  0.01079 -0.00161 -0.00086  0.01209
0.010000 -0.02588 -0.01136 -0.02084 -0.03049 -0.02117
0.010000 -0.01769 -0.01056 -0.01460 -0.02247 -0.00945
0.010000  0.00674  0.02224 -0.00012 -0.00292 -0.00143
0.010000 -0.00150 -0.00051 -0.00950 -0.01384 -0.03275
0.010000 -0.00781 -0.01212  0.01744  0.00006 -0.01928
0.010000 -0.02376 -0.02076 -0.00450 -0.02460 -0.00227
0.010000  0.01304  0.01056  0.00266  0.00846  0.00548
0.010000 -0.02826 -0.02837 -0.01509 -0.03092 -0.01523
0.010000 -0.01553 -0.01646 -0.00672 -0.01520  0.01155
0.010000  0.02521  0.04643  0.00732  0.01175  0.02463
0.010000  0.00350  0.00289  0.01378  0.03759 -0.00789
0.010000  0.02212  0.04506 -0.00341  0.01391 -0.00366
0.010000 -0.00627 -0.01487  0.00654 -0.00638 -0.01397
0.010000 -0.00242 -0.00746  0.00059 -0.00663  0.00029
0.010000  0.00078  0.00445 -0.01429 -0.01445  0.00374
0.010000 -0.01230 -0.01725  0.01222 -0.00445 -0.02305
0.010000 -0.02095 -0.01287 -0.00702 -0.01581 -0.02203
0.010000  0.03058  0.06503  0.01343  0.04520  0.00791
0.010000  0.01076  0.02186  0.00081 -0.00260 -0.01675
0.010000 -0.04317 -0.00989 -0.01363 -0.03564 -0.03412
0.010000  0.00123 -0.00077  0.00207  0.00075  0.00922
0.010000 -0.08567 -0.00855 -0.02983 -0.06364 -0.03395
0.010000 -0.06423 -0.07296 -0.01520 -0.03460 -0.03764
0.010000  0.00033  0.00777 -0.01107 -0.00496 -0.00811
0.010000  0.00533 -0.00321  0.00290  0.09823  0.01018
0.010000 -0.00104 -0.00757  0.01538  0.00361 -0.00458
0.010000  0.00819  0.02514  0.00228 -0.00317  0.01828
0.010000  0.00919 -0.00214 -0.00103 -0.00626  0.00428
0.010000  0.01429  0.02598 -0.00575 -0.00482 -0.01629
0.010000  0.00770  0.01928 -0.00467 -0.00365  0.01025
0.010000 -0.01054 -0.01634  0.00496 -0.00774 -0.01494
0.010000  0.01565  0.00612  0.01366  0.01912 -0.01312
