# Scenario generation method from a paper by Hoyland, Kaut & Wallace
# Code by Michal Kaut (michal.kaut@iot.ntnu.n) & Diego Mathieu

#   prob   var  1   var  2   var  3   var  4   var  5
0.010000 -0.02791 -0.00344 -0.01391 -0.02443  0.03727
0.010000  0.05521  0.05018  0.01966 -0.01888 -0.00232
0.010000 -0.01307 -0.02120 -0.01017 -0.01286  0.06874
0.010000 -0.01829 -0.01016 -0.01882  0.00670 -0.02193
0.010000 -0.02758 -0.02663 -0.00749  0.00573  0.02231
0.010000 -0.01629 -0.00713 -0.01097 -0.01972  0.02053
0.010000 -0.00085 -0.02072  0.00512  0.01228 -0.02005
0.010000 -0.00176 -0.01640 -0.00404 -0.01658 -0.00859
0.010000 -0.02221 -0.04486 -0.02373 -0.01527 -0.00363
0.010000  0.05029  0.03469  0.04554  0.01296  0.03308
0.010000 -0.02805 -0.04445 -0.00676 -0.01852  0.01138
0.010000 -0.01861 -0.04974 -0.01108  0.00221  0.02581
0.010000 -0.02579 -0.07048 -0.02993 -0.02104  0.01847
0.010000  0.02891 -0.00512  0.01564  0.02145  0.00462
0.010000  0.00008  0.00527  0.02628  0.00721  0.04775
0.010000  0.05435  0.02647  0.04815  0.00750  0.09714
0.010000 -0.02288 -0.02991 -0.01676  0.00731 -0.00641
0.010000  0.00679  0.02457 -0.00766  0.01326  0.04535
0.010000  0.00980  0.00005 -0.00756  0.00622  0.03047
0.010000  0.05182  0.02811  0.03578  0.01666  0.02906
0.010000 -0.02587 -0.03868  0.00121  0.01179  0.03305
0.010000 -0.01057 -0.05325 -0.00205  0.00734  0.05809
0.010000  0.01942  0.03075  0.00259 -0.05531  0.04721
0.010000  0.01831  0.00265  0.02303  0.00973  0.05287
0.010000 -0.01470  0.00106 -0.01598  0.01215 -0.03181
0.010000 -0.02009 -0.01819 -0.00847 -0.02890  0.00281
0.010000  0.00778  0.01156 -0.00602  0.00582 -0.02059
0.010000  0.04561  0.03492  0.02646  0.02692  0.04753
0.010000  0.02286  0.01626  0.00281  0.00213  0.00285
0.010000  0.01396  0.00319  0.00611 -0.00675  0.03880
0.010000 -0.02189 -0.01571  0.00805  0.00838 -0.00302
0.010000  0.04873  0.04897  0.01988  0.01544  0.03663
0.010000 -0.02750 -0.04648 -0.01329 -0.03159  0.04608
0.010000  0.00879 -0.00847  0.00786  0.01122  0.01677
0.010000 -0.01785  0.02288 -0.01300 -0.02350  0.00395
0.010000  0.01503  0.00360  0.01655  0.00267  0.05207
0.010000 -0.00107 -0.01635 -0.00665  0.00879  0.02370
0.010000  0.05450  0.03002  0.01548  0.00752 -0.00641
0.010000  0.04716  0.01684  0.02128 -0.00928  0.01575
0.010000 -0.00800 -0.00056  0.00691  0.00760 -0.00982
0.010000  0.02644  0.05249  0.01321  0.01020 -0.02835
0.010000 -0.00267 -0.00265 -0.00488  0.00687 -0.01894
0.010000 -0.02683 -0.06198 -0.01172 -0.00614  0.04884
0.010000  0.03277  0.05142  0.02335 -0.00737  0.00800
0.010000  0.00580 -0.00023 -0.00574 -0.00192 -0.01824
0.010000  0.00290 -0.03323 -0.00089 -0.03092  0.03945
0.010000  0.04408  0.06777  0.03318  0.01086 -0.00775
0.010000  0.03822  0.01079  0.01062  0.01857 -0.02605
0.010000  0.04258 -0.00084  0.01127 -0.00730  0.05072
0.010000 -0.01936 -0.04325 -0.01763 -0.01599 -0.02022
0.010000 -0.01550 -0.03598 -0.01651 -0.05587  0.05312
0.010000 -0.00625 -0.03568 -0.00879 -0.01387 -0.01640
0.010000  0.02404  0.02029  0.01550  0.00427  0.04836
0.010000 -0.00713  0.00451  0.02736  0.01333  0.02511
0.010000  0.01611  0.03136  0.01066  0.00963 -0.02906
0.010000  0.03018  0.03785  0.01787  0.00691  0.06159
0.010000  0.02767  0.01898  0.02593  0.02011  0.00736
0.010000  0.01083 -0.00503 -0.00455  0.00052  0.04219
0.010000  0.04260  0.04954  0.02328  0.01692  0.04086
0.010000 -0.02786 -0.04370 -0.01956 -0.01417  0.02762
0.010000  0.03545 -0.00227  0.04272  0.00221  0.06560
0.010000 -0.00536 -0.00941  0.00404  0.01279  0.01346
0.010000 -0.01141 -0.00792 -0.00099 -0.01528  0.01034
0.010000 -0.00972 -0.02474 -0.00928 -0.00380  0.00485
0.010000  0.03410  0.00350  0.01129  0.01139  0.05287
0.010000 -0.02637 -0.01302  0.00022  0.01018 -0.00022
0.010000 -0.01708 -0.03197 -0.01695 -0.01854 -0.00926
0.010000 -0.02810 -0.03732 -0.00733 -0.01536  0.01824
0.010000  0.01720  0.06749  0.01243  0.00505  0.04642
0.010000 -0.02353 -0.04820 -0.00152 -0.01616  0.05250
0.010000 -0.02081 -0.01769 -0.00543 -0.00325  0.03058
0.010000 -0.02152  0.00487 -0.02364 -0.02318  0.02722
0.010000 -0.02423 -0.05132 -0.01302  0.00559 -0.02304
0.010000  0.01186  0.04766  0.00230  0.01415 -0.01774
0.010000  0.03965  0.00035  0.02372  0.02175  0.06648
0.010000  0.02056  0.01188  0.00495  0.00940 -0.00804
0.010000  0.02170  0.01576  0.01148  0.00438  0.02138
0.010000  0.01291 -0.00840  0.01341  0.02312  0.00567
0.010000 -0.02724 -0.06066  0.00554  0.00092  0.03138
0.010000  0.00195 -0.04039  0.00250  0.00549  0.00745
0.010000 -0.00886 -0.00389  0.01438  0.00804 -0.01745
0.010000  0.03146  0.05978  0.02736  0.02165 -0.00663
0.010000 -0.02476  0.00951 -0.01970 -0.00949  0.00030
0.010000 -0.02416 -0.00963 -0.01821 -0.01143  0.00452
0.010000 -0.01224  0.01861 -0.00135  0.00864  0.03918
0.010000 -0.01389 -0.01064  0.00756  0.01249 -0.01722
0.010000 -0.02814 -0.00482 -0.00914 -0.00117  0.00842
0.010000 -0.00447  0.00933  0.00861  0.00853 -0.00820
0.010000  0.03855  0.02284  0.04788  0.02602  0.04956
0.010000 -0.02533 -0.00736 -0.01961 -0.01637  0.06363
0.010000  0.03682  0.05320  0.00624 -0.00667 -0.01562
0.010000 -0.01236 -0.02268  0.00670  0.00549  0.04781
0.010000  0.00483 -0.00377 -0.00084  0.00046  0.00028
0.010000  0.05326  0.05986  0.03225 -0.00608  0.03568
0.010000  0.02523 -0.00357  0.02886  0.01928  0.04571
0.010000  0.00386  0.00429 -0.01095 -0.00323  0.03886
0.010000 -0.02683 -0.02547 -0.00154 -0.00093  0.02761
0.010000 -0.00358 -0.01579  0.00797 -0.03095  0.06053
0.010000  0.04110  0.02995  0.02951 -0.00580  0.07856
0.010000  0.00101 -0.02719 -0.00194  0.00473  0.00279
