# Scenario generation method from a paper by Hoyland, Kaut & Wallace
# Code by Michal Kaut (michal.kaut@iot.ntnu.n) & Diego Mathieu

#   prob   var  1   var  2   var  3   var  4   var  5
0.010000 -0.03453 -0.02877 -0.00007  0.00313  0.00276
0.010000  0.06963  0.00632  0.05406  0.01929  0.09242
0.010000 -0.00707 -0.01212 -0.01154  0.00300  0.00166
0.010000 -0.02524 -0.02521 -0.00168  0.04961  0.05316
0.010000 -0.01187 -0.02484 -0.00824  0.06791 -0.04829
0.010000  0.05918  0.03807  0.04732  0.03246  0.06968
0.010000 -0.03679  0.00069  0.01498  0.07471  0.02596
0.010000  0.00837  0.00547 -0.00453  0.06563  0.01344
0.010000 -0.00288  0.00264 -0.00953 -0.01296  0.04407
0.010000 -0.00113 -0.00411 -0.00695  0.06222  0.00140
0.010000 -0.03076 -0.02845 -0.01752  0.06571 -0.05023
0.010000 -0.00458 -0.01709 -0.00967 -0.01199  0.01398
0.010000 -0.02382 -0.03725 -0.01599  0.00427  0.02361
0.010000 -0.02735 -0.01469 -0.01760  0.06068 -0.05138
0.010000  0.01729 -0.02230 -0.00155 -0.00153 -0.00400
0.010000  0.02109 -0.00688  0.00821  0.07526  0.00194
0.010000 -0.00625 -0.00836 -0.01055 -0.01303 -0.04234
0.010000 -0.00870  0.01258 -0.01008  0.01945 -0.02228
0.010000 -0.03509 -0.02495 -0.00108 -0.00112  0.03999
0.010000  0.00440 -0.00277 -0.00698 -0.01292 -0.02883
0.010000 -0.03690 -0.01745  0.02095  0.01933 -0.00717
0.010000  0.03703  0.00177  0.01519  0.03805  0.02334
0.010000  0.01491 -0.01763 -0.00197  0.05884 -0.00368
0.010000 -0.03334  0.00808 -0.01953 -0.01603  0.01477
0.010000 -0.03009 -0.00685 -0.01825 -0.00986 -0.06149
0.010000  0.06382  0.02557  0.05017  0.04130  0.04938
0.010000 -0.00789 -0.02227 -0.01284 -0.01211  0.02235
0.010000 -0.01265 -0.00293 -0.00977 -0.01235 -0.02735
0.010000  0.01377 -0.02209  0.00339  0.00928 -0.01679
0.010000 -0.03142 -0.02444 -0.01780 -0.01342 -0.04089
0.010000 -0.01572 -0.03708 -0.00683 -0.00629 -0.04718
0.010000 -0.02238  0.01389 -0.01225  0.05906  0.02903
0.010000  0.01979 -0.00339  0.00132 -0.00571 -0.02073
0.010000 -0.02942 -0.01979 -0.00846  0.05955 -0.01941
0.010000 -0.03534 -0.01921 -0.01416 -0.01118  0.03308
0.010000  0.03510  0.00993  0.01496  0.03845  0.06533
0.010000 -0.03208 -0.00261 -0.01929 -0.01551  0.06137
0.010000  0.05186  0.03016  0.03938  0.00062  0.01609
0.010000  0.01154 -0.01804  0.00349  0.05149 -0.03757
0.010000 -0.03648 -0.01202  0.01002  0.02736 -0.01920
0.010000 -0.02804 -0.01044 -0.00243 -0.00301  0.05658
0.010000 -0.02019 -0.01582 -0.00650 -0.00886  0.04937
0.010000  0.04609  0.01872  0.02741  0.03073 -0.01919
0.010000 -0.01108 -0.01393 -0.00929 -0.01149  0.06744
0.010000 -0.02165 -0.00883 -0.01710  0.06000  0.01536
0.010000  0.02986  0.00578  0.00870  0.04544  0.04149
0.010000  0.01609  0.01064  0.00889  0.00312  0.05116
0.010000 -0.01797 -0.01196 -0.00614 -0.00935 -0.02730
0.010000  0.09454  0.02837  0.07879  0.04558  0.04063
0.010000  0.04883  0.02630  0.03665  0.00063  0.01581
0.010000 -0.01419 -0.00645 -0.00880 -0.01182 -0.01754
0.010000  0.04124  0.00132  0.02553  0.01151 -0.01147
0.010000 -0.01647  0.01234 -0.00876 -0.01363 -0.02039
0.010000 -0.02453 -0.02687 -0.01817 -0.00478 -0.05322
0.010000  0.00158  0.01005 -0.00717 -0.01396  0.06898
0.010000 -0.03647 -0.04677 -0.01684  0.07179  0.00506
0.010000  0.02244 -0.01675  0.00179  0.07064 -0.02267
0.010000 -0.02665 -0.02166 -0.01451 -0.01226 -0.05509
0.010000 -0.03608  0.00412 -0.01125  0.01698  0.00887
0.010000  0.03907  0.01916  0.02065 -0.00725 -0.00947
0.010000 -0.02092 -0.00672 -0.01044 -0.01102  0.02444
0.010000  0.07771  0.01377  0.06370  0.09062  0.03902
0.010000 -0.00542  0.01023 -0.01070 -0.01483 -0.02898
0.010000 -0.02012 -0.01409 -0.00670 -0.00860 -0.04481
0.010000  0.01264 -0.00564 -0.01579  0.03735 -0.02696
0.010000 -0.02595 -0.00740 -0.00921 -0.01107 -0.04550
0.010000  0.00066 -0.00859 -0.00895 -0.01279 -0.00447
0.010000 -0.00201 -0.01210 -0.00968 -0.01092 -0.04109
0.010000  0.03153  0.01139  0.01120  0.05429  0.07692
0.010000  0.00537  0.00921 -0.00496 -0.01340 -0.01008
0.010000  0.00941 -0.00756 -0.00419  0.00307 -0.02623
0.010000 -0.01723 -0.01406 -0.01584 -0.01230 -0.04880
0.010000 -0.03272 -0.03233 -0.00909  0.03662 -0.04850
0.010000 -0.01496  0.00096 -0.01255 -0.00424 -0.05707
0.010000  0.01047 -0.00910  0.00095  0.03930  0.07373
0.010000 -0.01342  0.00820 -0.01348  0.01634 -0.01378
0.010000 -0.00950  0.00446 -0.01010 -0.01304  0.01151
0.010000  0.02382  0.00294  0.00712  0.06821 -0.03832
0.010000  0.00735 -0.01324 -0.00612  0.00125 -0.04925
0.010000  0.02826 -0.00470  0.00700  0.00255  0.04506
0.010000 -0.02310  0.00324 -0.00393  0.03912 -0.04369
0.010000  0.00635 -0.00477 -0.00547  0.06316 -0.04571
0.010000  0.05527  0.01174  0.03791  0.00945  0.06001
0.010000  0.01852  0.00474  0.00103 -0.01120  0.06587
0.010000  0.03327  0.02112  0.01590 -0.00791  0.02529
0.010000 -0.02873 -0.01105 -0.00920 -0.00987 -0.04656
0.010000 -0.01029 -0.00608 -0.01337  0.00438  0.00923
0.010000 -0.00373 -0.00880 -0.01092 -0.01319  0.00912
0.010000  0.00250  0.00416 -0.00750 -0.00495  0.04138
0.010000 -0.01946 -0.03202 -0.00739  0.04809 -0.03795
0.010000  0.04357 -0.00432  0.02436  0.04117 -0.02900
0.010000 -0.03249 -0.00493  0.00600  0.07274  0.00013
0.010000 -0.03561 -0.03527  0.01558  0.04874 -0.01637
0.010000 -0.03395 -0.01401  0.00851  0.01875 -0.02070
0.010000  0.02525  0.00579  0.00607  0.07130  0.01395
0.010000 -0.03695 -0.00497 -0.01885 -0.01494  0.03964
0.010000  0.02673 -0.00764  0.00706 -0.00517  0.07761
0.010000  0.00344  0.00664 -0.00491 -0.00742 -0.03727
0.010000 -0.01872  0.02401 -0.00908  0.00558 -0.00510
0.010000 -0.00024  0.00046 -0.00671  0.01793 -0.02371
