# Scenario generation method from a paper by Hoyland, Kaut & Wallace
# Code by Michal Kaut (michal.kaut@iot.ntnu.n) & Diego Mathieu

#   prob   var  1   var  2   var  3   var  4   var  5
0.010000  0.00502  0.01729  0.01298  0.00276  0.04833
0.010000  0.04438 -0.00586  0.04776 -0.00009  0.07938
0.010000  0.01121  0.00187  0.03905 -0.01271  0.01920
0.010000  0.03985  0.03680  0.02658  0.01344  0.08455
0.010000  0.01709  0.03058  0.02652  0.02579 -0.01364
0.010000 -0.02288 -0.01049  0.02443 -0.00030 -0.00271
0.010000 -0.03419 -0.00992 -0.02527  0.00097  0.00158
0.010000  0.01264  0.00765  0.01890 -0.00212 -0.00283
0.010000 -0.01241  0.00743 -0.01108  0.01844 -0.01672
0.010000 -0.03265 -0.01762 -0.01344  0.00772 -0.02282
0.010000 -0.00161  0.00469 -0.01305  0.00685 -0.02671
0.010000 -0.01033 -0.01234 -0.01052 -0.01773 -0.00464
0.010000  0.03709  0.02312  0.01402  0.01294 -0.01389
0.010000 -0.00896  0.00576 -0.01916  0.01323 -0.02043
0.010000 -0.03173 -0.03687 -0.02609 -0.00203 -0.03088
0.010000 -0.00492  0.01308  0.00146  0.02254  0.00667
0.010000 -0.03012 -0.03179 -0.01435 -0.01834 -0.02084
0.010000  0.03230 -0.00115  0.02468 -0.02618  0.01163
0.010000 -0.00360  0.00007 -0.00798 -0.00462 -0.00078
0.010000  0.00368  0.01494  0.04659  0.02737  0.02965
0.010000  0.04390  0.04779  0.02360  0.02752 -0.01375
0.010000 -0.01525 -0.00629 -0.01248  0.00893 -0.01320
0.010000  0.01336  0.02289  0.02254  0.02170 -0.00216
0.010000  0.02024  0.02907  0.00247  0.00877 -0.01876
0.010000 -0.00426  0.00386  0.02476  0.02214  0.03621
0.010000  0.02915  0.02423  0.01372 -0.00063  0.02108
0.010000 -0.00029 -0.00907  0.01044  0.01342 -0.00937
0.010000  0.00301  0.01560  0.01109  0.02163 -0.01301
0.010000 -0.02986 -0.02362 -0.01182  0.00248  0.01528
0.010000  0.01633  0.00621  0.02808  0.01630  0.03561
0.010000 -0.01382 -0.01129  0.00059  0.01521  0.00760
0.010000 -0.02370  0.00156 -0.01427  0.02002  0.06289
0.010000 -0.01671  0.00340 -0.01578  0.00019 -0.02736
0.010000 -0.02625 -0.00984 -0.01331  0.01403 -0.00708
0.010000  0.03122  0.02899 -0.00199  0.01355 -0.02124
0.010000 -0.01453  0.01368  0.01323  0.02375 -0.01945
0.010000 -0.02454 -0.03354 -0.00111 -0.03439  0.02706
0.010000 -0.01895 -0.01287  0.01178  0.00153  0.01197
0.010000  0.00169  0.02468 -0.00131  0.01827 -0.02323
0.010000  0.00911  0.02709 -0.00620 -0.00246  0.03851
0.010000 -0.00095 -0.01396 -0.01348 -0.02116  0.01929
0.010000  0.02627  0.01071  0.03259  0.00172  0.02733
0.010000 -0.00626 -0.02362 -0.00814 -0.00832  0.01785
0.010000 -0.00227 -0.01431 -0.00620 -0.03726  0.04228
0.010000  0.02359  0.03283  0.00689  0.01942  0.01422
0.010000  0.01558  0.03130  0.00955  0.01769 -0.00915
0.010000  0.02273  0.03321  0.02802  0.02594 -0.00341
0.010000 -0.02713 -0.02210 -0.02187 -0.02704 -0.01921
0.010000  0.01483 -0.00247  0.00897 -0.02409  0.00182
0.010000  0.00569 -0.00911  0.01344 -0.03149 -0.00268
0.010000  0.00103 -0.03185 -0.00993 -0.00602 -0.01542
0.010000  0.01192 -0.00980 -0.00005 -0.01203  0.03729
0.010000 -0.01102 -0.04943 -0.01189 -0.01806  0.00266
0.010000  0.03459  0.03259  0.01407  0.02202  0.05024
0.010000 -0.03429 -0.02577 -0.02346  0.00149 -0.01308
0.010000  0.03017  0.02423 -0.00110 -0.01665 -0.02520
0.010000 -0.00964  0.00811  0.04573  0.02391  0.06934
0.010000  0.00981  0.00601  0.00241  0.01065 -0.00833
0.010000 -0.01972 -0.00491  0.00239  0.00939  0.00925
0.010000 -0.01597 -0.00730  0.00718 -0.01560  0.01342
0.010000 -0.00760  0.02394 -0.01257  0.02451 -0.04205
0.010000  0.01944  0.03015  0.04260  0.00356  0.02334
0.010000  0.00705  0.02858 -0.00431  0.02204 -0.02887
0.010000  0.01409  0.01601  0.02094 -0.00143  0.00920
0.010000  0.01786  0.02007  0.00708  0.01606 -0.00167
0.010000  0.02721  0.02969  0.01145  0.01527  0.02204
0.010000  0.02536  0.02438 -0.00214  0.01670  0.02393
0.010000 -0.03079 -0.01826 -0.01338 -0.00105 -0.00185
0.010000 -0.02207 -0.02343  0.00339 -0.00170  0.00988
0.010000 -0.02893 -0.05530  0.00544 -0.01394  0.03291
0.010000  0.02106  0.01313  0.00553  0.01360 -0.01719
0.010000 -0.02538 -0.02846 -0.02393 -0.03771 -0.01719
0.010000 -0.03351 -0.05840 -0.02184 -0.00632  0.03952
0.010000  0.00637  0.01601  0.02951  0.02539  0.00611
0.010000  0.02817  0.01032  0.00422 -0.01133  0.00507
0.010000  0.04135  0.03483  0.00353  0.00909 -0.01732
0.010000 -0.02049  0.00744 -0.02069  0.01931 -0.01645
0.010000  0.04291  0.04297  0.00898 -0.00319  0.01588
0.010000 -0.00559  0.00704 -0.01297  0.01688  0.01107
0.010000  0.03342  0.02647  0.04916  0.02057  0.00157
0.010000 -0.00293 -0.00107  0.00234  0.01558  0.02908
0.010000  0.01051  0.00969 -0.00794 -0.06484  0.05362
0.010000  0.00842  0.00665  0.00765  0.00492  0.00143
0.010000  0.00037 -0.02135  0.00169  0.00460  0.01259
0.010000  0.03844  0.02202  0.03972  0.02005  0.04787
0.010000  0.02446  0.00414 -0.00130  0.00463  0.02068
0.010000  0.02188  0.01487  0.01486  0.01520 -0.00741
0.010000 -0.00828 -0.02676 -0.02302 -0.01679 -0.01611
0.010000 -0.02802 -0.01089 -0.01157 -0.01415 -0.00186
0.010000  0.00235 -0.00627 -0.01858 -0.02146 -0.02662
0.010000 -0.01819 -0.01556  0.00932  0.01012  0.00504
0.010000  0.00435  0.01998  0.03669  0.02255  0.00247
0.010000 -0.00693 -0.03394 -0.02116 -0.04291  0.01069
0.010000 -0.01171  0.00016  0.00207  0.01832 -0.01569
0.010000  0.03581  0.03810  0.03253  0.02434 -0.00193
0.010000  0.00773 -0.01008 -0.01233 -0.02789 -0.01124
0.010000 -0.01745  0.01583 -0.01119  0.02479 -0.03408
0.010000  0.01864  0.00463 -0.01052  0.00567  0.00449
0.010000 -0.01311 -0.00665  0.00142  0.00592  0.00576
0.010000 -0.02128 -0.02153 -0.02293  0.00126 -0.00461
