# Scenario generation method from a paper by Hoyland, Kaut & Wallace
# Code by Michal Kaut (michal.kaut@iot.ntnu.n) & Diego Mathieu

#   prob   var  1   var  2   var  3   var  4   var  5
0.010000  0.00788  0.00670  0.00231 -0.00420 -0.01404
0.010000 -0.00454 -0.02334 -0.02288 -0.01512 -0.00281
0.010000 -0.01306 -0.02184  0.00066 -0.00469 -0.00956
0.010000  0.00334  0.01039  0.01032  0.00323 -0.00362
0.010000 -0.02748 -0.03049  0.00238 -0.00044 -0.00332
0.010000  0.00285 -0.02001  0.00402  0.00240  0.00840
0.010000 -0.00157  0.00527 -0.02350 -0.02249 -0.03948
0.010000 -0.00917  0.00455 -0.00339 -0.02565 -0.02721
0.010000 -0.01191 -0.02565 -0.01138 -0.01331 -0.02336
0.010000 -0.02652 -0.01269 -0.02772 -0.02959 -0.02015
0.010000  0.00999  0.01099 -0.00895  0.02453  0.00622
0.010000  0.01639  0.01758  0.01440 -0.00490  0.00018
0.010000  0.00685  0.00958  0.00111 -0.00586 -0.00305
0.010000 -0.01248 -0.01982 -0.00219 -0.00812 -0.00791
0.010000 -0.02954 -0.03018 -0.01455  0.00484 -0.00930
0.010000  0.01576  0.00833  0.00677 -0.00573 -0.00855
0.010000 -0.00404 -0.00653 -0.01063 -0.01903 -0.03170
0.010000 -0.00305 -0.00486  0.00043 -0.00374  0.01632
0.010000 -0.02473 -0.01997 -0.02225 -0.02154  0.00844
0.010000  0.01334  0.01872  0.01190 -0.00272 -0.01565
0.010000 -0.00108 -0.00188 -0.00501 -0.01487 -0.00640
0.010000 -0.02848 -0.02438  0.00231 -0.00420  0.00867
0.010000  0.02342 -0.00141  0.02960  0.05698  0.01067
0.010000  0.01053 -0.01186  0.01190  0.09229 -0.00138
0.010000 -0.01080 -0.02227 -0.02506 -0.03244 -0.01732
0.010000  0.01108  0.01311  0.00759  0.00427 -0.01733
0.010000  0.00384 -0.00482 -0.00837 -0.00826 -0.00070
0.010000  0.00737  0.00516  0.00102  0.01625 -0.00201
0.010000  0.00584  0.00623 -0.01225 -0.01549 -0.04739
0.010000 -0.00059  0.00884  0.00740  0.00326 -0.03046
0.010000 -0.00864  0.00921 -0.00786 -0.02221 -0.01576
0.010000 -0.01606 -0.02499 -0.01878 -0.00557  0.00609
0.010000  0.00483 -0.00563  0.00939  0.06421 -0.00035
0.010000  0.00433 -0.00677 -0.01127  0.01346 -0.02150
0.010000  0.01452 -0.00088 -0.00162  0.00509 -0.01588
0.010000  0.01163  0.01872 -0.00865  0.00640 -0.00402
0.010000  0.00634  0.00806  0.01480  0.00845 -0.01194
0.010000 -0.00971 -0.00193  0.00537  0.00821  0.01688
0.010000 -0.02561 -0.01905  0.00113 -0.01607 -0.01603
0.010000  0.01910  0.00271  0.01201 -0.00147  0.00602
0.010000 -0.02308 -0.00899 -0.00878 -0.02112 -0.01138
0.010000 -0.00656 -0.00863 -0.00186 -0.00371 -0.01350
0.010000 -0.00759 -0.02076  0.00024 -0.01359 -0.00802
0.010000  0.00946 -0.00358  0.01499  0.03208 -0.04060
0.010000  0.01983 -0.00041  0.00534  0.04520  0.00263
0.010000 -0.00554 -0.01101 -0.03387 -0.01434 -0.02548
0.010000  0.01393  0.01232  0.00902  0.01694 -0.02612
0.010000 -0.02006 -0.02274 -0.01681 -0.01492  0.00788
0.010000 -0.03316 -0.03260 -0.01656 -0.01173 -0.00732
0.010000 -0.00354 -0.00298  0.00038  0.02093  0.01746
0.010000  0.02286  0.02168 -0.00454 -0.00536 -0.00950
0.010000 -0.01544  0.00262  0.00084 -0.00988 -0.01666
0.010000  0.01219 -0.00382  0.00244 -0.00159 -0.02411
0.010000  0.01704  0.02091  0.00362 -0.00900 -0.01967
0.010000  0.00137  0.01248  0.03830  0.01125 -0.02505
0.010000 -0.01423 -0.00001  0.00337  0.00257  0.00319
0.010000  0.01276  0.01103 -0.00255 -0.01295 -0.03444
0.010000  0.00186  0.00294  0.00487  0.00790 -0.01204
0.010000 -0.00605 -0.02088 -0.00683 -0.01080  0.01011
0.010000 -0.01867 -0.00884  0.01403  0.00611 -0.02103
0.010000  0.00840  0.00556  0.00963  0.00440 -0.00545
0.010000 -0.01670 -0.00245 -0.01768 -0.01425  0.01405
0.010000 -0.01734  0.00382 -0.00397 -0.02339 -0.01690
0.010000  0.02134  0.01464  0.01028  0.00395  0.00165
0.010000 -0.03791 -0.01342  0.00303  0.01776 -0.00409
0.010000 -0.03187 -0.02895 -0.03620 -0.03315 -0.01288
0.010000 -0.03615 -0.01488 -0.05176 -0.03748 -0.00592
0.010000 -0.01364 -0.02932 -0.01516 -0.01440  0.01727
0.010000 -0.02152  0.00013 -0.00644  0.00119  0.03199
0.010000 -0.02078  0.00177 -0.00779 -0.02407 -0.02213
0.010000 -0.01025 -0.00611 -0.00957 -0.01263 -0.00661
0.010000 -0.00504  0.00005 -0.00827 -0.01654  0.00331
0.010000  0.00039  0.01048  0.00125  0.03821  0.01897
0.010000  0.01840 -0.00720  0.00518  0.01910 -0.01249
0.010000  0.01513  0.02179  0.02857  0.01816 -0.01088
0.010000 -0.02229 -0.01717 -0.00647 -0.02285 -0.02645
0.010000 -0.01936 -0.01994 -0.00224 -0.02243 -0.01886
0.010000  0.00235  0.01656  0.00502 -0.01168 -0.03155
0.010000 -0.03066 -0.02654 -0.01856 -0.02432 -0.00952
0.010000 -0.02389 -0.00853 -0.00304 -0.01382 -0.03587
0.010000 -0.04246 -0.03176  0.00821 -0.00653 -0.01451
0.010000 -0.00206  0.01220 -0.00368 -0.00206  0.02106
0.010000 -0.01135 -0.01261 -0.00513 -0.01084 -0.00076
0.010000 -0.05193 -0.03495 -0.01777 -0.02981 -0.00768
0.010000 -0.00707 -0.00294  0.01538  0.01114  0.00678
0.010000 -0.03996 -0.01315 -0.00737 -0.02591  0.01145
0.010000 -0.00255  0.00114  0.00063 -0.00246 -0.00181
0.010000  0.02212  0.01888  0.00628  0.01460 -0.01806
0.010000 -0.01800 -0.02041  0.00900  0.00814 -0.01331
0.010000 -0.00010 -0.00444  0.01260  0.01193 -0.01831
0.010000  0.00088  0.00722 -0.01643  0.00077 -0.00179
0.010000  0.02220 -0.00098  0.00859  0.01663 -0.01982
0.010000  0.00893 -0.00163  0.00003  0.01091  0.00842
0.010000 -0.04578 -0.02948 -0.02798 -0.03410 -0.00278
0.010000  0.01771  0.00989  0.00206 -0.00273 -0.00669
0.010000 -0.00811  0.00795 -0.00353 -0.01326 -0.01312
0.010000 -0.01483 -0.01630 -0.01410 -0.01290 -0.03907
0.010000  0.02058  0.01956  0.02235  0.01265 -0.00276
0.010000 -0.03458 -0.02413  0.00095 -0.01631  0.00026
0.010000  0.00533 -0.00200 -0.00627 -0.01071  0.00213
