# Scenario generation method from a paper by Hoyland, Kaut & Wallace
# Code by Michal Kaut (michal.kaut@iot.ntnu.n) & Diego Mathieu

#   prob   var  1   var  2   var  3   var  4   var  5
0.010000  0.03125  0.03404 -0.01481  0.00986  0.01135
0.010000 -0.00414 -0.01977 -0.01652 -0.00085 -0.00466
0.010000 -0.00122  0.02380 -0.00225  0.00291 -0.01932
0.010000  0.05578  0.03070  0.01061 -0.01479  0.00084
0.010000  0.00907  0.01263 -0.00214  0.00792  0.00071
0.010000  0.00561  0.00585  0.00935  0.00946 -0.02989
0.010000 -0.02246 -0.01552 -0.00467 -0.00850 -0.01666
0.010000 -0.01296 -0.01061  0.01183 -0.01697 -0.01134
0.010000 -0.01114 -0.01418  0.00611  0.00495 -0.03585
0.010000 -0.00003 -0.00677  0.00301 -0.01218  0.01942
0.010000 -0.00588  0.01248  0.00733 -0.00276  0.02062
0.010000 -0.03143 -0.04538 -0.00372 -0.01038 -0.01619
0.010000  0.01565 -0.02154 -0.02895 -0.02500  0.01094
0.010000 -0.03038 -0.00988 -0.00203 -0.01574 -0.00653
0.010000 -0.06061 -0.02326 -0.01894 -0.07151  0.00023
0.010000 -0.01358 -0.00760  0.01111  0.00475  0.01777
0.010000  0.01661  0.01799 -0.00444  0.00926 -0.02694
0.010000 -0.02937 -0.03235  0.00499 -0.02437  0.00464
0.010000 -0.00472 -0.00515 -0.00136  0.00355 -0.02301
0.010000  0.00981  0.01360 -0.02189  0.00004 -0.03164
0.010000 -0.01678 -0.00924 -0.00906 -0.02416 -0.01798
0.010000  0.01472 -0.00026  0.01276  0.01200 -0.02135
0.010000 -0.04443 -0.02021 -0.00423 -0.06351 -0.01611
0.010000  0.00118  0.00727 -0.00987  0.00410  0.02111
0.010000  0.01135  0.01189  0.00190  0.00824  0.00137
0.010000 -0.02570 -0.02720  0.00717 -0.01525 -0.03829
0.010000  0.00765  0.00218 -0.01129  0.00318 -0.01368
0.010000  0.03763  0.01547 -0.01050  0.00852  0.00166
0.010000  0.01983  0.00862 -0.00631  0.01082  0.01267
0.010000  0.02701  0.01955  0.00380  0.00839 -0.02563
0.010000  0.02529  0.02018 -0.00069  0.01123 -0.00642
0.010000  0.00303  0.01257 -0.00564  0.00553 -0.01648
0.010000 -0.02485 -0.01236  0.00416 -0.00592  0.00294
0.010000 -0.05579 -0.04206 -0.01765 -0.06659 -0.03933
0.010000 -0.02747 -0.04011 -0.00247 -0.00651  0.00694
0.010000  0.01870 -0.00288 -0.02566  0.00218  0.01966
0.010000 -0.01612  0.00979 -0.00275 -0.00470 -0.01371
0.010000 -0.01420  0.00210  0.00846 -0.02038  0.00509
0.010000 -0.02022 -0.02983  0.01529  0.00473 -0.01112
0.010000 -0.00646 -0.01423 -0.00107  0.00478 -0.02734
0.010000 -0.01484 -0.00964 -0.00399 -0.00186 -0.01705
0.010000 -0.04915 -0.05374 -0.00110 -0.04160 -0.01554
0.010000 -0.00995 -0.00355  0.00729 -0.01056 -0.00378
0.010000 -0.04070 -0.03182 -0.00087 -0.02707 -0.01913
0.010000 -0.00063  0.03868 -0.03054 -0.01292  0.01233
0.010000 -0.00298 -0.01998 -0.01034 -0.03050 -0.02556
0.010000  0.00366  0.00734 -0.02030  0.00069 -0.00578
0.010000 -0.01547 -0.01530 -0.02446 -0.01649 -0.02053
0.010000 -0.00181  0.00103 -0.00532  0.00425  0.00213
0.010000  0.01298  0.07441  0.00285  0.00559  0.02064
0.010000 -0.01174 -0.01673 -0.00702  0.00016 -0.00374
0.010000 -0.01235 -0.01342 -0.00723 -0.00360 -0.02397
0.010000 -0.05213 -0.02294 -0.01170 -0.06241 -0.00675
0.010000 -0.00356 -0.01626  0.00149  0.00676 -0.00613
0.010000 -0.01744  0.01746 -0.00489 -0.01281 -0.00671
0.010000 -0.03369 -0.03824 -0.03822 -0.04925  0.00183
0.010000  0.02233  0.02811 -0.00740  0.00992 -0.01849
0.010000  0.01057  0.03741 -0.00088  0.00725 -0.02677
0.010000 -0.00703 -0.01003 -0.01232 -0.03591 -0.01881
0.010000 -0.01951  0.00068  0.00259 -0.00811  0.00709
0.010000  0.02374  0.03122 -0.02597  0.00697 -0.02825
0.010000 -0.02095 -0.00756 -0.02126 -0.02153  0.01331
0.010000 -0.03253 -0.03540 -0.03485 -0.05305 -0.02113
0.010000  0.00835  0.02115 -0.04194 -0.00798 -0.00635
0.010000 -0.00761 -0.00833  0.00440 -0.00090 -0.00795
0.010000 -0.00819 -0.01350 -0.00795 -0.00448  0.00132
0.010000 -0.03909 -0.03189 -0.02363 -0.04681 -0.00765
0.010000 -0.08577 -0.06578  0.00522 -0.07181 -0.02920
0.010000  0.01763  0.02609 -0.01286  0.00808  0.03373
0.010000 -0.00240  0.01620  0.02070  0.00827 -0.01107
0.010000  0.02103  0.00567 -0.05550 -0.00238  0.00221
0.010000  0.01384  0.00447 -0.00939  0.00880 -0.03758
0.010000  0.01215  0.01322 -0.00838  0.00659  0.00249
0.010000  0.00627  0.00420 -0.00502  0.00670  0.00371
0.010000 -0.02169 -0.02234 -0.00873 -0.01649  0.00676
0.010000  0.00695 -0.01755  0.01353  0.01134  0.00038
0.010000 -0.02403 -0.00856  0.00265 -0.00584 -0.02300
0.010000 -0.04247 -0.03033  0.00828 -0.03733 -0.02787
0.010000  0.03403  0.02875  0.00178  0.00702  0.00253
0.010000 -0.00530 -0.00584 -0.01448 -0.00784  0.00869
0.010000 -0.02657 -0.02704 -0.01348 -0.03172 -0.01437
0.010000 -0.04663 -0.02019 -0.01489 -0.05320 -0.03067
0.010000 -0.01881 -0.00569  0.00397 -0.02297  0.01512
0.010000 -0.01055 -0.01155 -0.01857 -0.00930 -0.03999
0.010000 -0.02323  0.00974 -0.00294 -0.01630 -0.03612
0.010000  0.00495  0.01055  0.01009 -0.00601 -0.00560
0.010000 -0.00878 -0.00684 -0.01983 -0.03364  0.00898
0.010000  0.04293  0.03795 -0.00676  0.00728 -0.00949
0.010000 -0.00936 -0.01396  0.00045 -0.02018 -0.01822
0.010000 -0.03491 -0.00626 -0.01223 -0.03845 -0.02750
0.010000  0.00179 -0.00891  0.00017  0.00799 -0.00829
0.010000  0.00430  0.01309  0.00055 -0.00109 -0.00988
0.010000 -0.01812 -0.01624 -0.01677 -0.01156 -0.02432
0.010000  0.00057 -0.00199  0.00485  0.00667 -0.01817
0.010000  0.02897  0.04410 -0.01302  0.00543  0.02417
0.010000  0.00240 -0.02375 -0.01851  0.00517 -0.03101
0.010000 -0.03760 -0.02232  0.00506 -0.02368 -0.04532
0.010000 -0.03621 -0.01745 -0.01093 -0.03156 -0.00867
0.010000 -0.06782 -0.03067  0.00285 -0.05987  0.01135
0.010000 -0.02840 -0.02618 -0.03016 -0.05617 -0.01177
