# Scenario generation method from a paper by Hoyland, Kaut & Wallace
# Code by Michal Kaut (michal.kaut@iot.ntnu.n) & Diego Mathieu

#   prob   var  1   var  2   var  3   var  4   var  5
0.010000 -0.04044 -0.02153 -0.01798 -0.03042 -0.03553
0.010000 -0.01839 -0.02440 -0.01781 -0.01811 -0.00362
0.010000  0.03785 -0.00553  0.03486  0.01706  0.00376
0.010000  0.01231 -0.00766 -0.00248  0.01058 -0.01149
0.010000  0.02472 -0.01213 -0.00545  0.00752  0.03136
0.010000  0.00639 -0.00774 -0.00169 -0.00988 -0.01899
0.010000 -0.01909 -0.00723  0.00786 -0.01621 -0.02511
0.010000  0.00777 -0.01354 -0.01054  0.00609  0.00303
0.010000  0.00505  0.01441 -0.00077 -0.01270 -0.00954
0.010000 -0.00853 -0.01240 -0.01160 -0.01023 -0.00280
0.010000 -0.01446 -0.00396 -0.01446 -0.02983 -0.03808
0.010000  0.04078  0.01739  0.01282  0.02302 -0.00984
0.010000  0.01399  0.00554 -0.00086  0.00466 -0.00597
0.010000  0.01487  0.01218 -0.00064  0.01571  0.02111
0.010000 -0.03331 -0.04115 -0.00748 -0.03619 -0.03846
0.010000 -0.02129 -0.01280 -0.01552 -0.00550 -0.02093
0.010000 -0.03645 -0.01236 -0.01428 -0.02667 -0.02747
0.010000 -0.02546 -0.00897  0.01023 -0.00660 -0.02501
0.010000 -0.03480 -0.02223 -0.01865 -0.02846 -0.03182
0.010000  0.00376  0.01275  0.00867  0.00129 -0.02749
0.010000 -0.01770 -0.02590 -0.00705 -0.01400  0.00199
0.010000 -0.01384 -0.03091 -0.01714 -0.00032 -0.03771
0.010000  0.00921 -0.00364 -0.01155  0.00777 -0.00469
0.010000  0.00188 -0.01842 -0.00482 -0.01450 -0.01146
0.010000 -0.00110 -0.02950 -0.00548 -0.00510 -0.02218
0.010000 -0.01703  0.02285  0.01587 -0.00619 -0.04014
0.010000  0.00067 -0.01819 -0.01574 -0.01722  0.00699
0.010000  0.01072 -0.00444 -0.00845  0.01927  0.01529
0.010000 -0.00052  0.01197  0.03273  0.03801 -0.01367
0.010000 -0.02054 -0.02990 -0.00355  0.00748 -0.01670
0.010000  0.02338  0.01552 -0.00517  0.00120 -0.00603
0.010000 -0.02739 -0.03536 -0.01977 -0.02862 -0.03268
0.010000 -0.00796 -0.01449 -0.00009  0.04211 -0.00597
0.010000 -0.01085 -0.00745 -0.00385 -0.01988 -0.02334
0.010000 -0.02842 -0.03128 -0.01875 -0.03205  0.00254
0.010000 -0.01980 -0.00640  0.00419 -0.01742 -0.04822
0.010000  0.02932  0.03547  0.00393  0.01036 -0.00074
0.010000  0.08670  0.08366  0.03662  0.08692 -0.00092
0.010000  0.01314  0.00553  0.02778  0.05421 -0.01824
0.010000  0.00250  0.00414 -0.00038 -0.00259 -0.00084
0.010000  0.00007 -0.02166 -0.01399 -0.01090 -0.01251
0.010000  0.03311  0.01460 -0.00095  0.01012  0.00535
0.010000 -0.00455 -0.01575 -0.01537 -0.01604 -0.02789
0.010000  0.03533  0.01363  0.01371  0.01641  0.00630
0.010000  0.02766 -0.00010 -0.00700  0.00728  0.00028
0.010000 -0.02207 -0.02336 -0.01784 -0.02894 -0.00741
0.010000  0.01150  0.00030  0.00064  0.01531 -0.01501
0.010000 -0.05651 -0.01414 -0.00952 -0.04305 -0.02979
0.010000 -0.02952 -0.03318 -0.01249 -0.03289 -0.00891
0.010000  0.00440  0.02829  0.00246  0.00803 -0.01555
0.010000  0.01772 -0.00628  0.02092  0.00506 -0.00729
0.010000 -0.00739 -0.01218 -0.00577  0.02434 -0.00190
0.010000 -0.02640 -0.03926 -0.01871 -0.01650 -0.02538
0.010000 -0.00341 -0.00608  0.01446 -0.00485 -0.00725
0.010000 -0.02370 -0.04137 -0.01232 -0.02597 -0.01830
0.010000 -0.01638 -0.01289 -0.01005 -0.00857 -0.00851
0.010000  0.02614  0.03235  0.00049 -0.00308  0.00503
0.010000  0.04428  0.04832  0.01428  0.03140  0.02632
0.010000  0.00707 -0.01755  0.03671  0.00233 -0.00261
0.010000 -0.00569  0.02432 -0.00641 -0.00518 -0.03333
0.010000  0.02213 -0.00597  0.01083  0.01982  0.00332
0.010000  0.01982 -0.01630 -0.01345 -0.01874  0.01074
0.010000 -0.04297 -0.04004 -0.01890 -0.03222 -0.03205
0.010000 -0.02287 -0.02554 -0.01783 -0.01621 -0.03094
0.010000 -0.00227 -0.03124  0.02054 -0.00132  0.00034
0.010000 -0.01573 -0.00129  0.02893  0.01856 -0.02914
0.010000 -0.02457 -0.02566 -0.01810 -0.03201 -0.01495
0.010000 -0.01203  0.00015  0.00289  0.00027 -0.02317
0.010000 -0.00284 -0.01128 -0.01382 -0.00548  0.00100
0.010000 -0.04609 -0.02343 -0.01804 -0.04127 -0.01895
0.010000  0.00996 -0.01106  0.01070  0.00160 -0.00529
0.010000  0.01578  0.00978  0.00129  0.01746 -0.00206
0.010000 -0.00169  0.01223 -0.00661  0.01399 -0.02540
0.010000 -0.01509  0.05657  0.05830  0.03006  0.01136
0.010000  0.03112  0.04236  0.04604  0.03291 -0.00154
0.010000 -0.00911 -0.00696  0.00399 -0.01410 -0.05633
0.010000  0.01874  0.04139  0.01422  0.01764  0.04650
0.010000 -0.01026 -0.02067 -0.01445 -0.01280 -0.00905
0.010000 -0.03069 -0.02826 -0.01937 -0.02642 -0.01737
0.010000  0.06342  0.03205  0.00927  0.06655  0.01356
0.010000 -0.00625 -0.02530 -0.01181 -0.01417  0.00276
0.010000  0.00571  0.04010  0.00391  0.01512  0.00766
0.010000 -0.00682 -0.01227  0.01963 -0.01010  0.00712
0.010000 -0.00512  0.01225  0.04162  0.01343 -0.03010
0.010000 -0.03831 -0.02596 -0.01619 -0.03949  0.00612
0.010000 -0.05023 -0.05107 -0.01851 -0.04253 -0.04104
0.010000 -0.01144 -0.01827 -0.01471 -0.01771 -0.04717
0.010000 -0.00968  0.00383  0.01135 -0.02260 -0.01055
0.010000  0.02094  0.05971  0.03924  0.03187  0.00988
0.010000  0.00313  0.00168 -0.01153  0.00356 -0.01636
0.010000  0.04864  0.01769  0.01852  0.03716  0.00717
0.010000  0.00127 -0.02315 -0.01666 -0.00131 -0.01553
0.010000  0.00848  0.00035 -0.01099 -0.00874  0.00216
0.010000  0.05447  0.01771  0.03317  0.05651  0.01377
0.010000 -0.01323 -0.01654 -0.01635 -0.00743 -0.02719
0.010000 -0.01263  0.01281 -0.00338 -0.01504  0.00478
0.010000 -0.07264 -0.05056 -0.01845 -0.04482 -0.02864
0.010000  0.01673 -0.01135  0.01986  0.00766 -0.02406
0.010000 -0.03195 -0.01194 -0.01145 -0.02525 -0.03718
0.010000 -0.00398  0.01186  0.00465  0.00399 -0.01491
