# Scenario generation method from a paper by Hoyland, Kaut & Wallace
# Code by Michal Kaut (michal.kaut@iot.ntnu.n) & Diego Mathieu

#   prob   var  1   var  2   var  3   var  4   var  5
0.010000  0.01298 -0.01042  0.00576  0.08415  0.01399
0.010000 -0.04586 -0.02453 -0.02087 -0.03698 -0.00799
0.010000 -0.01449 -0.02429 -0.00870 -0.01901 -0.00945
0.010000 -0.02213 -0.00982 -0.02668 -0.02925 -0.01887
0.010000 -0.00585 -0.00946  0.01127  0.00024 -0.04826
0.010000  0.00445 -0.01044 -0.01007 -0.00973 -0.02284
0.010000 -0.02712 -0.01414 -0.01534 -0.02375 -0.00673
0.010000  0.01631 -0.00481 -0.00847  0.02549 -0.00569
0.010000 -0.03023 -0.00915 -0.00528 -0.01430 -0.02326
0.010000  0.01491  0.01825  0.00633  0.00137 -0.00274
0.010000 -0.02810 -0.01942 -0.00889 -0.02262  0.01362
0.010000 -0.01024 -0.01450 -0.00795 -0.01295  0.00045
0.010000  0.00066  0.00240 -0.00134  0.01539 -0.00879
0.010000  0.00019  0.01277 -0.00592 -0.01581 -0.02703
0.010000 -0.01622 -0.00427 -0.00765 -0.02115 -0.01820
0.010000 -0.00633 -0.01410  0.00332  0.00587 -0.00391
0.010000  0.00692 -0.00059  0.02727  0.04782 -0.01604
0.010000 -0.03141 -0.01675 -0.02589 -0.02856 -0.01737
0.010000 -0.01805 -0.03311 -0.00173 -0.00969 -0.00276
0.010000 -0.00352  0.00224  0.00629 -0.00536  0.00332
0.010000 -0.02913 -0.03785 -0.00434 -0.01072  0.01279
0.010000  0.00542 -0.00353  0.00748  0.00631 -0.00066
0.010000 -0.00825 -0.01668  0.00709  0.02075 -0.00237
0.010000  0.01361  0.00425 -0.00327  0.00376 -0.02191
0.010000  0.02153  0.01654 -0.01914 -0.01267 -0.01226
0.010000 -0.03270 -0.03346 -0.00400 -0.01392  0.00766
0.010000  0.00206  0.00790 -0.00997 -0.00431 -0.00575
0.010000 -0.01394 -0.02582 -0.00237 -0.01026  0.00622
0.010000  0.00642  0.00441 -0.00204 -0.00549 -0.04179
0.010000 -0.01934 -0.01147 -0.01708 -0.02000  0.00617
0.010000  0.00794  0.01864  0.00199  0.00036 -0.01899
0.010000  0.01706  0.01602  0.01569  0.02888 -0.02169
0.010000 -0.00213  0.00819  0.00255 -0.00069 -0.00854
0.010000  0.00900  0.01152 -0.00177 -0.00747  0.00851
0.010000  0.00159  0.01715  0.01053 -0.00125 -0.00223
0.010000 -0.00027  0.00510  0.00073 -0.00239  0.00841
0.010000 -0.01564 -0.00089  0.01450 -0.00302  0.00662
0.010000 -0.03411 -0.02060 -0.01240 -0.02500 -0.02255
0.010000 -0.01075  0.00092 -0.02713 -0.02554 -0.03550
0.010000  0.00396  0.00043  0.00366 -0.00106 -0.02955
0.010000  0.01120  0.00525  0.01606  0.02037  0.00255
0.010000 -0.02070 -0.02334 -0.00285  0.08133  0.01233
0.010000 -0.00259 -0.01327 -0.00359 -0.00552  0.00134
0.010000  0.00301  0.01343  0.03683  0.03165  0.00141
0.010000  0.02510  0.00579  0.01687  0.03749 -0.02768
0.010000 -0.02140 -0.01694 -0.00508 -0.00783 -0.02718
0.010000 -0.02620 -0.02381 -0.01166 -0.01891 -0.01860
0.010000  0.00592  0.01639  0.00082 -0.00930 -0.01072
0.010000  0.02049 -0.01058 -0.00600  0.00890 -0.01129
0.010000 -0.03748 -0.01450 -0.01972 -0.02945 -0.01085
0.010000  0.00493  0.00020 -0.00767 -0.00376 -0.01425
0.010000  0.01238  0.00872  0.02063  0.01214  0.00295
0.010000 -0.02001 -0.00958 -0.00636 -0.00484  0.01887
0.010000  0.01064  0.00517 -0.01713 -0.00511 -0.00641
0.010000 -0.02447 -0.02505 -0.01723 -0.02168 -0.01609
0.010000 -0.01743 -0.00812 -0.00047 -0.01451 -0.00201
0.010000  0.00847  0.00693  0.01671  0.02302 -0.01699
0.010000  0.00743  0.00451 -0.00025 -0.00034 -0.00191
0.010000  0.01178 -0.00601  0.00216 -0.00182  0.00537
0.010000 -0.00398 -0.00953  0.01394  0.00451 -0.01582
0.010000 -0.03569 -0.03328  0.00049 -0.01368 -0.01975
0.010000 -0.00445 -0.01824 -0.00353  0.00951 -0.03539
0.010000 -0.02288 -0.01914 -0.00421  0.01217  0.01933
0.010000 -0.01126 -0.00684  0.00240 -0.00534 -0.01187
0.010000 -0.01506  0.00452 -0.01232 -0.01657  0.02158
0.010000  0.02267  0.01982  0.00572  0.00611  0.00478
0.010000 -0.01285 -0.00849 -0.01031 -0.01926 -0.03365
0.010000 -0.01178 -0.01192  0.00480 -0.00979 -0.01710
0.010000  0.02395  0.01006  0.00651  0.00968 -0.01121
0.010000 -0.02366 -0.00799 -0.02075 -0.02582 -0.02504
0.010000 -0.00776 -0.00856 -0.00681  0.00911 -0.03257
0.010000 -0.01682  0.00458  0.00364 -0.00670 -0.02531
0.010000 -0.00874 -0.00714 -0.00203 -0.00693 -0.00767
0.010000 -0.00305 -0.00304  0.00568  0.04390  0.02121
0.010000 -0.00491  0.00874 -0.00019  0.00920 -0.01610
0.010000  0.01867  0.02190  0.01170  0.00605 -0.01396
0.010000 -0.00074 -0.00698  0.00419 -0.00377 -0.02863
0.010000  0.00953  0.01310  0.01159  0.00757 -0.00169
0.010000  0.01008  0.01997  0.00284  0.01041  0.00166
0.010000 -0.02532 -0.03339 -0.04060 -0.02937 -0.00721
0.010000  0.00112  0.00324  0.00367  0.00291 -0.01542
0.010000 -0.00680 -0.00130  0.00496 -0.00573 -0.01886
0.010000  0.01784  0.01890  0.00432  0.00673 -0.03574
0.010000 -0.01231 -0.02031 -0.00900 -0.00172 -0.00843
0.010000 -0.00166 -0.00694 -0.00378 -0.00474  0.02071
0.010000 -0.03960 -0.01780 -0.01016 -0.02175 -0.01774
0.010000  0.01560  0.00241  0.01239  0.01900 -0.00614
0.010000  0.00253 -0.01122 -0.00713 -0.01050 -0.03811
0.010000  0.01425  0.01119  0.00244  0.00085 -0.01055
0.010000 -0.00538  0.00770 -0.01026 -0.01460 -0.00690
0.010000 -0.04223 -0.03064  0.00414 -0.01527 -0.02373
0.010000  0.00348  0.00150 -0.00192 -0.01356 -0.02581
0.010000 -0.00728 -0.01396 -0.05094 -0.03367 -0.00747
0.010000 -0.00974 -0.00060 -0.00388 -0.00449  0.01127
0.010000  0.01955  0.00809 -0.00986  0.00300 -0.00887
0.010000 -0.01869 -0.02091 -0.01443 -0.02302 -0.04151
0.010000 -0.01339  0.00022 -0.00021 -0.00241 -0.02146
0.010000 -0.05327 -0.02200 -0.03703 -0.03968  0.02197
0.010000 -0.00120 -0.01906 -0.01102 -0.00859 -0.01533
0.010000 -0.00924 -0.00519 -0.00124  0.00804  0.02129
