# Scenario generation method from a paper by Hoyland, Kaut & Wallace
# Code by Michal Kaut (michal.kaut@iot.ntnu.n) & Diego Mathieu

#   prob   var  1   var  2   var  3   var  4   var  5
0.010000  0.02523 -0.01809  0.01518  0.01746  0.04396
0.010000 -0.03239 -0.05049 -0.01858  0.00210  0.00198
0.010000 -0.02616 -0.02059  0.00224  0.00488 -0.03764
0.010000 -0.01095 -0.01482  0.00166 -0.00843  0.06530
0.010000 -0.02853 -0.01794 -0.02773 -0.02460 -0.03304
0.010000  0.01927  0.01554  0.01130  0.00456  0.06865
0.010000  0.04078  0.03299  0.01931  0.00843  0.02376
0.010000  0.00574  0.00934 -0.00505 -0.00896  0.03804
0.010000  0.01552  0.01990  0.02404  0.00178  0.01579
0.010000  0.04538  0.02342  0.02056  0.01191  0.04183
0.010000  0.01644 -0.02737  0.01630 -0.00492  0.04259
0.010000  0.00143 -0.01928  0.01866  0.00763 -0.03911
0.010000 -0.01470 -0.01749  0.00542  0.00568  0.03172
0.010000 -0.02978 -0.03692 -0.02476 -0.01694  0.02231
0.010000  0.01100 -0.00194  0.01153  0.01317 -0.03098
0.010000 -0.00912 -0.04101  0.01756  0.00729 -0.00220
0.010000  0.03065  0.02182  0.00401 -0.01134  0.06014
0.010000 -0.00643  0.00321  0.00459  0.00284  0.02603
0.010000 -0.01863 -0.03911 -0.02862 -0.02375 -0.06667
0.010000 -0.01003  0.00633  0.02498  0.02339 -0.00170
0.010000 -0.00466 -0.03236 -0.02137 -0.03194  0.05087
0.010000  0.00229  0.02287  0.02079  0.00191 -0.01421
0.010000  0.05747  0.04609  0.01148  0.01038 -0.01958
0.010000 -0.04832 -0.07712 -0.02987 -0.01513  0.03489
0.010000 -0.02501 -0.03716 -0.02868 -0.04805  0.04755
0.010000 -0.01762 -0.03897  0.01073  0.01449  0.04081
0.010000  0.07230  0.04895  0.02466  0.00153 -0.00149
0.010000  0.00835 -0.00000 -0.01185  0.00172  0.04022
0.010000  0.03298  0.03863  0.01709  0.00202  0.05925
0.010000  0.03801  0.04507  0.02664  0.00963  0.01228
0.010000  0.02120 -0.01886  0.02840  0.02866  0.07532
0.010000 -0.03672 -0.02582  0.00609 -0.00920  0.01451
0.010000 -0.02068 -0.01383 -0.01645 -0.00690 -0.03199
0.010000  0.02219 -0.00564  0.03582  0.02129  0.00551
0.010000  0.02023  0.05701 -0.00856  0.00389 -0.01021
0.010000  0.03670  0.00592  0.02091  0.01654  0.01373
0.010000  0.02734  0.03992  0.00172  0.00394  0.00809
0.010000 -0.01280 -0.05014  0.01429  0.01588  0.02096
0.010000  0.00748  0.01544  0.01515  0.01055  0.06554
0.010000 -0.05450 -0.05375 -0.02640 -0.01379 -0.05096
0.010000 -0.00378 -0.01912 -0.01038 -0.00517  0.05319
0.010000  0.00488 -0.01353  0.00525  0.00515  0.03424
0.010000 -0.00822 -0.01001 -0.01155 -0.00376  0.04497
0.010000  0.04378  0.01979  0.01591 -0.00448  0.02767
0.010000 -0.04376 -0.03477 -0.00817  0.00922  0.01203
0.010000 -0.00117 -0.04669  0.00207  0.01629  0.01912
0.010000 -0.00732 -0.01903  0.00486 -0.02161  0.05545
0.010000  0.00661 -0.02076 -0.00119  0.01536  0.01077
0.010000  0.04225  0.02323  0.01235 -0.01126 -0.02646
0.010000  0.02627 -0.01321  0.01373 -0.00507  0.07682
0.010000 -0.00204 -0.05847 -0.00048  0.00783  0.05834
0.010000  0.03937  0.02319  0.03235  0.01270  0.05294
0.010000 -0.01566  0.00426  0.00286 -0.01862  0.00263
0.010000  0.03418  0.04943  0.02684  0.02248  0.05964
0.010000  0.01369  0.00509 -0.00221 -0.01322 -0.01271
0.010000 -0.03521 -0.03491 -0.00830 -0.01521  0.02998
0.010000 -0.02173  0.01320 -0.01280 -0.00352 -0.04683
0.010000  0.04885  0.02200  0.03929  0.03120  0.06652
0.010000 -0.01187  0.02571 -0.01388 -0.02389  0.01730
0.010000 -0.01375 -0.04614 -0.01545 -0.00879  0.02676
0.010000  0.00402 -0.02386 -0.01058  0.00151 -0.01756
0.010000 -0.04000 -0.01126 -0.01734 -0.05065  0.00079
0.010000  0.08149  0.07737  0.03733  0.02730  0.03388
0.010000 -0.03831 -0.04382 -0.00978 -0.02851  0.02584
0.010000  0.05502  0.06549  0.03689  0.01671  0.06330
0.010000  0.02952  0.03681  0.02440  0.01395  0.02049
0.010000 -0.03106  0.00765 -0.02920 -0.04806  0.02417
0.010000  0.04706  0.05675 -0.00068 -0.00554  0.05948
0.010000  0.02420  0.00107 -0.00173 -0.02225  0.00913
0.010000  0.01011  0.04508  0.02822 -0.00235  0.06540
0.010000 -0.02389 -0.05299 -0.02394  0.00163 -0.00419
0.010000 -0.00291 -0.00421 -0.01798 -0.00475  0.01185
0.010000 -0.04591 -0.08731 -0.02936 -0.04947  0.04774
0.010000 -0.04180 -0.02591 -0.00731 -0.02074 -0.04744
0.010000  0.01460 -0.01721  0.02822  0.01371  0.05928
0.010000 -0.01664 -0.00170 -0.02644 -0.03557 -0.06656
0.010000 -0.02280 -0.03652  0.00065 -0.01292 -0.03614
0.010000  0.05280  0.02572  0.02698  0.01725  0.07000
0.010000  0.00923  0.02729  0.00442 -0.01468 -0.01479
0.010000 -0.00554 -0.03402 -0.01025  0.00370  0.04850
0.010000  0.01189 -0.00301 -0.01515 -0.01732 -0.00491
0.010000 -0.01964 -0.01809 -0.00981 -0.02600  0.04117
0.010000  0.06022  0.02642  0.01443  0.02332 -0.03965
0.010000  0.01279  0.02183 -0.00119 -0.00644  0.04807
0.010000  0.05075  0.04681  0.01016  0.02122  0.03641
0.010000  0.03180  0.01827  0.01746  0.00591  0.07004
0.010000 -0.00030  0.01520 -0.02297 -0.02546  0.00264
0.010000  0.01737 -0.02831  0.01382 -0.01922  0.06069
0.010000 -0.03377 -0.02858 -0.01595 -0.02789  0.02772
0.010000  0.06724  0.02590  0.04120  0.02986  0.02748
0.010000  0.00056 -0.02074  0.02894  0.01192  0.07752
0.010000 -0.05110 -0.01690 -0.02812 -0.03524 -0.05064
0.010000  0.02319  0.03604  0.00955  0.00556  0.04411
0.010000  0.00315 -0.01116  0.00542 -0.01974  0.03352
0.010000  0.02842 -0.02617 -0.00281 -0.00512  0.01804
0.010000 -0.05925 -0.04909 -0.00580 -0.00663  0.03171
0.010000  0.06340  0.05730  0.04053  0.02941  0.04960
0.010000  0.03542  0.02669  0.03872  0.03022 -0.01879
0.010000 -0.02733 -0.03289 -0.00478 -0.03341  0.05715
0.010000  0.01832  0.02022 -0.00649 -0.01102  0.05220
