# Scenario generation method from a paper by Hoyland, Kaut & Wallace
# Code by Michal Kaut (michal.kaut@iot.ntnu.n) & Diego Mathieu

#   prob   var  1   var  2   var  3   var  4   var  5
0.010000  0.01663  0.00327  0.00580  0.07299 -0.03611
0.010000 -0.00153 -0.00258 -0.00851 -0.00704  0.00523
0.010000  0.03880  0.01687  0.03063  0.07709  0.07042
0.010000  0.06237  0.01878  0.02581  0.02521  0.07477
0.010000 -0.02836 -0.03402 -0.02513 -0.01712 -0.03134
0.010000  0.00992  0.00566  0.00746  0.06048  0.06800
0.010000  0.01097  0.00848  0.01076  0.00380  0.01605
0.010000 -0.06209 -0.03653 -0.02457 -0.01576 -0.02906
0.010000 -0.01655 -0.01787 -0.01668 -0.00844  0.05170
0.010000  0.00888  0.00602  0.00161 -0.01202 -0.00303
0.010000  0.04368  0.00976  0.01390 -0.00726  0.00602
0.010000 -0.01165 -0.03353 -0.01395  0.03838 -0.03298
0.010000  0.03092  0.01509  0.01823  0.06991  0.00820
0.010000 -0.03017 -0.00940 -0.00559  0.00035  0.03419
0.010000  0.05732  0.01985  0.03124 -0.00203  0.07524
0.010000 -0.03203 -0.02586 -0.02265 -0.00325 -0.05940
0.010000  0.00116 -0.02474 -0.00722  0.06284 -0.02652
0.010000 -0.04672 -0.02330 -0.02005 -0.01509 -0.06585
0.010000  0.03663  0.00996  0.02182  0.00148 -0.01705
0.010000 -0.00065 -0.01142 -0.01448  0.00401  0.00229
0.010000 -0.04985 -0.01582 -0.02925 -0.01002  0.00272
0.010000 -0.02066 -0.01689 -0.01559  0.06390  0.01245
0.010000  0.05316  0.01643  0.03764  0.02499  0.02260
0.010000  0.00490 -0.00833 -0.01056 -0.01021 -0.01841
0.010000  0.00587  0.00191 -0.00361 -0.01171  0.02927
0.010000 -0.00241  0.00723 -0.00581 -0.01361  0.01093
0.010000 -0.02233 -0.02324 -0.01844 -0.01594 -0.05848
0.010000  0.02604 -0.00222 -0.00091 -0.01131 -0.01363
0.010000 -0.04029 -0.02173 -0.00021  0.00902  0.03084
0.010000  0.07843  0.02116  0.04537  0.03577  0.04783
0.010000 -0.02317 -0.00112 -0.01249 -0.00636 -0.02908
0.010000 -0.00414  0.00911  0.00195  0.01377 -0.01627
0.010000 -0.02660 -0.00566 -0.01580  0.04501 -0.06160
0.010000  0.03461  0.01903  0.01805  0.07296 -0.01796
0.010000 -0.04823 -0.02357 -0.02130  0.01107  0.00963
0.010000 -0.03915 -0.04103 -0.01660 -0.00447 -0.02449
0.010000 -0.05163 -0.02525 -0.02129 -0.01464 -0.04394
0.010000 -0.03109 -0.01371 -0.00730  0.02971 -0.02446
0.010000 -0.01246 -0.01239 -0.00906 -0.00332 -0.05395
0.010000  0.00395 -0.01015  0.00865  0.00589 -0.03992
0.010000 -0.04268 -0.03312 -0.02107  0.00446 -0.06980
0.010000  0.00686  0.01308  0.00473 -0.01166  0.02004
0.010000  0.01316  0.00647  0.00703 -0.00907 -0.02737
0.010000 -0.01410 -0.00733 -0.00180 -0.00969 -0.01368
0.010000 -0.01984 -0.00367  0.00179 -0.00265  0.01312
0.010000 -0.05857 -0.02502 -0.02508 -0.01512  0.03716
0.010000  0.02759  0.01303  0.00573 -0.00221 -0.01986
0.010000 -0.00328 -0.01821  0.00092 -0.00390 -0.04536
0.010000 -0.06845 -0.01790 -0.03373 -0.01461 -0.06105
0.010000 -0.03806 -0.01739 -0.01671  0.05801  0.01896
0.010000  0.04113  0.01892  0.01310  0.00699  0.06328
0.010000 -0.02573  0.00241 -0.00947  0.06218 -0.04898
0.010000  0.00786  0.00883  0.00824  0.02521 -0.04056
0.010000 -0.03494 -0.00707 -0.01627  0.05668 -0.04690
0.010000 -0.03699 -0.04419 -0.01932  0.06378 -0.02529
0.010000 -0.00500 -0.04125 -0.01597  0.05853 -0.05066
0.010000  0.02040  0.01518  0.00878  0.07124 -0.02989
0.010000  0.01785  0.00808  0.01068  0.01775  0.03303
0.010000 -0.05361 -0.03304 -0.03105 -0.01391 -0.02671
0.010000  0.02921  0.01859  0.01482  0.06945  0.07770
0.010000 -0.02150 -0.03373 -0.00290  0.07305 -0.01721
0.010000  0.10085  0.02339  0.07623  0.01971  0.07827
0.010000  0.00025 -0.04177 -0.01647  0.03159 -0.00482
0.010000 -0.01819 -0.01474 -0.00683 -0.01092  0.02014
0.010000 -0.02487 -0.00583 -0.00188 -0.00017  0.06362
0.010000 -0.00752 -0.00290  0.01596  0.01060 -0.00987
0.010000 -0.01083  0.00199 -0.00594 -0.01336  0.05396
0.010000  0.01429 -0.00862 -0.00375 -0.01010  0.00767
0.010000 -0.01737 -0.01132 -0.01245 -0.01471  0.06279
0.010000  0.02312 -0.01025 -0.00053  0.01947  0.05202
0.010000 -0.01573 -0.01422  0.03991  0.06116  0.05793
0.010000 -0.04396 -0.02611 -0.02465 -0.01143 -0.02808
0.010000 -0.01901 -0.01826 -0.01194 -0.01400  0.04709
0.010000 -0.05587 -0.04997 -0.02206 -0.01390 -0.02961
0.010000 -0.02926 -0.02199 -0.02684 -0.00070 -0.00425
0.010000 -0.04530 -0.01712 -0.00933  0.03524 -0.06306
0.010000 -0.04146 -0.08809 -0.03758  0.04529 -0.07572
0.010000  0.00300 -0.00308  0.01875  0.01427  0.03240
0.010000  0.01911 -0.00746  0.00928  0.00309 -0.04097
0.010000  0.01545  0.00765 -0.00419 -0.01380  0.00540
0.010000 -0.01328  0.00503 -0.00677  0.06422  0.02019
0.010000 -0.00669 -0.01337  0.00954  0.00830 -0.02330
0.010000  0.06889  0.01762  0.04235  0.01422  0.03161
0.010000 -0.00835 -0.01562 -0.01827  0.04986  0.05193
0.010000  0.03271 -0.00024 -0.00024 -0.01323  0.07508
0.010000  0.02455 -0.04896  0.03520  0.06743 -0.03416
0.010000 -0.03298 -0.01313 -0.02127 -0.01337 -0.01122
0.010000  0.04648  0.01995  0.00797  0.02876  0.04788
0.010000 -0.02402 -0.02401 -0.01924 -0.01574 -0.03974
0.010000 -0.00584 -0.03509 -0.01391  0.05463 -0.06626
0.010000 -0.03395 -0.01676 -0.02308  0.04544 -0.04355
0.010000 -0.03595 -0.02632 -0.02120 -0.01575  0.01096
0.010000 -0.00918 -0.00773  0.00643  0.06849  0.03186
0.010000 -0.01492 -0.00341 -0.00069  0.05330  0.00959
0.010000  0.01206 -0.02308  0.00759  0.00730 -0.05152
0.010000 -0.02748 -0.01906 -0.00119  0.00986 -0.01428
0.010000  0.04960  0.01836  0.07767  0.08322  0.05536
0.010000 -0.01000 -0.00292 -0.00274 -0.00638 -0.05283
0.010000  0.00207  0.01566  0.00345 -0.01124  0.06876
0.010000  0.02173  0.00625  0.00585  0.03887  0.01103
