# Scenario generation method from a paper by Hoyland, Kaut & Wallace
# Code by Michal Kaut (michal.kaut@iot.ntnu.n) & Diego Mathieu

#   prob   var  1   var  2   var  3   var  4   var  5
0.010000  0.06712  0.06211  0.00526  0.04612  0.04524
0.010000 -0.06457 -0.04299 -0.02417 -0.06010  0.04001
0.010000  0.07526  0.06840  0.06216 -0.00798  0.01798
0.010000  0.00394  0.02186 -0.00521 -0.02042  0.00619
0.010000 -0.01472  0.01975 -0.00896 -0.05359 -0.02150
0.010000  0.03030 -0.01289 -0.00011 -0.00726  0.00704
0.010000 -0.03906 -0.04489  0.00773 -0.04641  0.00489
0.010000 -0.03171 -0.04153  0.01227 -0.05387 -0.02837
0.010000  0.07540  0.07149  0.00869  0.00738  0.01079
0.010000  0.07791  0.05851  0.02126  0.07898  0.06350
0.010000  0.04638  0.03200 -0.00022  0.04374  0.01790
0.010000  0.07275  0.01609  0.05506  0.06261  0.03812
0.010000  0.02449  0.02989  0.05101  0.00680  0.01123
0.010000 -0.04683 -0.03858 -0.02223 -0.06292 -0.03000
0.010000  0.05377  0.03437  0.01693 -0.00789  0.02041
0.010000  0.03758  0.03274  0.00704  0.03582  0.01970
0.010000 -0.05709 -0.03316 -0.02185 -0.05587 -0.03823
0.010000  0.01284 -0.03376 -0.00313  0.04710  0.02664
0.010000  0.01431 -0.02118  0.00543  0.02804  0.01575
0.010000 -0.00213 -0.03232 -0.00798 -0.02835  0.00389
0.010000  0.06945  0.05510  0.05917  0.04489  0.04479
0.010000 -0.01964  0.02306  0.00456 -0.02595 -0.01106
0.010000  0.00694  0.03743 -0.01637  0.01373  0.02700
0.010000  0.03904 -0.01844  0.03464  0.01618  0.02885
0.010000  0.01868  0.03776  0.00253 -0.02236 -0.00188
0.010000  0.03321  0.05339  0.00981  0.00699  0.04629
0.010000  0.02013  0.05263 -0.01139 -0.04448 -0.04031
0.010000  0.04344 -0.00513  0.01411 -0.01299  0.03940
0.010000  0.00244  0.03750  0.00589 -0.04993 -0.00050
0.010000  0.01722  0.02635 -0.00300  0.02610  0.01669
0.010000  0.03176  0.04676  0.00555  0.05396  0.00904
0.010000 -0.03718 -0.04554  0.00398 -0.05841 -0.03064
0.010000 -0.04884 -0.04273 -0.01817 -0.04953 -0.02414
0.010000 -0.05501 -0.04664 -0.01173  0.01217  0.00056
0.010000  0.05081  0.02620  0.00964 -0.00522 -0.00090
0.010000  0.03612 -0.02243  0.00603  0.07958  0.02031
0.010000  0.04933 -0.00214  0.00710  0.00178  0.00703
0.010000  0.01577  0.05488 -0.01346 -0.04729  0.00171
0.010000  0.06418  0.05475  0.05330 -0.01288  0.05606
0.010000  0.05824  0.01051  0.06273  0.05652  0.02088
0.010000 -0.02131 -0.04303  0.01619 -0.05536 -0.00283
0.010000 -0.02816 -0.00909  0.00504 -0.01409  0.00508
0.010000 -0.02300 -0.03746  0.01416  0.00788  0.00641
0.010000  0.04051  0.01102  0.06408  0.03152  0.05115
0.010000  0.06121  0.00751  0.02189  0.06141  0.03679
0.010000  0.07139  0.05325  0.06466  0.01843  0.01099
0.010000  0.04785 -0.01398  0.02688  0.01650  0.02350
0.010000  0.06857  0.01019  0.06300  0.05862  0.03927
0.010000 -0.05915 -0.04709 -0.01962 -0.06473 -0.00897
0.010000 -0.03533 -0.04144  0.00841 -0.05888 -0.00404
0.010000  0.00990 -0.03637  0.06112  0.03246  0.06250
0.010000  0.05526  0.06317 -0.00087  0.00422  0.02856
0.010000  0.07000  0.04043  0.05788  0.08368  0.05013
0.010000 -0.00060 -0.02043 -0.00628 -0.02379  0.00912
0.010000  0.04491  0.02786 -0.00077  0.04910  0.01449
0.010000  0.07752  0.06816  0.02496  0.03841  0.03654
0.010000  0.06270  0.06698  0.00223  0.02963  0.04898
0.010000 -0.04289  0.00424  0.00449 -0.04791 -0.04223
0.010000  0.05675  0.07012  0.00168  0.01055  0.02280
0.010000  0.04197 -0.01457  0.04326 -0.00819  0.05121
0.010000  0.03467  0.06026  0.05739  0.03984  0.03260
0.010000 -0.04096 -0.04461 -0.02188 -0.04038  0.00292
0.010000  0.07635  0.06443  0.06472  0.07488  0.09845
0.010000  0.00092 -0.01500  0.01632 -0.01955  0.02830
0.010000 -0.06538 -0.03824  0.00051 -0.06386 -0.02766
0.010000 -0.05294 -0.04003 -0.00312 -0.00101  0.01029
0.010000 -0.00834 -0.01048  0.00131 -0.04982  0.00147
0.010000 -0.01635 -0.04382  0.01348 -0.03265  0.01775
0.010000 -0.00677 -0.00044  0.01366 -0.02996  0.00203
0.010000 -0.00991  0.02125  0.01362 -0.02718 -0.00230
0.010000 -0.04485 -0.04273 -0.01716 -0.00084  0.00065
0.010000  0.00842  0.04375 -0.00144  0.00247 -0.05788
0.010000  0.02304 -0.02916 -0.00297  0.02010  0.03364
0.010000 -0.06403 -0.02933 -0.02377 -0.03001 -0.01689
0.010000 -0.02642  0.00442 -0.02186 -0.06711 -0.03275
0.010000 -0.00366 -0.04133 -0.01273 -0.03986  0.00314
0.010000  0.02595 -0.00860  0.04231  0.06017  0.02876
0.010000 -0.05088 -0.04402 -0.02356 -0.06581 -0.01423
0.010000 -0.00521 -0.03523 -0.01327 -0.01864  0.02805
0.010000  0.02159 -0.02855 -0.00123 -0.02694 -0.01893
0.010000  0.06565  0.04676  0.01294  0.05518  0.01566
0.010000  0.05973  0.01948  0.06441  0.01398  0.01891
0.010000 -0.02992 -0.04456 -0.01592  0.00158  0.01096
0.010000  0.07405  0.07145  0.00688  0.07390  0.04431
0.010000 -0.01150  0.03213 -0.00875 -0.06567 -0.01517
0.010000  0.02740 -0.02301  0.00021 -0.01165  0.00836
0.010000  0.07810  0.02055  0.04743  0.05105  0.04749
0.010000  0.00544  0.00775  0.01524 -0.02348  0.01281
0.010000  0.07727  0.07163  0.06490  0.05381  0.00572
0.010000 -0.03351 -0.03846 -0.01012  0.00686  0.00062
0.010000 -0.01310  0.02962 -0.01862 -0.02422 -0.00818
0.010000 -0.06115 -0.04585 -0.02308 -0.05144 -0.00578
0.010000 -0.01799  0.02342  0.00008  0.00289 -0.02747
0.010000  0.04128  0.02023 -0.00112 -0.00376  0.01118
0.010000  0.02885 -0.02048 -0.00170  0.05440  0.04148
0.010000  0.01137 -0.03547  0.01138  0.03871  0.01978
0.010000  0.05229  0.06419 -0.00004  0.02886  0.01087
0.010000 -0.06302 -0.03635  0.00215 -0.05750  0.00450
0.010000 -0.04815 -0.00949  0.00617 -0.06178 -0.01537
0.010000 -0.02470 -0.04386 -0.00186 -0.03564 -0.00046
