# Scenario generation method from a paper by Hoyland, Kaut & Wallace
# Code by Michal Kaut (michal.kaut@iot.ntnu.n) & Diego Mathieu

#   prob   var  1   var  2   var  3   var  4   var  5
0.010000 -0.05069 -0.02887  0.00087  0.01746 -0.02558
0.010000 -0.02541 -0.01421 -0.00715  0.00152  0.01167
0.010000  0.04220  0.03733  0.01796 -0.00284  0.01193
0.010000  0.05627  0.04047  0.03082 -0.01151  0.01281
0.010000 -0.04713 -0.03007 -0.02593  0.02180  0.00179
0.010000 -0.02774  0.02858  0.00172 -0.00918 -0.00817
0.010000  0.00311  0.00961 -0.01807 -0.00982 -0.00147
0.010000  0.02710 -0.03852  0.00309 -0.00930  0.00137
0.010000  0.02867  0.01223  0.01754 -0.00788  0.00801
0.010000 -0.03991 -0.01945 -0.01308  0.01503 -0.01178
0.010000  0.03688  0.04102  0.00868  0.01126  0.02367
0.010000 -0.00957 -0.01508 -0.02172  0.00296  0.02206
0.010000 -0.03628 -0.03623 -0.01274  0.00099  0.00526
0.010000 -0.04111  0.03184 -0.01771 -0.00639 -0.00112
0.010000  0.01959  0.02508 -0.01233 -0.00331  0.00089
0.010000  0.02105 -0.01386  0.00584 -0.00354 -0.00228
0.010000 -0.06093  0.01183 -0.01973  0.00695 -0.02412
0.010000 -0.03024 -0.04679 -0.00564 -0.01013 -0.00959
0.010000  0.06041  0.05987  0.02893 -0.00484  0.03464
0.010000  0.06421 -0.00822  0.01108  0.00338  0.02848
0.010000  0.03026  0.01468  0.01742 -0.00855  0.00726
0.010000  0.00181 -0.04419  0.00391 -0.00481  0.00460
0.010000 -0.02903 -0.01821 -0.01215 -0.00249  0.00120
0.010000 -0.02783  0.00666 -0.00964  0.00909  0.00974
0.010000  0.03351  0.00746 -0.01984  0.00402  0.01577
0.010000 -0.04951 -0.02747 -0.01875 -0.01276  0.00275
0.010000 -0.04232 -0.03151 -0.03070  0.00242 -0.02904
0.010000 -0.05253 -0.00309 -0.01024 -0.01505 -0.02597
0.010000 -0.04833 -0.01949 -0.01328 -0.00184 -0.03182
0.010000  0.03518  0.04288  0.01511 -0.01480 -0.00186
0.010000 -0.00332  0.00110 -0.00569 -0.00544 -0.01168
0.010000 -0.01692 -0.02210  0.00510  0.00524 -0.00858
0.010000 -0.05926  0.01419  0.00212  0.01885 -0.01603
0.010000  0.00707  0.00643  0.01430  0.00368 -0.00900
0.010000  0.03187  0.02802  0.01470 -0.00857  0.00678
0.010000  0.02404  0.03001 -0.00117  0.00637 -0.00122
0.010000  0.01529 -0.03138 -0.00262 -0.00824  0.00493
0.010000  0.01814 -0.01757 -0.00227 -0.00563  0.01046
0.010000 -0.04473 -0.02122 -0.03071  0.00229  0.00487
0.010000 -0.02178 -0.00229 -0.02248  0.00582 -0.00062
0.010000 -0.05416 -0.01889 -0.01506 -0.01374 -0.02206
0.010000  0.06479  0.04763  0.02310 -0.01564  0.00158
0.010000 -0.05739 -0.04541 -0.01427  0.00257 -0.00574
0.010000 -0.01325  0.02841  0.01307 -0.00456 -0.00646
0.010000  0.02254 -0.02200 -0.01711 -0.00425 -0.00374
0.010000  0.00442 -0.00524  0.01073 -0.00190  0.02038
0.010000 -0.06003 -0.05100 -0.00478 -0.00888 -0.02454
0.010000 -0.02420 -0.04185 -0.01353 -0.01332 -0.03179
0.010000  0.03862  0.02943  0.02718 -0.00174 -0.00679
0.010000  0.00051  0.04296  0.03420 -0.01093 -0.02253
0.010000  0.06247  0.01015  0.01480  0.00687  0.02713
0.010000 -0.03145  0.00430  0.00866  0.00225 -0.02114
0.010000  0.01671  0.03552  0.01685 -0.01631 -0.01911
0.010000 -0.06017 -0.05800 -0.03416 -0.00644 -0.00940
0.010000 -0.05527 -0.00015 -0.02437 -0.00606 -0.01666
0.010000  0.01250 -0.00074 -0.00180 -0.00611  0.00784
0.010000  0.04594  0.00671  0.00472 -0.00910 -0.00784
0.010000 -0.02056 -0.03257 -0.00932  0.00111  0.02205
0.010000  0.04788  0.00683  0.00140  0.01050  0.01198
0.010000 -0.00458 -0.03850 -0.01412  0.01643  0.00274
0.010000 -0.03507 -0.01070 -0.01785 -0.00474 -0.01311
0.010000  0.01113 -0.01680 -0.00003  0.00105  0.01298
0.010000  0.05610  0.03214  0.02494  0.01092  0.01638
0.010000 -0.05302 -0.01250 -0.02579  0.00494 -0.00815
0.010000 -0.06064 -0.06871 -0.06807  0.00798 -0.02137
0.010000 -0.00833  0.01234  0.00870 -0.00171 -0.00327
0.010000  0.05189  0.02410  0.03095  0.00999  0.00397
0.010000 -0.06099 -0.01874 -0.01809 -0.00848 -0.02084
0.010000 -0.04353 -0.00856 -0.01318  0.00366  0.01233
0.010000  0.04039 -0.01613  0.00437  0.02806 -0.01050
0.010000 -0.02662 -0.02471 -0.01280  0.00337  0.00475
0.010000  0.02556  0.00040  0.02110 -0.00353  0.02211
0.010000 -0.03749 -0.01120 -0.03224 -0.01182  0.00160
0.010000 -0.05836  0.00024 -0.00466  0.00592 -0.00487
0.010000 -0.01935  0.00825  0.00769 -0.01557 -0.00378
0.010000 -0.00205  0.03379 -0.00077 -0.00181 -0.01318
0.010000  0.04405  0.04765  0.02341 -0.00928  0.02395
0.010000  0.05826 -0.00149  0.00861 -0.00214  0.01416
0.010000  0.05398  0.03459  0.02513  0.00858  0.02919
0.010000  0.04986  0.04470  0.02927  0.01609  0.00043
0.010000  0.00574 -0.02284 -0.00995  0.00938  0.01099
0.010000 -0.01813 -0.02190 -0.01251  0.00986  0.01118
0.010000 -0.05804 -0.03944 -0.03866 -0.00921 -0.01327
0.010000 -0.00584  0.01208 -0.00436  0.01616 -0.01182
0.010000 -0.01570  0.02229 -0.00339 -0.01354 -0.00403
0.010000  0.01389  0.01484  0.01664 -0.00409 -0.00012
0.010000 -0.01448 -0.01232  0.00061  0.00758 -0.00577
0.010000 -0.05186 -0.00030 -0.00096  0.00564 -0.00684
0.010000 -0.01080  0.01842 -0.00037 -0.00642 -0.01476
0.010000 -0.00709  0.00765 -0.00831  0.01107 -0.01301
0.010000 -0.00077  0.00478  0.00655  0.00111  0.02455
0.010000  0.00841  0.03435  0.00433  0.02125 -0.00434
0.010000 -0.03870 -0.02399 -0.04110 -0.01379 -0.00250
0.010000 -0.04593 -0.00829  0.00087  0.01349  0.01226
0.010000 -0.02299 -0.03286 -0.01854 -0.01197 -0.01741
0.010000 -0.03387  0.01205 -0.00970 -0.01214  0.01177
0.010000  0.00976 -0.04315 -0.02901 -0.00946 -0.00931
0.010000 -0.03266 -0.01717 -0.02017 -0.00243  0.00323
0.010000 -0.01203 -0.00100 -0.00115 -0.00648  0.00025
0.010000 -0.05635 -0.04987 -0.02873  0.00615 -0.01830
