# Scenario generation method from a paper by Hoyland, Kaut & Wallace
# Code by Michal Kaut (michal.kaut@iot.ntnu.n) & Diego Mathieu

#   prob   var  1   var  2   var  3   var  4   var  5
0.010000  0.00904 -0.00996 -0.01204 -0.00297  0.01353
0.010000 -0.03732  0.03171 -0.01199 -0.01693 -0.06705
0.010000 -0.04038 -0.02815 -0.00135  0.00680  0.01942
0.010000 -0.05278 -0.04215 -0.02708  0.00124 -0.02610
0.010000  0.03321  0.00398  0.00583  0.00650  0.07042
0.010000  0.03750  0.03994  0.01810  0.02041  0.00940
0.010000 -0.04853  0.01780 -0.01783 -0.01377 -0.06462
0.010000 -0.06546 -0.01984 -0.04054 -0.02246 -0.03945
0.010000  0.01244 -0.00259 -0.00384  0.00027 -0.01197
0.010000 -0.00833 -0.00994 -0.01134 -0.01018 -0.03312
0.010000  0.05255  0.04408  0.01082 -0.00303  0.06516
0.010000 -0.05437 -0.00968 -0.02448 -0.01921 -0.05215
0.010000  0.08965  0.10961  0.08606  0.01925  0.02669
0.010000 -0.01179  0.03224 -0.00388 -0.00164 -0.05093
0.010000 -0.06250 -0.04484 -0.02924 -0.01885 -0.05588
0.010000 -0.02628 -0.00249  0.04159  0.03569  0.01879
0.010000  0.02769  0.00316  0.00893  0.00745  0.04867
0.010000  0.00279 -0.02970  0.00366 -0.00207 -0.05004
0.010000 -0.03441 -0.03558 -0.01662 -0.01180 -0.01060
0.010000 -0.02112 -0.01708 -0.00785 -0.01022 -0.04998
0.010000 -0.06007 -0.00562 -0.01345 -0.01312 -0.05541
0.010000 -0.01093 -0.01746 -0.00321  0.02679 -0.02311
0.010000  0.01363  0.01674  0.00311 -0.00432 -0.04526
0.010000  0.01737 -0.02464 -0.00984 -0.00945 -0.03181
0.010000 -0.02369  0.01515 -0.00782 -0.01238 -0.01533
0.010000 -0.01689 -0.04264 -0.02052 -0.01137 -0.00937
0.010000  0.02603  0.03093  0.02220  0.02948  0.04050
0.010000 -0.00920  0.03995  0.00196  0.00440 -0.02580
0.010000 -0.02198 -0.01359 -0.01753 -0.00780 -0.02578
0.010000 -0.03537 -0.04685 -0.02682 -0.01117 -0.05378
0.010000  0.03126  0.05571  0.04107  0.07870  0.04621
0.010000 -0.05797 -0.03193 -0.03501  0.01800 -0.04572
0.010000 -0.01434  0.01449 -0.00765  0.00124 -0.03003
0.010000 -0.02455 -0.07108 -0.02696 -0.01411 -0.05308
0.010000  0.03528  0.03778  0.02266  0.01300  0.02004
0.010000  0.01128  0.02438  0.01353 -0.00185 -0.03938
0.010000 -0.01007  0.01841 -0.00307  0.03665  0.04022
0.010000 -0.03162 -0.06124 -0.02601 -0.00566 -0.02225
0.010000 -0.03634 -0.02921 -0.01688 -0.01328 -0.05465
0.010000 -0.00108 -0.02564 -0.01026 -0.00973  0.01903
0.010000 -0.02283 -0.01968 -0.01426 -0.01371 -0.01803
0.010000 -0.04254 -0.07878 -0.03032 -0.00174  0.02201
0.010000  0.02293  0.05906  0.03078  0.03553  0.01614
0.010000  0.06292  0.04527  0.07097  0.02220  0.06635
0.010000 -0.04601 -0.06197 -0.02902 -0.01467 -0.05618
0.010000 -0.06973 -0.03621 -0.04001 -0.02053 -0.06385
0.010000 -0.01264 -0.01389 -0.01456 -0.01390 -0.05752
0.010000  0.00583 -0.03159 -0.00349 -0.00572  0.04568
0.010000  0.04875  0.02391  0.01778  0.01009  0.05550
0.010000 -0.03832 -0.05862 -0.01366 -0.00197 -0.05709
0.010000 -0.04987 -0.01634 -0.01840 -0.01548 -0.04252
0.010000 -0.04482 -0.05272 -0.02477 -0.01629 -0.06011
0.010000 -0.05609 -0.00639 -0.00328 -0.01005 -0.02921
0.010000 -0.04724 -0.03836 -0.02323 -0.00064 -0.03242
0.010000  0.02006  0.03578  0.00716 -0.00432 -0.01880
0.010000 -0.00567 -0.02844  0.01675  0.05294  0.05018
0.010000  0.04545  0.04217  0.01877  0.05038  0.06830
0.010000 -0.00386 -0.02283 -0.00873 -0.00388 -0.03471
0.010000 -0.01773 -0.03595 -0.01789  0.00364  0.02199
0.010000 -0.02981 -0.01864 -0.02140  0.00535 -0.03456
0.010000 -0.01858 -0.00857 -0.01745  0.01097  0.00446
0.010000  0.02943  0.03878  0.00963  0.00979  0.06883
0.010000  0.02445  0.00487 -0.00201 -0.00098  0.02374
0.010000  0.01015  0.01493  0.00793  0.01407  0.02517
0.010000 -0.00294  0.00759 -0.01149 -0.01023 -0.04511
0.010000  0.03990  0.01503  0.03257  0.01167  0.02278
0.010000  0.07119  0.05776  0.03064  0.04935  0.05745
0.010000 -0.03347 -0.00864 -0.01414 -0.01126 -0.06357
0.010000  0.00083 -0.00946 -0.00914 -0.00876  0.00955
0.010000 -0.01943 -0.01997 -0.02132  0.01795  0.03906
0.010000 -0.03071 -0.01019 -0.00365  0.02609  0.04683
0.010000  0.01609  0.00582 -0.00032  0.00234  0.03563
0.010000  0.05712  0.07011  0.05751  0.01540  0.03712
0.010000 -0.02892 -0.03976 -0.02264 -0.00596 -0.03954
0.010000 -0.03254 -0.02721 -0.02543 -0.01763 -0.02058
0.010000 -0.02541 -0.01874 -0.01874 -0.01511 -0.00405
0.010000 -0.00202  0.00310 -0.01094 -0.01262 -0.01587
0.010000  0.04254  0.02346  0.00744  0.00256  0.00221
0.010000 -0.02715 -0.02978 -0.01424 -0.01215  0.00068
0.010000  0.00688 -0.00426  0.01508  0.00171 -0.02393
0.010000  0.01869  0.01856  0.00063 -0.00340 -0.01255
0.010000  0.00795 -0.00530  0.00064  0.02134 -0.01538
0.010000  0.01484 -0.04172  0.00818  0.01654 -0.00042
0.010000  0.02147  0.03764  0.03423  0.06931  0.03410
0.010000  0.00379 -0.01330 -0.00404 -0.00201  0.00575
0.010000 -0.03934 -0.01842 -0.02064 -0.01696 -0.05615
0.010000 -0.02027  0.05972  0.00567 -0.00012 -0.00770
0.010000 -0.01519  0.01110 -0.00901  0.00202 -0.03760
0.010000 -0.01349 -0.01577 -0.01454 -0.01374 -0.01893
0.010000 -0.00013  0.01815 -0.00747 -0.00714  0.00571
0.010000 -0.04145 -0.04365 -0.02560 -0.01595 -0.06175
0.010000 -0.01604 -0.00486 -0.01300 -0.00813  0.03855
0.010000 -0.02803 -0.01017 -0.00370 -0.00800  0.00578
0.010000 -0.00656 -0.00298  0.00055  0.01395 -0.03472
0.010000  0.00480 -0.02459 -0.01369  0.07347  0.07022
0.010000 -0.05128 -0.04576 -0.02110 -0.01600 -0.05942
0.010000 -0.04366 -0.00417 -0.00997  0.00283 -0.05574
0.010000  0.00180  0.02182 -0.00526 -0.00664 -0.03243
0.010000 -0.00745 -0.03247 -0.01501 -0.01235 -0.04608
0.010000 -0.00477 -0.00666 -0.00432 -0.00729 -0.02123
