# Scenario generation method from a paper by Hoyland, Kaut & Wallace
# Code by Michal Kaut (michal.kaut@iot.ntnu.n) & Diego Mathieu

#   prob   var  1   var  2   var  3   var  4   var  5
0.010000 -0.01688  0.04377  0.01360 -0.00016  0.01108
0.010000 -0.01047 -0.00225  0.00423  0.01357 -0.00227
0.010000 -0.01844 -0.01684 -0.00792  0.01478  0.00730
0.010000 -0.02618  0.02826 -0.00576  0.00103 -0.00470
0.010000 -0.01451  0.03458 -0.00957 -0.01799 -0.01189
0.010000 -0.04723 -0.01272  0.01077  0.00243 -0.00834
0.010000  0.00416  0.03795  0.00624 -0.00005 -0.00566
0.010000  0.02040  0.04887  0.01749  0.00060  0.00643
0.010000  0.00522  0.00162 -0.00626 -0.01860  0.00242
0.010000  0.01087  0.00183  0.00046 -0.00344  0.00132
0.010000 -0.02696  0.03621 -0.00154 -0.01843 -0.01021
0.010000 -0.02154  0.00020 -0.01179 -0.01949  0.00082
0.010000 -0.00711 -0.02577 -0.01801 -0.01122 -0.00601
0.010000 -0.05515 -0.04380 -0.04439  0.00220 -0.00563
0.010000 -0.04957 -0.02765 -0.01274  0.00979 -0.00888
0.010000 -0.02386 -0.00892 -0.01353 -0.01290  0.00211
0.010000 -0.06118 -0.03809 -0.02151 -0.00015 -0.02099
0.010000 -0.01130 -0.00649 -0.00320 -0.00288 -0.01354
0.010000 -0.03171 -0.00843 -0.02534 -0.01723 -0.00978
0.010000  0.00629  0.02867 -0.00481 -0.01326 -0.00209
0.010000 -0.01530  0.01611 -0.00507 -0.00525 -0.00731
0.010000  0.09199  0.03448  0.05188  0.00646  0.02090
0.010000 -0.01372 -0.01054 -0.01450 -0.00647 -0.01289
0.010000 -0.02076  0.00965 -0.00181  0.00102 -0.00477
0.010000 -0.03754 -0.00434 -0.00665 -0.00563 -0.01077
0.010000  0.03619  0.01951  0.00984  0.00690  0.00759
0.010000 -0.02308 -0.03761 -0.02205 -0.00919 -0.00934
0.010000  0.01336  0.03914  0.01163  0.00425  0.00317
0.010000 -0.05359 -0.04415 -0.03135  0.00845 -0.01465
0.010000 -0.02463 -0.03876 -0.00476  0.00566  0.00036
0.010000 -0.02932 -0.03569 -0.00785 -0.00122 -0.00412
0.010000 -0.00266  0.02274  0.02471  0.01965 -0.00516
0.010000 -0.05216 -0.00349 -0.00502 -0.00247 -0.02697
0.010000  0.00212  0.02184 -0.01608 -0.01953  0.00068
0.010000 -0.00080  0.01766 -0.02676  0.00154 -0.00410
0.010000  0.00852  0.03610  0.00803  0.00184 -0.00338
0.010000  0.02543 -0.02188  0.00575 -0.00162  0.00576
0.010000 -0.02231  0.00704  0.00260  0.02418  0.00612
0.010000 -0.03252 -0.02048 -0.01828  0.00064  0.00304
0.010000  0.05452  0.05156  0.02785 -0.00170  0.01181
0.010000 -0.04115 -0.04255 -0.00643  0.02393 -0.00149
0.010000 -0.03842 -0.03885 -0.01442  0.00208 -0.00064
0.010000  0.02927 -0.01257  0.00255 -0.00137  0.00053
0.010000 -0.00448  0.00203 -0.00368  0.00841  0.01020
0.010000 -0.05082 -0.00843  0.01851  0.01249 -0.00014
0.010000 -0.01292 -0.01736 -0.00448 -0.00695 -0.00841
0.010000  0.03140  0.05832  0.02345 -0.00997  0.00428
0.010000  0.01210 -0.01258  0.00428 -0.00531  0.00765
0.010000  0.06091  0.04870  0.02371 -0.01336  0.01095
0.010000 -0.01921 -0.03073 -0.00952  0.00253 -0.00448
0.010000 -0.01999 -0.01886 -0.01390  0.00140  0.00106
0.010000 -0.02541 -0.01899 -0.01187 -0.00468 -0.00802
0.010000 -0.04837 -0.03630 -0.03154 -0.00950 -0.01074
0.010000 -0.02774 -0.03131 -0.03449 -0.00964  0.01080
0.010000 -0.04209 -0.02981 -0.00597 -0.00519  0.00052
0.010000  0.07022  0.01400  0.02010 -0.00964  0.01806
0.010000  0.04201  0.00894  0.00214 -0.00676  0.00490
0.010000 -0.03011 -0.03267 -0.00756  0.00459  0.00003
0.010000 -0.04508  0.02501  0.00000 -0.00712 -0.00645
0.010000  0.00113 -0.01786  0.00891  0.00271  0.00542
0.010000 -0.00965  0.00300 -0.00891  0.01341 -0.01394
0.010000 -0.03583 -0.04136  0.00018  0.00189  0.02370
0.010000  0.04550  0.00898  0.02564  0.00611  0.00698
0.010000 -0.05883 -0.00447 -0.00010 -0.00075 -0.01252
0.010000 -0.04022 -0.02083 -0.01299 -0.00316 -0.01261
0.010000 -0.03499 -0.00661 -0.03211 -0.01907 -0.00091
0.010000 -0.00536 -0.03057  0.00255 -0.00035 -0.00580
0.010000 -0.00624 -0.03034 -0.01831  0.00480  0.00824
0.010000 -0.01211  0.00106  0.00059  0.00418  0.00724
0.010000 -0.03416 -0.00196 -0.02601  0.01235 -0.00674
0.010000 -0.04306 -0.03726 -0.00917  0.00067 -0.00593
0.010000  0.01467 -0.00929  0.01194 -0.00981  0.04151
0.010000 -0.06437 -0.01251 -0.00705 -0.00709 -0.00657
0.010000  0.02199 -0.01128  0.00897 -0.01570  0.00763
0.010000  0.02366  0.02221  0.00609 -0.00555  0.01525
0.010000 -0.00796 -0.00349 -0.01098  0.00253 -0.00228
0.010000 -0.01609 -0.02136 -0.00848  0.00448 -0.00809
0.010000 -0.01766  0.03809  0.01476 -0.00039  0.00119
0.010000  0.00016 -0.01829 -0.00815  0.00394  0.01237
0.010000  0.00313 -0.02815 -0.00458  0.00088  0.02207
0.010000  0.00739 -0.00950  0.01740  0.00911  0.01133
0.010000 -0.03668 -0.02849  0.00550 -0.00185  0.02457
0.010000 -0.00358 -0.00076  0.00747 -0.01928 -0.00397
0.010000 -0.04614  0.01523 -0.00817  0.02786  0.00513
0.010000  0.01888  0.01924  0.00479 -0.01063 -0.00160
0.010000  0.01602  0.00492  0.01887  0.01077  0.01766
0.010000  0.03894  0.04549  0.01835 -0.00889  0.01766
0.010000 -0.03931  0.00962 -0.00393 -0.00158 -0.00977
0.010000 -0.03333 -0.03788 -0.01688  0.00033 -0.00715
0.010000 -0.03091 -0.01846 -0.01557 -0.01537 -0.00808
0.010000 -0.00174  0.02738  0.00074  0.00430 -0.00773
0.010000 -0.00881 -0.02828 -0.00887 -0.00966 -0.00524
0.010000 -0.02853 -0.03877 -0.01322  0.00270 -0.00592
0.010000 -0.05687  0.02579 -0.01269 -0.01613 -0.01674
0.010000 -0.04405 -0.03550 -0.00930 -0.00098 -0.00993
0.010000  0.01742 -0.02474  0.01024  0.01633  0.02452
0.010000  0.03369  0.02001  0.01409  0.01190  0.00850
0.010000  0.00968  0.04131  0.01364  0.00772  0.00322
0.010000  0.02729  0.02723  0.00472 -0.01070  0.00268
0.010000  0.04958  0.04824  0.02749  0.00262  0.01869
