# Scenario generation method from a paper by Hoyland, Kaut & Wallace
# Code by Michal Kaut (michal.kaut@iot.ntnu.n) & Diego Mathieu

#   prob   var  1   var  2   var  3   var  4   var  5
0.010000  0.00001  0.02222 -0.00473 -0.00538 -0.00015
0.010000  0.02224  0.00878 -0.00617  0.01300  0.01161
0.010000 -0.02052 -0.02534 -0.00700  0.01691  0.00716
0.010000 -0.01450  0.01576 -0.01017  0.02378 -0.02365
0.010000  0.01189  0.02495  0.02271  0.00032 -0.02443
0.010000 -0.02185  0.00864 -0.01269  0.00764  0.03182
0.010000 -0.02469 -0.02530 -0.01218 -0.00074  0.08502
0.010000  0.00220 -0.01682 -0.01466  0.00798  0.01159
0.010000 -0.01863 -0.00489 -0.01462 -0.01296 -0.03324
0.010000  0.00165  0.02344 -0.00063  0.01615 -0.00777
0.010000 -0.02323  0.00789  0.01280  0.03457  0.00176
0.010000 -0.01801 -0.00316 -0.00689  0.02507  0.01422
0.010000 -0.01988 -0.02549 -0.00700 -0.00547 -0.00944
0.010000  0.02919  0.02203 -0.00052 -0.01367  0.02319
0.010000  0.01779 -0.00041  0.01534  0.00958  0.04260
0.010000 -0.02253 -0.01716 -0.01359 -0.00141 -0.01676
0.010000 -0.00849 -0.01097  0.00715  0.00983 -0.00378
0.010000  0.02784  0.02620  0.02102  0.00807 -0.00491
0.010000 -0.02395 -0.01771  0.01058  0.00640 -0.00028
0.010000 -0.01117  0.01403 -0.00523  0.02253 -0.02759
0.010000  0.03066  0.02959  0.00527 -0.01584 -0.01296
0.010000 -0.03215 -0.02176 -0.01459  0.01210 -0.01396
0.010000  0.02430  0.01452  0.00868  0.01798  0.00557
0.010000  0.00110  0.01874  0.00962  0.02146  0.00775
0.010000 -0.02706 -0.01069 -0.01590 -0.00276 -0.01674
0.010000  0.00389  0.02630 -0.00268 -0.01863  0.05185
0.010000  0.00276  0.00405 -0.01041  0.01170  0.02072
0.010000 -0.01507  0.00653  0.01211  0.02605 -0.01468
0.010000 -0.00795  0.01563  0.00311  0.00848 -0.00754
0.010000 -0.02118  0.00266 -0.01304  0.02703  0.03403
0.010000  0.00991 -0.00604  0.00133 -0.00173 -0.00303
0.010000  0.03229  0.03045  0.01204  0.02518 -0.00817
0.010000  0.01544  0.01468 -0.00634  0.02076 -0.01724
0.010000 -0.00478  0.01621 -0.00144  0.01164  0.02759
0.010000 -0.00053  0.02253 -0.00631  0.01709  0.01550
0.010000 -0.00106  0.00598 -0.00832 -0.00168 -0.03487
0.010000  0.02658  0.00620  0.04468 -0.01765  0.01813
0.010000 -0.00372  0.01260 -0.00936  0.00920 -0.02512
0.010000  0.00056 -0.00498 -0.00701 -0.01081  0.00848
0.010000  0.02324  0.02940  0.01079  0.02053  0.00890
0.010000  0.00332  0.02589  0.00355  0.01563 -0.02348
0.010000 -0.00531 -0.01066 -0.01447 -0.03525 -0.02454
0.010000 -0.00425 -0.01657 -0.01571 -0.01486 -0.01125
0.010000  0.01699  0.02162  0.00143  0.01383 -0.01370
0.010000  0.01948  0.02162  0.01013  0.01305 -0.02037
0.010000  0.00446  0.02346 -0.00141  0.01435  0.04558
0.010000 -0.00902  0.01847  0.03762  0.04179 -0.00978
0.010000  0.03625  0.02256  0.04649  0.02654  0.07907
0.010000  0.00803  0.02175  0.03481  0.01992  0.03045
0.010000 -0.00213 -0.00298  0.00617  0.01200 -0.01883
0.010000 -0.02545 -0.01505 -0.01314 -0.00191  0.00195
0.010000 -0.00742 -0.00712  0.03397  0.02455  0.03529
0.010000  0.01326  0.02734  0.00216  0.00917 -0.02451
0.010000 -0.01682 -0.01824 -0.01618 -0.00230 -0.01676
0.010000 -0.01282 -0.00309 -0.01006  0.02826 -0.00897
0.010000 -0.03070 -0.00067 -0.01471  0.00604 -0.03784
0.010000 -0.02624 -0.00832  0.02690  0.02479  0.02318
0.010000 -0.01009 -0.02334 -0.01381 -0.02072 -0.02214
0.010000 -0.00583 -0.01857 -0.01413 -0.01178 -0.02849
0.010000  0.00681  0.01931 -0.00324 -0.00810  0.02739
0.010000 -0.01741 -0.02525 -0.00153  0.01425 -0.01474
0.010000  0.00504 -0.00821 -0.00277  0.02369  0.02315
0.010000  0.00621  0.00598 -0.01038 -0.02386 -0.01385
0.010000  0.04223  0.02588  0.03946  0.00079  0.01189
0.010000  0.01862  0.01022  0.01015  0.01490  0.02739
0.010000  0.02541  0.02702  0.04386  0.00311  0.02994
0.010000 -0.00160 -0.00375  0.02570  0.01263  0.04318
0.010000  0.01620  0.01062  0.00170  0.00154 -0.01160
0.010000 -0.00636  0.01143  0.00600  0.01874  0.02832
0.010000 -0.01394 -0.00116 -0.01294  0.02725 -0.01733
0.010000 -0.02880  0.00158 -0.00230  0.00083  0.01705
0.010000 -0.00955 -0.02240  0.03162 -0.04153  0.03702
0.010000 -0.02791 -0.02548 -0.01750  0.00852  0.00229
0.010000  0.01056  0.02760 -0.00122  0.00702  0.00209
0.010000  0.01470  0.01896 -0.00314 -0.00303  0.01900
0.010000  0.01397  0.02795  0.00653  0.02246 -0.01157
0.010000  0.00927 -0.00175 -0.00757  0.00249 -0.02241
0.010000  0.02128  0.02113 -0.00130 -0.01557  0.00258
0.010000 -0.01063  0.01767 -0.00925  0.01371 -0.00866
0.010000 -0.00689 -0.00241 -0.00926 -0.00355 -0.00854
0.010000  0.03413  0.02987  0.04534  0.02623  0.01707
0.010000 -0.01338  0.00749  0.01964  0.00112  0.00380
0.010000 -0.01227  0.01116  0.00349  0.01063 -0.00012
0.010000 -0.01925 -0.00717 -0.01171  0.01080  0.00009
0.010000 -0.01623 -0.00210 -0.00144  0.01564  0.02295
0.010000  0.01122  0.02832 -0.00018  0.01962  0.03978
0.010000  0.04844  0.01285  0.04433  0.01793  0.01553
0.010000  0.02036  0.02898  0.04188  0.01144  0.02126
0.010000  0.01257  0.00987 -0.00504  0.00299  0.00566
0.010000 -0.02973 -0.01907 -0.01614  0.01502 -0.01253
0.010000 -0.01565 -0.00450  0.00273  0.01312  0.00084
0.010000 -0.03169 -0.02670 -0.01726  0.00620 -0.03952
0.010000  0.00741 -0.01144  0.03711 -0.00703  0.02350
0.010000 -0.00266 -0.01026 -0.01431  0.01410 -0.00731
0.010000  0.03882  0.03076  0.02729  0.00785 -0.00912
0.010000 -0.00319 -0.01296 -0.00120 -0.02636 -0.02378
0.010000  0.00865 -0.01358 -0.01299 -0.00812 -0.00646
0.010000  0.00563 -0.00838  0.00904 -0.00020  0.02213
0.010000 -0.01172 -0.01987  0.01835 -0.01910  0.02703
0.010000 -0.03259 -0.02376 -0.01732  0.00240 -0.02769
