# Scenario generation method from a paper by Hoyland, Kaut & Wallace
# Code by Michal Kaut (michal.kaut@iot.ntnu.n) & Diego Mathieu

#   prob   var  1   var  2   var  3   var  4   var  5
0.010000 -0.03703 -0.02830 -0.02957 -0.01105 -0.04488
0.010000 -0.00275 -0.00790  0.00194 -0.00346  0.01088
0.010000  0.00018  0.01000 -0.00456  0.00642  0.01168
0.010000 -0.02191 -0.01077 -0.01989 -0.01040 -0.02151
0.010000  0.00577  0.00320  0.00374  0.00936  0.01669
0.010000  0.02474  0.00532  0.00908  0.01434 -0.02834
0.010000  0.01414  0.00825  0.01785  0.01587 -0.01279
0.010000 -0.02414 -0.02411  0.02581  0.01814  0.07056
0.010000 -0.02121 -0.01519 -0.00417 -0.00832  0.02785
0.010000 -0.02493 -0.00863 -0.02183 -0.01410  0.00118
0.010000  0.01213 -0.00788  0.02296  0.02052 -0.00290
0.010000 -0.04093 -0.03356 -0.03402 -0.00915 -0.04335
0.010000 -0.01674 -0.02089 -0.01306 -0.00678 -0.00498
0.010000  0.01027 -0.01378  0.02219  0.00575 -0.01002
0.010000  0.00967  0.00489 -0.00220  0.00562 -0.02404
0.010000 -0.01500  0.00458 -0.01143 -0.00639  0.00450
0.010000  0.01278  0.00610  0.01528  0.01959  0.00814
0.010000  0.00524 -0.00496  0.00534  0.00627  0.02708
0.010000 -0.02053 -0.01775  0.00626  0.00712  0.03090
0.010000  0.00685  0.00017 -0.00136  0.00214  0.01697
0.010000 -0.00964 -0.02710 -0.01541 -0.05816 -0.00568
0.010000  0.00318 -0.00502  0.00584  0.00746  0.01855
0.010000 -0.00420 -0.00533 -0.00786 -0.01086 -0.02798
0.010000  0.00369  0.01003  0.02479  0.02489  0.00674
0.010000 -0.01119 -0.01935 -0.00874 -0.01287  0.01159
0.010000 -0.00226 -0.01878  0.00451 -0.00777 -0.00881
0.010000 -0.02337 -0.01540 -0.00502 -0.00434  0.02062
0.010000 -0.00813  0.00435  0.00235  0.00466  0.00728
0.010000 -0.00863 -0.02665  0.01143  0.00251  0.00218
0.010000 -0.02263 -0.02045 -0.02531 -0.02572 -0.01439
0.010000 -0.01858  0.00269 -0.01929 -0.01994 -0.03575
0.010000  0.02204  0.00004  0.03583  0.03923  0.00493
0.010000 -0.01987 -0.02737 -0.02093 -0.02116 -0.03729
0.010000 -0.00372 -0.00693 -0.00845 -0.00153 -0.01713
0.010000 -0.01015 -0.02358  0.01145 -0.01519 -0.00277
0.010000 -0.00763 -0.00783 -0.01369 -0.01428  0.00485
0.010000  0.02649  0.01270  0.05325  0.06438  0.04493
0.010000 -0.03546 -0.03156 -0.02178 -0.00723 -0.03471
0.010000  0.01149  0.01164 -0.00002  0.00842 -0.02081
0.010000  0.00267 -0.00956 -0.01857 -0.01217 -0.01732
0.010000  0.01087  0.01046  0.01120  0.02163 -0.00691
0.010000 -0.02749 -0.01239  0.00714  0.01532  0.03010
0.010000 -0.01388 -0.01644 -0.00656 -0.00908 -0.00674
0.010000  0.00420 -0.01137 -0.00234 -0.01407 -0.03039
0.010000  0.01636  0.01110  0.02408  0.01689 -0.00855
0.010000  0.00472 -0.00569  0.00348  0.08030 -0.06486
0.010000 -0.01615  0.00259 -0.01608 -0.01702  0.00460
0.010000 -0.00469 -0.00060 -0.01365 -0.00803 -0.00878
0.010000 -0.01067  0.00009 -0.02026 -0.01073 -0.01599
0.010000 -0.01172  0.00052 -0.01116 -0.00223 -0.01417
0.010000 -0.01278 -0.00398  0.00715  0.01240  0.01987
0.010000 -0.00323 -0.02034  0.08422  0.05970  0.05325
0.010000  0.00068  0.00540 -0.01275 -0.00570 -0.02308
0.010000 -0.01922 -0.03042 -0.02190 -0.00727 -0.03712
0.010000 -0.03045 -0.01386 -0.01751 -0.01053 -0.01946
0.010000  0.00909  0.01253  0.00259  0.00700  0.00847
0.010000 -0.01225 -0.02038 -0.01474 -0.00903 -0.03613
0.010000  0.00795 -0.01541  0.00276  0.00603 -0.02349
0.010000  0.01345  0.00721  0.04231  0.03241  0.01548
0.010000  0.00631 -0.00555  0.01366  0.00757  0.01766
0.010000  0.01891  0.01342  0.02042  0.02537  0.03608
0.010000  0.01559  0.01210 -0.00540  0.00154  0.05670
0.010000 -0.00031  0.00883 -0.01059 -0.00218 -0.02877
0.010000 -0.04354 -0.01294 -0.02955 -0.01491 -0.00794
0.010000 -0.02575 -0.01280 -0.00859 -0.01034  0.00143
0.010000 -0.01443  0.00173 -0.01300 -0.00456 -0.01031
0.010000 -0.00566  0.00186 -0.01458 -0.01554 -0.03293
0.010000 -0.03404 -0.01753 -0.02179 -0.01356  0.00249
0.010000 -0.01734 -0.00128 -0.00249 -0.00068 -0.01872
0.010000 -0.01333 -0.02390 -0.00434 -0.00688  0.02563
0.010000 -0.00713 -0.02483 -0.00053 -0.00755 -0.01899
0.010000  0.01717  0.01338  0.00587  0.01043 -0.02899
0.010000 -0.02843 -0.00684 -0.01787 -0.01352  0.00535
0.010000  0.02091  0.01349  0.00028  0.00389 -0.02815
0.010000 -0.00913  0.00061 -0.01020 -0.01020 -0.02138
0.010000 -0.01557 -0.00240 -0.00620  0.00133 -0.01198
0.010000 -0.00129 -0.00620 -0.00878 -0.01534 -0.03387
0.010000  0.00852 -0.00634 -0.00009 -0.00467  0.00611
0.010000  0.00117 -0.01140 -0.00297 -0.00592 -0.01065
0.010000 -0.02660 -0.01986 -0.01767 -0.01121 -0.00931
0.010000 -0.03882 -0.03350 -0.02337 -0.01816 -0.02226
0.010000 -0.00080 -0.01544 -0.01022 -0.02915 -0.03642
0.010000  0.01802  0.00996  0.05702  0.05215  0.04838
0.010000 -0.00177 -0.00690  0.04018  0.03424  0.07320
0.010000 -0.05435 -0.02123 -0.03415 -0.01380 -0.02597
0.010000  0.00217  0.01090  0.00875  0.00829  0.02838
0.010000  0.01987  0.01162  0.01125  0.01746 -0.02429
0.010000 -0.04712 -0.03358 -0.03119 -0.05646 -0.02402
0.010000  0.02330  0.01000  0.02055  0.02934 -0.01420
0.010000  0.00740  0.00493  0.02268  0.00992 -0.00597
0.010000 -0.00517  0.00784 -0.00235  0.01028  0.00889
0.010000 -0.01796 -0.02577 -0.02307 -0.01218 -0.02466
0.010000  0.02883  0.01264  0.04136  0.05068 -0.00889
0.010000 -0.00615 -0.02388 -0.00581 -0.00716 -0.00825
0.010000 -0.02941 -0.02043 -0.03401 -0.01258 -0.05041
0.010000 -0.00664 -0.00571 -0.00613 -0.00229 -0.01887
0.010000 -0.03275 -0.02842 -0.01436 -0.02507 -0.00265
0.010000 -0.03156 -0.02330 -0.01804 -0.02027 -0.03175
0.010000  0.00167  0.00771 -0.00313 -0.00077 -0.02123
0.010000  0.01485  0.01218  0.01207  0.01618 -0.00504
