# Scenario generation method from a paper by Hoyland, Kaut & Wallace
# Code by Michal Kaut (michal.kaut@iot.ntnu.n) & Diego Mathieu

#   prob   var  1   var  2   var  3   var  4   var  5
0.010000 -0.03459 -0.02724 -0.00659 -0.01279 -0.01248
0.010000  0.05224  0.03495  0.01115 -0.01172  0.01580
0.010000 -0.02242 -0.02560 -0.01627 -0.01583 -0.00909
0.010000 -0.02039 -0.02599 -0.00944  0.00388 -0.00142
0.010000 -0.00564 -0.01823 -0.00178  0.00346 -0.00800
0.010000  0.02529  0.03505  0.02621 -0.00872  0.00952
0.010000 -0.02828 -0.00860 -0.01257 -0.01988 -0.01528
0.010000  0.00130 -0.01788  0.01382  0.02268  0.01132
0.010000 -0.00361 -0.00572 -0.01350 -0.00142  0.01126
0.010000  0.04579  0.01613  0.01723  0.01048  0.00971
0.010000 -0.01107 -0.00229 -0.01857  0.00535 -0.00833
0.010000 -0.02933 -0.02612 -0.00590 -0.00125 -0.00397
0.010000 -0.02314 -0.02642 -0.01627  0.00426 -0.00438
0.010000 -0.00514 -0.00077 -0.00072  0.02311 -0.00462
0.010000 -0.00712  0.00417  0.00774 -0.00686 -0.00117
0.010000 -0.01976  0.00746  0.02199 -0.01536  0.03378
0.010000 -0.02104 -0.02635 -0.01328 -0.00969 -0.00509
0.010000 -0.00811 -0.02384 -0.00550 -0.00733  0.00340
0.010000 -0.01257 -0.00284 -0.01885 -0.00809 -0.00455
0.010000 -0.00463 -0.02307 -0.00038  0.01739 -0.00028
0.010000  0.00710  0.00571 -0.01208 -0.00687 -0.00194
0.010000 -0.00204 -0.00557  0.01596  0.02165 -0.00467
0.010000 -0.03047 -0.01988 -0.01429 -0.01752 -0.00437
0.010000  0.06233  0.01524  0.01390  0.01326  0.00449
0.010000  0.08945  0.04225  0.03644  0.01946  0.03864
0.010000  0.01375 -0.00601  0.02473  0.01899  0.01615
0.010000  0.00437  0.00453 -0.00781 -0.01570 -0.00278
0.010000 -0.01571  0.00099 -0.00732 -0.00692 -0.00759
0.010000  0.02714  0.01900  0.00064  0.00135  0.00282
0.010000 -0.01625 -0.02412 -0.00127 -0.00635 -0.00529
0.010000 -0.02172 -0.02582 -0.00792  0.01002 -0.00072
0.010000 -0.02468 -0.00159 -0.00029 -0.01954 -0.00841
0.010000 -0.00310 -0.00942  0.04951  0.00399  0.00909
0.010000  0.00249  0.01677 -0.01051  0.01856 -0.00593
0.010000  0.00015  0.00755 -0.00362 -0.00047 -0.00557
0.010000 -0.02638 -0.01423 -0.00539 -0.00503 -0.00857
0.010000  0.01017  0.01444 -0.00197 -0.01553  0.01378
0.010000 -0.04075 -0.02199 -0.01693 -0.00905 -0.01473
0.010000 -0.00909 -0.01563 -0.01435 -0.01581  0.00292
0.010000  0.00783  0.02770 -0.01034  0.00311 -0.00920
0.010000  0.01280  0.00212  0.01880 -0.00490  0.00757
0.010000 -0.00413  0.01619 -0.01938  0.00468 -0.01046
0.010000 -0.00257 -0.01851  0.01441 -0.00125 -0.00204
0.010000 -0.01795 -0.02589 -0.00936 -0.01431 -0.00548
0.010000 -0.01681 -0.00215  0.00821 -0.01406  0.00155
0.010000  0.03417  0.01000  0.00878  0.04096  0.01536
0.010000 -0.02551  0.01664 -0.01841  0.01560 -0.01427
0.010000 -0.01308 -0.02504 -0.00393 -0.00809 -0.00446
0.010000 -0.00958 -0.00909  0.00429 -0.01037  0.00385
0.010000  0.00310  0.02862 -0.01526 -0.01358 -0.00025
0.010000 -0.00614 -0.02348 -0.00000 -0.01033 -0.00206
0.010000 -0.01737 -0.02582  0.00135  0.00662  0.00177
0.010000 -0.01464 -0.02542 -0.00973 -0.00335 -0.00119
0.010000  0.02064  0.00388  0.02773 -0.00388  0.01040
0.010000 -0.05427 -0.02597 -0.01785 -0.02035 -0.00930
0.010000  0.00502 -0.00338 -0.01179  0.04000 -0.00198
0.010000  0.00858 -0.01684  0.03745  0.00491 -0.00047
0.010000  0.01931  0.01259  0.00846 -0.00496  0.00502
0.010000  0.00639  0.01176 -0.00158 -0.01026  0.00969
0.010000  0.02361  0.01122  0.04708  0.00690  0.01141
0.010000 -0.07150 -0.03301 -0.01249 -0.01284 -0.00936
0.010000 -0.00151 -0.01305 -0.01311 -0.01151  0.02076
0.010000  0.04104  0.03044  0.03506  0.00129  0.00896
0.010000 -0.00041  0.01822 -0.00309  0.00301 -0.00664
0.010000 -0.01008 -0.02025 -0.01355  0.01991 -0.00031
0.010000  0.00569 -0.01369  0.00039  0.01075  0.01104
0.010000  0.03729  0.02990 -0.00149 -0.00911  0.00579
0.010000  0.00072 -0.01848 -0.00818 -0.01403 -0.01275
0.010000 -0.01057 -0.02430  0.00684 -0.01271 -0.00322
0.010000 -0.01854 -0.02197 -0.01406 -0.00979 -0.01174
0.010000  0.01806  0.00480  0.01462 -0.00219  0.00583
0.010000 -0.01359 -0.01299  0.01584  0.01212  0.01256
0.010000  0.00372 -0.01204  0.02821  0.00722  0.01879
0.010000  0.01579  0.01725 -0.01052  0.00187 -0.00458
0.010000 -0.01517 -0.01255 -0.01612 -0.00209 -0.00528
0.010000 -0.03171 -0.02412 -0.01519 -0.01556 -0.00153
0.010000  0.01474 -0.00936  0.01229 -0.00603  0.00589
0.010000 -0.03633 -0.00663  0.00297 -0.01808 -0.00677
0.010000 -0.01157 -0.01417 -0.01627 -0.00035 -0.00360
0.010000 -0.00762 -0.00986 -0.01621 -0.01771 -0.00089
0.010000 -0.02389 -0.02385  0.01744 -0.00992 -0.00155
0.010000  0.03152  0.01893  0.00101  0.02032 -0.00227
0.010000 -0.00860 -0.02235  0.00287 -0.00513  0.00674
0.010000  0.01189 -0.01425  0.02078 -0.00626  0.01487
0.010000 -0.00096 -0.02137 -0.00368 -0.00463 -0.00023
0.010000 -0.02730 -0.02284  0.00144  0.00579  0.00508
0.010000 -0.03834 -0.02537 -0.00495 -0.01663 -0.01258
0.010000 -0.01411 -0.02515  0.02798 -0.01116 -0.00353
0.010000 -0.00663  0.00559  0.01843  0.02698  0.00005
0.010000 -0.04379 -0.02448 -0.01671 -0.01736 -0.01952
0.010000  0.00937  0.01221  0.00398  0.00495  0.02153
0.010000 -0.01207 -0.01505 -0.01338 -0.00601  0.00432
0.010000  0.01101 -0.01538 -0.00205  0.02122  0.00286
0.010000 -0.03307 -0.01721 -0.00214  0.01037 -0.00984
0.010000  0.02206  0.00238 -0.00362  0.01118 -0.00006
0.010000 -0.04788 -0.02539 -0.00058 -0.00766 -0.01157
0.010000  0.00188  0.00364 -0.01449 -0.01587  0.00332
0.010000 -0.01914 -0.02334 -0.01289 -0.01354 -0.01485
0.010000  0.01689 -0.01109  0.00109  0.02695  0.00628
0.010000  0.02920  0.01417 -0.00187  0.00433  0.00326
