# Scenario generation method from a paper by Hoyland, Kaut & Wallace
# Code by Michal Kaut (michal.kaut@iot.ntnu.n) & Diego Mathieu

#   prob   var  1   var  2   var  3   var  4   var  5
0.010000  0.00027 -0.03019  0.00638 -0.00253  0.01534
0.010000 -0.00690  0.01974 -0.00654  0.01253 -0.03323
0.010000 -0.00776  0.01794 -0.01021  0.01579 -0.03196
0.010000 -0.00248 -0.00884 -0.00206 -0.01774  0.01940
0.010000 -0.01277 -0.04981 -0.01839 -0.00980  0.01666
0.010000 -0.02626 -0.02633 -0.02059  0.01189 -0.01287
0.010000 -0.00427 -0.02430 -0.00581 -0.00725  0.07290
0.010000 -0.02992 -0.05048 -0.00192  0.00989  0.05093
0.010000  0.03077  0.03184  0.02919  0.02606  0.01933
0.010000 -0.01196 -0.01975 -0.00487 -0.00983  0.00910
0.010000  0.02110  0.00605  0.01413 -0.01793  0.07441
0.010000 -0.02569 -0.02241 -0.02190 -0.02725 -0.01238
0.010000 -0.01395 -0.02109  0.00072 -0.01615  0.00977
0.010000  0.00215 -0.02971  0.00211 -0.01219  0.04338
0.010000 -0.01972 -0.04327 -0.00877 -0.00030  0.00269
0.010000 -0.02999 -0.03383  0.00923  0.00681 -0.00086
0.010000  0.00310 -0.03911  0.00034  0.00170  0.05578
0.010000  0.01100  0.01305  0.00330 -0.01976 -0.00177
0.010000  0.01836  0.02173 -0.00178  0.00228 -0.02643
0.010000 -0.02447 -0.07828 -0.01271  0.00296 -0.00087
0.010000  0.03873  0.00196  0.01515 -0.01679  0.03023
0.010000  0.02165  0.02419  0.00542  0.02221 -0.01075
0.010000  0.02961  0.03588  0.00494  0.01879 -0.03140
0.010000  0.04125  0.03695  0.00101  0.00944  0.01341
0.010000 -0.02975 -0.03214 -0.02414  0.00266 -0.03107
0.010000 -0.02861 -0.03997 -0.01270  0.00765  0.00240
0.010000  0.01203  0.02841  0.02432  0.02539  0.02718
0.010000 -0.02872  0.00579 -0.02430  0.00810 -0.03367
0.010000 -0.02910 -0.03074 -0.01845  0.00123  0.02224
0.010000 -0.03008 -0.05611 -0.00406 -0.01748  0.04792
0.010000  0.01945  0.00320  0.01626 -0.00263  0.02497
0.010000 -0.01673  0.01446 -0.00433  0.00351 -0.03329
0.010000  0.02276  0.03468  0.00031  0.01127 -0.02539
0.010000  0.00503 -0.00794 -0.00800 -0.01611  0.05847
0.010000 -0.01438 -0.00977  0.03040  0.01677  0.02420
0.010000 -0.00861 -0.04954  0.00453  0.00838  0.06656
0.010000 -0.00338 -0.00586  0.00035 -0.01752  0.01306
0.010000 -0.02509 -0.04819  0.00374 -0.01972  0.03429
0.010000 -0.01030 -0.03760  0.00295  0.01390  0.00759
0.010000  0.01516  0.02787  0.00428 -0.02187 -0.00617
0.010000  0.02501 -0.00769 -0.00024  0.01274  0.06948
0.010000 -0.00157  0.01082 -0.00394  0.00204  0.01696
0.010000  0.03542  0.03464  0.02806  0.01878  0.00646
0.010000 -0.01824 -0.01114 -0.00356  0.01663  0.01324
0.010000  0.02388  0.03257  0.00770  0.00243 -0.00953
0.010000  0.03310  0.03614  0.00495  0.01603 -0.00626
0.010000  0.03766  0.01075  0.03903  0.00469  0.04288
0.010000 -0.02599 -0.00901 -0.02164 -0.00209 -0.01543
0.010000  0.04152 -0.00226  0.02194  0.00012  0.03942
0.010000  0.03886  0.02806  0.00521 -0.03642  0.04176
0.010000 -0.02943 -0.02374 -0.02125 -0.01162 -0.03157
0.010000  0.04059  0.03648  0.02231  0.01118  0.00390
0.010000  0.01306 -0.00184  0.00911 -0.00847  0.07372
0.010000 -0.02931 -0.00713 -0.00421  0.01882 -0.00955
0.010000  0.00998  0.02421  0.01446  0.01822  0.05132
0.010000 -0.02681 -0.03183 -0.00609  0.00787  0.03321
0.010000  0.03972  0.03372  0.02226  0.01246  0.01470
0.010000  0.01410  0.02049  0.01591  0.01669 -0.00743
0.010000  0.03426  0.02216  0.01926  0.01701  0.04547
0.010000 -0.00214  0.01233  0.00110  0.00279 -0.02298
0.010000  0.02845  0.03452  0.04740  0.02277 -0.00261
0.010000 -0.02756 -0.03191 -0.00999  0.00759  0.05061
0.010000  0.03193  0.02507  0.01431  0.02273  0.04616
0.010000  0.02730  0.03365  0.00523  0.01062 -0.00670
0.010000  0.03655  0.03765  0.01117  0.02477 -0.02970
0.010000 -0.01358  0.00016 -0.01293  0.01390 -0.02880
0.010000 -0.02971 -0.06082 -0.00542 -0.06509  0.07682
0.010000  0.00898  0.01780 -0.00619  0.01270 -0.03229
0.010000  0.00698  0.01274  0.01044  0.01604  0.00238
0.010000 -0.02365 -0.00556 -0.01523  0.00242 -0.02528
0.010000  0.02615  0.00606  0.02446  0.00389  0.02370
0.010000 -0.01113  0.00721  0.00515  0.00967 -0.00329
0.010000  0.00121  0.00862 -0.00685 -0.02811  0.02564
0.010000 -0.02001 -0.01785 -0.00496  0.01360  0.01252
0.010000  0.02054  0.03203  0.01300  0.03955  0.02220
0.010000 -0.02252 -0.00149 -0.00891  0.01809  0.00494
0.010000  0.03823  0.03805  0.02323  0.02363 -0.02330
0.010000 -0.02734 -0.02679 -0.02562 -0.00470 -0.00879
0.010000 -0.01595 -0.04666  0.01418 -0.00600  0.07009
0.010000  0.00600  0.02558  0.01390  0.03208 -0.01168
0.010000 -0.02184 -0.03335 -0.00072 -0.01657  0.01318
0.010000 -0.00515 -0.01428 -0.00011  0.00343 -0.01108
0.010000 -0.01517 -0.02779 -0.00833 -0.01418  0.00618
0.010000  0.00406 -0.00460 -0.00772  0.00288  0.02471
0.010000 -0.02115 -0.03342 -0.00963 -0.03043  0.08044
0.010000 -0.01899 -0.01617 -0.00886 -0.02901  0.04492
0.010000 -0.02829 -0.01498 -0.00328  0.01064 -0.02362
0.010000 -0.02384  0.00841 -0.02460 -0.00006 -0.03280
0.010000  0.01622  0.02150  0.00271  0.01603 -0.02958
0.010000 -0.02783 -0.02143  0.00145  0.02771  0.00371
0.010000 -0.02319 -0.00754 -0.01442 -0.00363 -0.03276
0.010000 -0.02044 -0.01639 -0.01312 -0.01305  0.01034
0.010000  0.04097  0.01977  0.01709  0.01306  0.01474
0.010000 -0.01749 -0.00921 -0.00858  0.00032 -0.02692
0.010000 -0.03005 -0.03609 -0.01044  0.00454 -0.00407
0.010000  0.00798  0.02340  0.00040  0.01137 -0.01838
0.010000 -0.00065  0.00556  0.00762 -0.00507 -0.01324
0.010000  0.01728 -0.00652  0.00421  0.01262  0.03907
0.010000 -0.00603 -0.02330 -0.00114  0.00070  0.01319
0.010000 -0.00946  0.01789 -0.00978 -0.00758 -0.03258
