# Scenario generation method from a paper by Hoyland, Kaut & Wallace
# Code by Michal Kaut (michal.kaut@iot.ntnu.n) & Diego Mathieu

#   prob   var  1   var  2   var  3   var  4   var  5
0.010000 -0.01520  0.02938  0.00416  0.00391  0.00064
0.010000  0.01257  0.03341 -0.00647 -0.00503 -0.00424
0.010000 -0.01891  0.00346  0.00786  0.05862 -0.00418
0.010000 -0.00765  0.00820  0.00496  0.00464  0.01418
0.010000  0.02379 -0.00022 -0.00679 -0.05371  0.00888
0.010000  0.01404  0.02903  0.00270  0.02983  0.03150
0.010000  0.00098  0.00686  0.00832 -0.01225  0.01285
0.010000 -0.02041  0.02099  0.00754 -0.04135 -0.01345
0.010000  0.01563  0.00888 -0.00278 -0.04707 -0.00703
0.010000  0.01647  0.02802 -0.00224 -0.04092  0.01575
0.010000 -0.00552 -0.00261  0.00672 -0.02584  0.00102
0.010000  0.00642  0.01733  0.00706  0.01955  0.03924
0.010000 -0.01576 -0.01566 -0.00822 -0.05352  0.01444
0.010000  0.00144  0.01060  0.00869  0.02724  0.01157
0.010000 -0.02551  0.00485  0.00360 -0.04476 -0.01033
0.010000  0.01828  0.01779 -0.00365 -0.00699  0.02771
0.010000  0.02996  0.05182  0.00294  0.06702  0.01210
0.010000 -0.02879 -0.01484 -0.00852 -0.03433 -0.04700
0.010000 -0.01214 -0.00871  0.00721  0.00712 -0.02092
0.010000 -0.01413 -0.01692  0.00655  0.01169 -0.00503
0.010000  0.00383  0.00362 -0.00647 -0.03499 -0.01712
0.010000 -0.01073 -0.00994  0.00094 -0.01296 -0.01325
0.010000 -0.00983 -0.01652  0.00868 -0.01272 -0.02634
0.010000 -0.01166  0.01598  0.00464  0.03406 -0.01903
0.010000 -0.00081 -0.00556  0.00260  0.02879 -0.02940
0.010000  0.00285  0.00513 -0.00384 -0.01607 -0.00026
0.010000  0.05742  0.08454  0.00597  0.00556  0.01863
0.010000 -0.00254  0.02329 -0.00121 -0.04247 -0.01708
0.010000 -0.00340 -0.01487 -0.00110 -0.00669 -0.00955
0.010000  0.00535  0.01313 -0.00645 -0.02906  0.00824
0.010000 -0.03115 -0.02549  0.00399  0.00066 -0.02045
0.010000 -0.00382 -0.01195  0.00309 -0.01392 -0.00361
0.010000 -0.02215 -0.01839  0.00434  0.05857 -0.03478
0.010000 -0.01694 -0.02301 -0.00499 -0.01969 -0.01073
0.010000  0.01120  0.02123  0.00742  0.01117  0.01159
0.010000 -0.01822 -0.01043 -0.00364 -0.00947  0.01615
0.010000  0.00333 -0.00414 -0.00040 -0.04587 -0.03611
0.010000 -0.04371 -0.02635 -0.00752 -0.01067  0.00741
0.010000  0.03999  0.03030  0.00227 -0.01061  0.01650
0.010000  0.07878  0.06476  0.00821  0.04543  0.01969
0.010000 -0.00297  0.01687  0.00598  0.04424 -0.02077
0.010000  0.00433  0.00682 -0.00263  0.01577 -0.03136
0.010000  0.00810  0.00084  0.01008  0.03186 -0.05866
0.010000  0.02819  0.01695  0.00913  0.02201 -0.01094
0.010000  0.00697  0.01267  0.00906 -0.03761  0.02292
0.010000  0.02138  0.00657  0.00865  0.00731 -0.00188
0.010000  0.00190  0.01620 -0.00303  0.03260 -0.00833
0.010000  0.01055  0.02879 -0.00388 -0.02850 -0.04062
0.010000 -0.01119  0.04463  0.00389  0.01922 -0.00623
0.010000 -0.00509 -0.01737  0.00158 -0.02794 -0.02027
0.010000 -0.00594  0.00053  0.00948 -0.01500 -0.04013
0.010000 -0.01466 -0.00522 -0.00611 -0.00860 -0.00866
0.010000 -0.02425 -0.00381 -0.00619 -0.02523 -0.02624
0.010000 -0.01634 -0.02701 -0.00551 -0.07297 -0.04223
0.010000 -0.03470 -0.00760 -0.00867 -0.03049 -0.02486
0.010000  0.00483 -0.00410  0.00193  0.02433 -0.00891
0.010000  0.03420  0.03601  0.00498  0.01403 -0.00870
0.010000 -0.01361 -0.01372  0.00150  0.01260 -0.03076
0.010000 -0.01262 -0.01880 -0.00715  0.00181  0.00918
0.010000  0.02659  0.00896 -0.00380 -0.01003  0.00769
0.010000  0.00991  0.01682 -0.00137 -0.03686  0.01035
0.010000 -0.02698  0.02272  0.00170 -0.02739  0.01613
0.010000  0.01330  0.00761  0.00421  0.01324 -0.03986
0.010000  0.00237 -0.01401  0.00072 -0.00774  0.00592
0.010000 -0.00125 -0.00312 -0.00678 -0.04998 -0.01598
0.010000 -0.00168  0.06893 -0.01087 -0.06363 -0.00327
0.010000  0.02513  0.00882 -0.00483  0.02413  0.00921
0.010000 -0.01028  0.00721  0.00144 -0.01518 -0.00477
0.010000 -0.00636  0.00635 -0.00816  0.00431 -0.00296
0.010000  0.00588 -0.00753  0.00575  0.01675 -0.03993
0.010000 -0.00808 -0.00703  0.00889  0.03529 -0.00004
0.010000 -0.00037 -0.00916 -0.00665 -0.02136 -0.01452
0.010000 -0.00679 -0.00804  0.00416 -0.01540 -0.01171
0.010000 -0.01756 -0.01399 -0.00348 -0.03302  0.01162
0.010000 -0.00939  0.02428 -0.00716 -0.04614 -0.01881
0.010000  0.01188  0.04114 -0.00428 -0.05147 -0.00525
0.010000  0.00052  0.01367 -0.00932  0.03257 -0.02699
0.010000 -0.00851 -0.00198 -0.00868  0.02384  0.00209
0.010000 -0.01964  0.01296 -0.00780 -0.03458 -0.02067
0.010000 -0.00425 -0.00007  0.00975  0.05714 -0.01033
0.010000  0.00929 -0.00262  0.00775  0.00773 -0.01433
0.010000 -0.00722 -0.00803 -0.00436  0.00923 -0.00523
0.010000  0.01926  0.01955 -0.00734  0.01079 -0.00428
0.010000  0.04394  0.02114 -0.00689 -0.01541  0.00255
0.010000 -0.02124  0.01518 -0.00999 -0.01300 -0.00253
0.010000  0.03195  0.04405 -0.00331 -0.03635 -0.01150
0.010000 -0.00211 -0.00059 -0.00832 -0.07012 -0.01798
0.010000 -0.01311 -0.02313  0.01078  0.01977 -0.04087
0.010000  0.03684  0.03198  0.00088  0.00826 -0.01146
0.010000  0.04924  0.03503 -0.00900 -0.06897  0.00162
0.010000  0.02254  0.03944  0.00724  0.04464  0.00639
0.010000  0.00753  0.01564 -0.00904 -0.00455 -0.02519
0.010000  0.00007  0.00989  0.00063 -0.02466  0.00533
0.010000  0.00869 -0.00701 -0.00512  0.01694 -0.03022
0.010000 -0.02314 -0.00868  0.00369  0.02035 -0.00987
0.010000 -0.00467 -0.00372  0.00330 -0.02159 -0.01926
0.010000  0.01735  0.02043  0.00921 -0.00603  0.00400
0.010000  0.01482  0.00617  0.00036 -0.01779  0.03033
0.010000 -0.00895 -0.02288 -0.00105 -0.01981 -0.02075
0.010000  0.02029  0.04387 -0.01013 -0.08020  0.01182
