# Scenario generation method from a paper by Hoyland, Kaut & Wallace
# Code by Michal Kaut (michal.kaut@iot.ntnu.n) & Diego Mathieu

#   prob   var  1   var  2   var  3   var  4   var  5
0.010000  0.03564  0.03630  0.01625 -0.00791 -0.00584
0.010000  0.03112  0.01774  0.00566  0.00991 -0.01339
0.010000 -0.02296 -0.01320 -0.02285  0.00141 -0.02332
0.010000  0.04249  0.02362  0.01619 -0.00037  0.07323
0.010000 -0.00516 -0.03437 -0.00153 -0.00228 -0.00758
0.010000  0.00637  0.01633 -0.01057  0.00829  0.01384
0.010000 -0.01196  0.00730 -0.00428 -0.00062 -0.02094
0.010000  0.02103  0.02321  0.02027 -0.00097  0.04705
0.010000  0.03920  0.02592  0.02927  0.02363 -0.00670
0.010000  0.02588  0.00706  0.00565  0.00715 -0.00036
0.010000 -0.01122 -0.03908 -0.00598 -0.01429  0.05517
0.010000 -0.01419 -0.05667 -0.01176 -0.05245  0.03917
0.010000  0.04037  0.02724  0.00746  0.01046 -0.00234
0.010000  0.01299  0.01609 -0.00616  0.01067 -0.00192
0.010000 -0.01271  0.00889 -0.00604  0.01892 -0.00720
0.010000  0.00880 -0.00760  0.01955  0.01821  0.00733
0.010000 -0.01345 -0.03311 -0.01745 -0.04024 -0.00768
0.010000  0.03222  0.03639  0.02701  0.02072  0.06173
0.010000  0.01917  0.00507  0.02933  0.00071  0.04056
0.010000  0.02792  0.01870 -0.00812 -0.02348 -0.02595
0.010000  0.00556 -0.02652  0.02769  0.02259  0.00838
0.010000  0.00241 -0.03273  0.02131 -0.01613  0.03666
0.010000 -0.00068  0.02294 -0.01075  0.01965 -0.02512
0.010000 -0.01567 -0.06247 -0.01487 -0.04206  0.02353
0.010000 -0.01861 -0.02362 -0.01035 -0.03936  0.05537
0.010000  0.02897  0.02647  0.01690  0.02257 -0.00170
0.010000  0.00477 -0.01709 -0.00237  0.00367 -0.00910
0.010000  0.00717 -0.01792 -0.00023  0.00117  0.02082
0.010000 -0.03095 -0.02142  0.00794  0.02355 -0.01448
0.010000  0.02488  0.03496  0.02304  0.02536 -0.01997
0.010000  0.03334  0.03320 -0.00589  0.00670 -0.01294
0.010000  0.00398  0.01119 -0.01549 -0.00699  0.01011
0.010000  0.03682  0.02997  0.02343  0.02111  0.02343
0.010000 -0.03076 -0.02575 -0.01174  0.01631 -0.01855
0.010000 -0.03063 -0.03657 -0.02491 -0.01574 -0.00885
0.010000 -0.02788 -0.01836 -0.01980 -0.01662 -0.02398
0.010000  0.04150  0.00012  0.03742 -0.02899  0.04346
0.010000 -0.02507 -0.06319 -0.01606 -0.05805  0.00728
0.010000  0.03507  0.00975  0.04730  0.02365  0.02869
0.010000 -0.03096 -0.02542 -0.02827 -0.01389 -0.00206
0.010000  0.00085 -0.01763  0.01383  0.00509 -0.00230
0.010000  0.01129  0.02470 -0.00289 -0.01343 -0.00518
0.010000  0.01384 -0.00469  0.01527  0.00345 -0.00442
0.010000  0.02009  0.03660 -0.00084  0.00002 -0.02870
0.010000 -0.03043 -0.00122 -0.00710  0.01391 -0.02064
0.010000  0.02197  0.01815  0.00403 -0.00802 -0.02135
0.010000 -0.00599  0.00320 -0.00217  0.01804 -0.01617
0.010000 -0.02710 -0.00793 -0.00832  0.01791 -0.02814
0.010000 -0.00674  0.01021 -0.01020  0.01557 -0.00437
0.010000 -0.02576 -0.00581 -0.02808 -0.01476 -0.00972
0.010000 -0.00297 -0.00502 -0.02132 -0.00755 -0.00285
0.010000 -0.02224 -0.00964 -0.01335  0.01630 -0.01716
0.010000  0.01558  0.01635  0.02296  0.02553  0.00543
0.010000 -0.03000 -0.04650 -0.02245 -0.00882 -0.01873
0.010000 -0.00523 -0.03033 -0.01531 -0.02227 -0.00979
0.010000 -0.00749  0.00504  0.00191 -0.00857 -0.01249
0.010000 -0.00973  0.01229 -0.00726 -0.01290  0.03936
0.010000  0.03801  0.03507  0.01227  0.00088 -0.02125
0.010000 -0.01048 -0.01700  0.00040  0.01641  0.03029
0.010000 -0.02007 -0.00777 -0.00939  0.01818 -0.01388
0.010000 -0.00145  0.00638 -0.00135  0.01573  0.02923
0.010000  0.00798 -0.00001 -0.01089  0.00179  0.01311
0.010000 -0.02977  0.00044  0.00323  0.01781  0.00735
0.010000  0.04314  0.03212  0.01192  0.01300  0.01571
0.010000 -0.02836 -0.00005 -0.02233  0.00346 -0.02403
0.010000 -0.01934 -0.00137  0.00546  0.02599  0.00897
0.010000  0.04275  0.04187  0.01306  0.02022 -0.03233
0.010000  0.01214  0.00545  0.00626  0.00416  0.00238
0.010000  0.00163  0.00714  0.02734 -0.02956  0.01322
0.010000 -0.00898 -0.02120 -0.00098  0.00594  0.02745
0.010000 -0.02950 -0.02874 -0.00212  0.01539 -0.00619
0.010000 -0.01787 -0.02519 -0.01788 -0.00223 -0.00010
0.010000 -0.00448 -0.02044  0.00985  0.01892  0.00803
0.010000  0.02390  0.03248  0.00264 -0.00102 -0.01967
0.010000 -0.02437 -0.02823 -0.00078 -0.02374  0.04387
0.010000  0.00008  0.00084  0.00952  0.00402  0.01629
0.010000 -0.01640 -0.02280  0.01287  0.01349  0.02507
0.010000  0.01826  0.01197 -0.00579  0.00350  0.04138
0.010000 -0.02152 -0.01319 -0.01799 -0.01337  0.01435
0.010000 -0.02079 -0.03880 -0.00047  0.00754 -0.00637
0.010000 -0.00221 -0.00813 -0.01756 -0.01165 -0.00136
0.010000  0.00963  0.02304  0.00926  0.02096 -0.00573
0.010000 -0.02774 -0.03358 -0.01979  0.00264 -0.01419
0.010000 -0.00824 -0.00712  0.00337 -0.01798  0.02542
0.010000  0.01471  0.01721  0.03135  0.01798  0.02255
0.010000 -0.01493 -0.03068 -0.00174  0.01251 -0.01646
0.010000  0.03004  0.03694  0.01432  0.01978  0.02193
0.010000 -0.02350  0.00679 -0.01209  0.02091 -0.02573
0.010000 -0.02367 -0.02392 -0.00435 -0.01755 -0.00578
0.010000 -0.01714  0.00391  0.02067  0.02768  0.00243
0.010000  0.03448  0.04097  0.02953  0.02535  0.04447
0.010000  0.02293  0.02328  0.01342  0.00570 -0.01139
0.010000 -0.02644 -0.00231  0.01026  0.02729  0.00288
0.010000  0.01736  0.02246  0.00968  0.00883  0.02813
0.010000  0.01046  0.00316  0.01285  0.00791 -0.01114
0.010000  0.01647  0.03372  0.00417 -0.00078 -0.02912
0.010000  0.02689  0.03795 -0.00708  0.01382 -0.03476
0.010000  0.00319  0.01865  0.01106  0.02204 -0.00892
0.010000 -0.00373  0.01063  0.03510  0.02584  0.09413
0.010000 -0.02895 -0.02637 -0.01832 -0.00229 -0.01226
