# Scenario generation method from a paper by Hoyland, Kaut & Wallace
# Code by Michal Kaut (michal.kaut@iot.ntnu.n) & Diego Mathieu

#   prob   var  1   var  2   var  3   var  4   var  5
0.010000  0.03422  0.06577 -0.00616 -0.04256  0.02434
0.010000  0.03195  0.01434  0.01224  0.00531  0.01709
0.010000  0.01453  0.00219 -0.00444 -0.02942  0.00690
0.010000  0.00569  0.02372  0.00747  0.02626 -0.00651
0.010000 -0.05534 -0.06485 -0.00423  0.05125 -0.03357
0.010000  0.00031 -0.00901  0.00130 -0.01218 -0.02497
0.010000 -0.00937 -0.00004  0.00503  0.00174  0.01721
0.010000 -0.02094 -0.00138 -0.00299 -0.01882 -0.03449
0.010000 -0.01881 -0.01535  0.00376 -0.04704 -0.02087
0.010000  0.00400 -0.02433 -0.00949 -0.00851 -0.01546
0.010000  0.03684  0.03415  0.00966  0.03856  0.00084
0.010000  0.00134  0.02275  0.00082  0.00659  0.00818
0.010000 -0.00408 -0.00880 -0.00824 -0.00093  0.00698
0.010000 -0.02428 -0.03284  0.00087  0.03196 -0.00330
0.010000 -0.01241 -0.01906  0.00873  0.02963  0.00268
0.010000  0.00455 -0.01122 -0.00469 -0.02318 -0.01571
0.010000 -0.01629  0.01195 -0.00748 -0.05155  0.01659
0.010000  0.01294  0.04164 -0.00007 -0.02349  0.00173
0.010000 -0.02252 -0.02306 -0.00539 -0.06126 -0.00173
0.010000 -0.01570 -0.00887 -0.00777 -0.04842 -0.00494
0.010000 -0.02869 -0.01106  0.00545 -0.01328  0.01711
0.010000 -0.00264 -0.03316 -0.00890 -0.06182  0.00477
0.010000 -0.02629 -0.01053 -0.01533 -0.04713 -0.01063
0.010000 -0.00743 -0.00766 -0.00040 -0.01930  0.01902
0.010000  0.01075  0.02048 -0.00694 -0.01963 -0.01191
0.010000  0.00811  0.00548  0.00096  0.00755 -0.01137
0.010000  0.00345  0.01737  0.00251  0.00051  0.00134
0.010000  0.00512  0.01388 -0.00336  0.02911 -0.01827
0.010000  0.07809  0.06727  0.00570  0.02715  0.01990
0.010000 -0.00695  0.00023 -0.01133 -0.02458 -0.01470
0.010000 -0.01294 -0.01834 -0.00910  0.01336 -0.02387
0.010000 -0.00840 -0.00950  0.00760  0.01977  0.00493
0.010000 -0.03009 -0.04999  0.00443  0.03227 -0.01604
0.010000  0.02246  0.02434  0.00743 -0.01153  0.01392
0.010000 -0.00599  0.01336 -0.00195  0.00017 -0.00620
0.010000  0.05720  0.05635  0.01176  0.05791 -0.04353
0.010000  0.01910 -0.01830 -0.01166 -0.06511 -0.01860
0.010000 -0.00118  0.01623  0.00537 -0.03695 -0.03019
0.010000 -0.01401 -0.00969  0.00714  0.04629 -0.00462
0.010000  0.00238 -0.00050 -0.00483 -0.00704 -0.01034
0.010000  0.00687 -0.00669  0.00405 -0.00382 -0.01894
0.010000 -0.01513  0.00964 -0.01704 -0.07279 -0.01332
0.010000 -0.01949 -0.02933 -0.01377 -0.03080 -0.00050
0.010000  0.00185  0.00925  0.00471  0.04990  0.04449
0.010000 -0.00504 -0.01019 -0.00307  0.02034 -0.04034
0.010000 -0.01347 -0.01940 -0.00026 -0.00670  0.01017
0.010000 -0.01690 -0.03322  0.00079 -0.01427 -0.01582
0.010000 -0.03593 -0.03101 -0.00714 -0.00542 -0.00395
0.010000 -0.01815 -0.02075 -0.01307 -0.05205 -0.00130
0.010000  0.03998 -0.01048  0.00569 -0.00703 -0.01026
0.010000 -0.01189 -0.01112 -0.00439 -0.02086  0.00792
0.010000 -0.02171 -0.02285 -0.00700 -0.03816  0.02919
0.010000  0.02509  0.04332 -0.00621  0.00693  0.00807
0.010000  0.00291  0.02874 -0.00628 -0.02642 -0.00797
0.010000 -0.01457 -0.00878 -0.01487 -0.03002 -0.01972
0.010000  0.02996  0.00439 -0.00401 -0.03645  0.04532
0.010000 -0.02020  0.03369 -0.01028 -0.01418 -0.03046
0.010000  0.01536  0.02155  0.00069 -0.02090 -0.01877
0.010000  0.00748  0.01971 -0.00268 -0.00743  0.01004
0.010000  0.00940 -0.01232 -0.01236  0.00139  0.00590
0.010000 -0.03360  0.00533 -0.00143 -0.05268 -0.05708
0.010000  0.02818  0.02559  0.00708  0.01517  0.00366
0.010000 -0.00647  0.01488 -0.00146 -0.02388  0.00699
0.010000 -0.01138 -0.00550  0.00374  0.00355 -0.00990
0.010000  0.00628  0.01533  0.00751  0.03545 -0.00503
0.010000 -0.02525  0.01417 -0.00096 -0.00404 -0.03410
0.010000  0.01219  0.03437  0.00638  0.00195 -0.00714
0.010000  0.01146  0.04904  0.00716  0.03131 -0.03265
0.010000 -0.01087  0.02057  0.00836  0.01733 -0.01388
0.010000 -0.00019  0.02295 -0.00044  0.00836  0.00011
0.010000 -0.00791 -0.00015  0.00902  0.04384  0.02447
0.010000  0.02016  0.00338 -0.00999 -0.02622  0.03309
0.010000 -0.00069  0.02679  0.00079 -0.00803 -0.02495
0.010000 -0.02743 -0.01835 -0.00067  0.01698 -0.02117
0.010000 -0.03170 -0.03674  0.00413  0.00752  0.00478
0.010000 -0.01752 -0.03491 -0.00624 -0.00989 -0.00855
0.010000 -0.01037 -0.01330 -0.00966 -0.04992 -0.01765
0.010000 -0.00888  0.02948  0.00751  0.02930 -0.00241
0.010000  0.01372  0.01173 -0.00817  0.00056  0.01766
0.010000 -0.02337 -0.02704  0.00152  0.05323 -0.03414
0.010000  0.02127  0.03665  0.00453  0.00307  0.02949
0.010000 -0.00167  0.01958 -0.00267  0.00067 -0.00303
0.010000  0.00874  0.01467  0.00281 -0.02948  0.02243
0.010000  0.00082  0.02899 -0.00791 -0.02353 -0.05121
0.010000 -0.04361 -0.02642 -0.00989 -0.05279 -0.01710
0.010000  0.01007  0.02443 -0.00066 -0.03246  0.01524
0.010000 -0.03899  0.00663 -0.00212 -0.02393  0.02126
0.010000 -0.00551 -0.00172  0.00431  0.00441  0.01029
0.010000  0.02373  0.01081 -0.00138 -0.01817  0.02632
0.010000 -0.00312 -0.00054  0.00758  0.05127 -0.00765
0.010000 -0.00360  0.01477 -0.00139 -0.01262  0.01614
0.010000 -0.00215  0.00861  0.00024  0.01423 -0.04330
0.010000  0.04390  0.04420  0.00273 -0.00931  0.00132
0.010000  0.01810 -0.00018  0.00480  0.02227 -0.00479
0.010000  0.01624 -0.01116  0.00002  0.00364 -0.00182
0.010000  0.02657  0.03647  0.01046  0.06443 -0.02258
0.010000 -0.00456  0.01167 -0.01235 -0.08234 -0.01540
0.010000  0.01715  0.01510  0.00095  0.00823 -0.02960
0.010000 -0.00987  0.02258 -0.00914 -0.02367 -0.01591
0.010000  0.04915  0.08114 -0.00113 -0.02554  0.02393
