# Scenario generation method from a paper by Hoyland, Kaut & Wallace
# Code by Michal Kaut (michal.kaut@iot.ntnu.n) & Diego Mathieu

#   prob   var  1   var  2   var  3   var  4   var  5
0.010000 -0.02610 -0.03373 -0.01558 -0.01633  0.00656
0.010000 -0.01356 -0.00806 -0.00161  0.01468  0.02752
0.010000  0.02267  0.01260 -0.00706 -0.00569  0.01040
0.010000 -0.01150 -0.04286 -0.01343 -0.02050  0.02794
0.010000 -0.03006 -0.04186 -0.02335 -0.00572 -0.02658
0.010000  0.01066  0.03111  0.02910  0.02609 -0.01137
0.010000 -0.02050 -0.06941 -0.01244 -0.01612 -0.00386
0.010000 -0.02541 -0.02075 -0.00464  0.00817 -0.02283
0.010000 -0.01841  0.00051  0.00191  0.02281  0.01330
0.010000  0.00170  0.02122 -0.00914  0.01839 -0.03266
0.010000 -0.00668  0.01505  0.00722  0.00632  0.02223
0.010000 -0.01729 -0.04080 -0.02577 -0.01578 -0.02410
0.010000  0.03228  0.02287  0.02443  0.01877  0.01672
0.010000 -0.03161 -0.03157 -0.02801 -0.03778 -0.01214
0.010000  0.02564  0.01056  0.03721  0.00493  0.04746
0.010000  0.04050  0.03797  0.02676  0.02307 -0.01164
0.010000 -0.00252  0.00592 -0.01760  0.00093 -0.02604
0.010000 -0.00737  0.00567  0.03846  0.02137  0.01295
0.010000  0.02079  0.00548 -0.00681  0.00822 -0.00422
0.010000 -0.01910 -0.04388 -0.00888 -0.02729 -0.01815
0.010000  0.01810  0.02722  0.00488  0.00404  0.02239
0.010000  0.01386  0.00887 -0.00000 -0.00276 -0.00253
0.010000 -0.02190 -0.03995  0.01657  0.00239  0.03035
0.010000  0.00608 -0.02240 -0.00051 -0.01400  0.01199
0.010000  0.00534 -0.03544  0.02291 -0.00527  0.05942
0.010000 -0.01012  0.01855 -0.01369  0.01297 -0.03600
0.010000  0.00834 -0.02854  0.01836 -0.03306  0.06493
0.010000  0.01637  0.02342 -0.00078  0.01896 -0.01638
0.010000  0.02667  0.00632  0.02994 -0.00008  0.01319
0.010000 -0.01218 -0.01018  0.02493  0.02093  0.00499
0.010000  0.00758  0.01102 -0.00258 -0.04064 -0.01548
0.010000 -0.00113  0.00810 -0.01720 -0.04000 -0.02199
0.010000  0.01988  0.02008  0.03220  0.02098  0.01343
0.010000  0.04365  0.04309  0.02733  0.02701 -0.02212
0.010000 -0.01494 -0.02309 -0.02444 -0.02926 -0.01661
0.010000 -0.01287  0.00462  0.01021  0.01258  0.06038
0.010000  0.02463 -0.00196 -0.01010 -0.00509 -0.00243
0.010000 -0.00391  0.01790  0.01917  0.02628  0.03043
0.010000  0.00242 -0.01108  0.01062  0.01087 -0.00617
0.010000 -0.00322 -0.00636  0.00332 -0.00704  0.00618
0.010000  0.00460  0.00278 -0.01524  0.01099 -0.00127
0.010000 -0.03089 -0.00931 -0.01417  0.00742  0.02161
0.010000  0.02172  0.03032  0.00911  0.00924  0.01806
0.010000  0.00099 -0.02024  0.01390  0.01023  0.04600
0.010000  0.02994  0.01013  0.00014 -0.00977  0.08929
0.010000  0.01552  0.02165 -0.00052  0.01644 -0.00272
0.010000 -0.00183 -0.00239 -0.00764  0.01413 -0.01328
0.010000  0.02882 -0.00255  0.02251 -0.00031  0.01702
0.010000  0.03898  0.03093  0.02508  0.00255  0.00426
0.010000  0.01469  0.02828 -0.00135 -0.00764 -0.01730
0.010000 -0.02401 -0.04398 -0.02526 -0.04972 -0.02309
0.010000  0.03109  0.02733  0.02710  0.01405  0.03874
0.010000 -0.02863 -0.02101 -0.01237  0.01460 -0.00650
0.010000 -0.00043 -0.00522  0.01450 -0.01026  0.03424
0.010000 -0.02120  0.00348 -0.01042  0.02041 -0.01380
0.010000  0.00988  0.00953 -0.00362 -0.00141  0.00504
0.010000  0.00911 -0.00657  0.01574  0.00984  0.01014
0.010000  0.00314 -0.00064  0.03807  0.02013  0.00500
0.010000 -0.01425 -0.01436  0.00306  0.01249 -0.01255
0.010000  0.03352  0.03776  0.02854  0.01364 -0.01849
0.010000 -0.00599  0.00934 -0.00836  0.01894 -0.02885
0.010000  0.04207  0.02658  0.01031 -0.01514  0.00750
0.010000 -0.02945 -0.03922 -0.00556  0.01004  0.00739
0.010000  0.00387  0.00726 -0.01455  0.00297  0.02016
0.010000  0.02773  0.00230  0.01436  0.00253 -0.00402
0.010000 -0.02471 -0.03286 -0.02277 -0.00549 -0.02365
0.010000 -0.02331 -0.00244  0.03785  0.02506  0.00621
0.010000  0.04330  0.04254  0.01123  0.01901 -0.01640
0.010000  0.01898  0.03670  0.00054  0.01974 -0.02011
0.010000  0.00683  0.01166  0.00413  0.00405 -0.00544
0.010000 -0.01563 -0.00716 -0.00346  0.01644  0.04148
0.010000 -0.02748 -0.00016 -0.02226 -0.00094 -0.03451
0.010000 -0.03171 -0.01501 -0.01388 -0.00400 -0.01680
0.010000 -0.00806 -0.01070  0.01061 -0.00139  0.00743
0.010000  0.02364  0.02988  0.04604  0.02473  0.00792
0.010000 -0.01633 -0.02649 -0.01252  0.00453 -0.00122
0.010000 -0.03062 -0.01214 -0.00258  0.01570  0.00396
0.010000 -0.02815  0.00395  0.00270  0.00620 -0.01681
0.010000 -0.01771 -0.00262 -0.00527  0.01452 -0.01001
0.010000 -0.02881 -0.02592 -0.02061  0.00300 -0.03206
0.010000  0.01145  0.01683 -0.00623 -0.01041 -0.00103
0.010000 -0.02679 -0.05326 -0.01311 -0.00074 -0.01803
0.010000  0.01305  0.01406  0.02309 -0.01856  0.04657
0.010000  0.01224  0.03104 -0.00716  0.02140 -0.00978
0.010000  0.04500  0.02818  0.05615 -0.00656  0.02080
0.010000 -0.00943 -0.01491  0.01619  0.01865  0.01863
0.010000  0.03614  0.03679  0.04373  0.01075  0.06757
0.010000 -0.00530 -0.04039 -0.00061 -0.01830  0.02651
0.010000  0.03480  0.03315  0.04122  0.00444  0.00867
0.010000 -0.00875 -0.02195 -0.00198 -0.00589  0.00390
0.010000  0.00028  0.01071  0.02925  0.01816 -0.00115
0.010000 -0.01980 -0.02232 -0.00604 -0.06035  0.06567
0.010000 -0.01702 -0.00298 -0.01178  0.01441  0.02382
0.010000 -0.03149 -0.00226 -0.02448  0.00848 -0.00063
0.010000 -0.00461  0.02390 -0.00112 -0.00972 -0.00007
0.010000 -0.03111 -0.02520 -0.01398 -0.01859 -0.01526
0.010000 -0.01081 -0.02340 -0.00652 -0.00548  0.03272
0.010000  0.03753  0.01812 -0.00018 -0.02092  0.01881
0.010000 -0.02260 -0.01062  0.00832  0.01320  0.02265
0.010000  0.01723  0.03352  0.00909  0.02210 -0.01220
