# Scenario generation method from a paper by Hoyland, Kaut & Wallace
# Code by Michal Kaut (michal.kaut@iot.ntnu.n) & Diego Mathieu

#   prob   var  1   var  2   var  3   var  4   var  5
0.010000 -0.01900 -0.00210 -0.00816 -0.02052 -0.01818
0.010000 -0.03679 -0.03248 -0.01875 -0.02234  0.00010
0.010000 -0.01183  0.01064  0.03053  0.00780  0.00894
0.010000 -0.01276 -0.00050 -0.01496 -0.02145 -0.01741
0.010000 -0.00057  0.01278 -0.00604 -0.01283  0.01353
0.010000  0.01195  0.01460 -0.02243 -0.02275 -0.03654
0.010000 -0.01786 -0.02134 -0.00421 -0.00859  0.00364
0.010000 -0.03084 -0.02292 -0.00444 -0.01456 -0.02650
0.010000 -0.00913  0.00486 -0.01205 -0.01762 -0.01412
0.010000 -0.02083 -0.01876 -0.00335 -0.00844 -0.03350
0.010000 -0.02021  0.00298 -0.01815 -0.02228 -0.00384
0.010000 -0.00013  0.00202  0.00963  0.00642 -0.00961
0.010000  0.01944  0.01613  0.01464  0.02434 -0.02857
0.010000 -0.05453 -0.02105 -0.01508 -0.02678  0.00376
0.010000 -0.00315 -0.00012 -0.00461 -0.01562 -0.02943
0.010000  0.01704 -0.00098  0.01780  0.04129 -0.03398
0.010000  0.00449 -0.01774  0.00164  0.01080 -0.02107
0.010000 -0.01137 -0.01134  0.00793  0.00096  0.01696
0.010000 -0.00697  0.01258  0.01003 -0.00237  0.00992
0.010000  0.02276  0.02306  0.01438  0.02152  0.02069
0.010000 -0.01624 -0.01322  0.01344  0.02040  0.01816
0.010000  0.02093  0.02070  0.02818  0.02716 -0.02651
0.010000 -0.00957 -0.02177 -0.00647 -0.00866 -0.00589
0.010000  0.00400 -0.00052  0.01105  0.01682  0.00284
0.010000 -0.01372 -0.00723  0.00496 -0.00696  0.00160
0.010000  0.00352  0.00479  0.00896 -0.00510 -0.03734
0.010000  0.00817  0.01645  0.00692  0.00208  0.01958
0.010000  0.00875 -0.00756  0.00524  0.00442 -0.00863
0.010000 -0.01677 -0.01678 -0.01775 -0.02145  0.00599
0.010000  0.01059  0.01051  0.00398  0.00270 -0.02672
0.010000 -0.00187 -0.01027 -0.00073 -0.00043 -0.01022
0.010000 -0.00783 -0.01345 -0.00743 -0.01126 -0.02061
0.010000 -0.02971 -0.00458 -0.01158 -0.02419 -0.00611
0.010000  0.00996  0.00719 -0.00105 -0.00597 -0.01193
0.010000  0.00258  0.00232 -0.01153 -0.00357  0.00179
0.010000 -0.03895 -0.03356 -0.03550 -0.03090  0.00139
0.010000 -0.01572 -0.00121 -0.01114 -0.00744  0.00367
0.010000 -0.01731 -0.00466  0.00009  0.00325  0.02074
0.010000 -0.01001 -0.01395 -0.00424 -0.01127 -0.01856
0.010000 -0.01046 -0.00726 -0.00077 -0.01028 -0.00411
0.010000 -0.01843 -0.01112 -0.02798 -0.02736 -0.03478
0.010000 -0.01229  0.01095  0.00735 -0.01184 -0.00354
0.010000  0.00652  0.00803  0.00946  0.04931  0.02749
0.010000  0.01424  0.02250 -0.01383 -0.02057  0.02292
0.010000 -0.00612 -0.00926 -0.00282 -0.00352  0.00929
0.010000 -0.00740 -0.00966  0.00629 -0.00548  0.00197
0.010000 -0.04169 -0.02149 -0.00065 -0.01708  0.01437
0.010000 -0.00443  0.00275  0.00560 -0.00876 -0.02333
0.010000 -0.02284 -0.02360 -0.01586 -0.01957  0.01473
0.010000 -0.00144 -0.00677  0.00321 -0.00412 -0.02448
0.010000  0.03031  0.02259  0.01445  0.01995  0.01102
0.010000  0.00031 -0.01835  0.01312  0.02097 -0.01394
0.010000 -0.02215 -0.03173 -0.01343 -0.01342 -0.01145
0.010000 -0.02866  0.00251 -0.00806 -0.02549 -0.02145
0.010000  0.00304  0.00830  0.00513  0.02186 -0.02288
0.010000 -0.02431 -0.02956 -0.00821 -0.01062 -0.04932
0.010000 -0.00101  0.01111 -0.00597 -0.01595 -0.01869
0.010000  0.00498  0.00872 -0.00356 -0.01367  0.00618
0.010000 -0.02769 -0.02719 -0.01291 -0.01433 -0.01357
0.010000  0.00761  0.00299  0.01799  0.01100 -0.01173
0.010000 -0.02356 -0.01654 -0.05721 -0.03815 -0.01365
0.010000 -0.00655 -0.00418 -0.01752 -0.01496  0.01036
0.010000 -0.00358  0.00029 -0.01019 -0.01302 -0.00882
0.010000 -0.00230  0.01670  0.00577 -0.01604 -0.01245
0.010000 -0.00273  0.00342 -0.00253  0.00051  0.02648
0.010000 -0.01421 -0.01803 -0.00823 -0.01480  0.00282
0.010000  0.01510  0.00632  0.00927  0.03137  0.00873
0.010000  0.00549 -0.01182  0.00715  0.01981 -0.00813
0.010000  0.00934 -0.00135  0.01249  0.01997 -0.01011
0.010000 -0.01520 -0.01902  0.01539  0.02588 -0.04692
0.010000 -0.01470  0.00317  0.00307 -0.01221 -0.00671
0.010000 -0.00570  0.00505  0.01104 -0.00546 -0.02371
0.010000 -0.03500 -0.03623 -0.00470 -0.00768 -0.00156
0.010000  0.01603  0.01695 -0.01022 -0.01595  0.00729
0.010000  0.00211  0.01593  0.00735  0.03894  0.02850
0.010000 -0.00485 -0.00663  0.00600  0.00570  0.00457
0.010000 -0.00400 -0.01477 -0.00536 -0.00557 -0.00057
0.010000  0.01126  0.01893  0.00511  0.00106  0.00268
0.010000 -0.00826 -0.02236 -0.00435  0.00865 -0.01382
0.010000  0.00120  0.00118  0.00598 -0.00255 -0.02033
0.010000 -0.02148 -0.00928  0.00013 -0.01590 -0.03263
0.010000 -0.03345 -0.03646 -0.01665 -0.01758 -0.01552
0.010000 -0.04563 -0.01747 -0.02266 -0.03069 -0.02830
0.010000  0.00600  0.01327  0.00618 -0.01320 -0.00617
0.010000 -0.00527 -0.00512  0.00450  0.09816  0.02193
0.010000 -0.02591  0.00543 -0.00503 -0.02389  0.01255
0.010000 -0.01324 -0.01547 -0.01049 -0.01530 -0.01463
0.010000  0.01267  0.01101  0.01622  0.01870 -0.01423
0.010000  0.00075 -0.01296  0.00114 -0.00047 -0.01059
0.010000 -0.00869 -0.00935  0.00485 -0.00305 -0.02890
0.010000 -0.02509 -0.02291 -0.01096 -0.00830  0.00289
0.010000  0.01817  0.02148  0.00404 -0.00776 -0.02588
0.010000 -0.01091  0.00131  0.00139 -0.01256 -0.02974
0.010000  0.01343  0.00666  0.01015  0.01005 -0.00500
0.010000 -0.03208 -0.01193 -0.01475 -0.02378  0.01857
0.010000  0.00166 -0.01842  0.00856  0.03713 -0.00866
0.010000 -0.02677 -0.01317 -0.00118 -0.01371  0.01377
0.010000  0.02525  0.01346  0.02362  0.03185 -0.01356
0.010000 -0.01960 -0.02637 -0.01665 -0.01874  0.00583
0.010000  0.00706  0.01663  0.00650 -0.00611  0.00577
