# Scenario generation method from a paper by Hoyland, Kaut & Wallace
# Code by Michal Kaut (michal.kaut@iot.ntnu.n) & Diego Mathieu

#   prob   var  1   var  2   var  3   var  4   var  5
0.010000  0.00969  0.00402 -0.00386  0.01093  0.02721
0.010000 -0.01485 -0.03354 -0.01187  0.00413 -0.01639
0.010000 -0.00234 -0.00787 -0.00631 -0.00569  0.01452
0.010000  0.00758 -0.00015  0.02052 -0.00928 -0.00015
0.010000 -0.00009 -0.01154  0.00031 -0.00182 -0.02206
0.010000 -0.00968 -0.01622 -0.01034 -0.02350  0.01309
0.010000 -0.01047 -0.01631 -0.01041 -0.01406  0.00225
0.010000 -0.00747 -0.01650 -0.01096  0.00285  0.01404
0.010000  0.01800  0.00796  0.00872  0.00873  0.01167
0.010000 -0.01212 -0.01811 -0.00942  0.01329 -0.00039
0.010000  0.01552  0.04913  0.02529  0.00332  0.01225
0.010000  0.02068  0.00655  0.01849 -0.00391  0.04023
0.010000  0.02112  0.00150 -0.00133  0.01102  0.01466
0.010000  0.00200 -0.00835  0.01690 -0.00546  0.00919
0.010000  0.00581 -0.00606 -0.00626  0.00193  0.00310
0.010000  0.01589  0.00355  0.00352  0.00562 -0.00748
0.010000  0.01866  0.01531  0.01930  0.00857  0.03462
0.010000  0.01092 -0.00023  0.00005  0.00413  0.03407
0.010000  0.00396 -0.01092 -0.00281  0.00592 -0.02700
0.010000  0.01731  0.00357  0.01272 -0.00413  0.02544
0.010000 -0.03201 -0.03712 -0.01234 -0.00906 -0.01767
0.010000  0.00626 -0.00856 -0.00017 -0.01363  0.01517
0.010000  0.00299 -0.00852  0.00995  0.00440  0.00824
0.010000  0.01930  0.01092  0.01742 -0.00639 -0.01650
0.010000 -0.00354 -0.00935 -0.00838  0.00221  0.00943
0.010000  0.01899  0.03423  0.02818 -0.00348 -0.01587
0.010000 -0.02161 -0.02386 -0.00886 -0.01777 -0.00224
0.010000  0.01011  0.01438  0.00147  0.01205  0.01315
0.010000 -0.00120  0.00049  0.02183  0.02499 -0.02115
0.010000  0.01661  0.00313  0.00303 -0.00793 -0.02281
0.010000 -0.04577 -0.04048 -0.01054 -0.01519 -0.04690
0.010000  0.01918 -0.00195  0.00049  0.01603 -0.02015
0.010000 -0.00064  0.02869  0.00196  0.01449  0.03103
0.010000  0.02104  0.00756  0.00133  0.01879  0.02897
0.010000  0.02088  0.02217  0.02783 -0.00150  0.00429
0.010000  0.01051  0.04503  0.01126 -0.00079  0.01432
0.010000  0.01366  0.00049  0.00225  0.02348 -0.00880
0.010000  0.01441  0.00084 -0.00466  0.01084  0.05464
0.010000 -0.01128 -0.01896  0.00158 -0.00657 -0.02841
0.010000  0.00670 -0.00537  0.00674 -0.01198 -0.01307
0.010000 -0.03747 -0.03510 -0.00934 -0.01307 -0.03206
0.010000  0.02044  0.00651  0.00257  0.00485 -0.01340
0.010000  0.00536 -0.01094 -0.00833  0.00600  0.01985
0.010000 -0.01687 -0.02298 -0.00754 -0.00470 -0.00614
0.010000 -0.01911 -0.02600  0.00276 -0.02460 -0.04416
0.010000  0.00928 -0.00474  0.01155  0.00133 -0.01609
0.010000 -0.01796 -0.02398 -0.01074 -0.00592 -0.00736
0.010000 -0.01390 -0.01965 -0.01041  0.00555 -0.00639
0.010000  0.01289  0.02297  0.00398  0.01300 -0.01698
0.010000 -0.00478 -0.01332 -0.00971  0.00200  0.02797
0.010000  0.01990  0.01063  0.01459 -0.00954  0.03723
0.010000 -0.01300 -0.01836 -0.01062 -0.01890 -0.00251
0.010000  0.00348 -0.00857  0.00827 -0.00494 -0.01767
0.010000  0.01172  0.02231  0.02723 -0.03677  0.00654
0.010000  0.01479  0.00782  0.02009 -0.00405  0.01738
0.010000 -0.00543 -0.01018  0.01731 -0.00227 -0.01015
0.010000  0.01961  0.02777  0.02601 -0.00036  0.01138
0.010000  0.01404  0.01162  0.01819 -0.00148  0.03121
0.010000  0.01696  0.01546  0.00954 -0.00830 -0.00200
0.010000 -0.06908 -0.09024 -0.01664 -0.02089 -0.03116
0.010000 -0.04107 -0.03925 -0.01331 -0.00265 -0.01253
0.010000  0.00443 -0.00690  0.02107 -0.01552 -0.03686
0.010000 -0.00677 -0.01445 -0.00600 -0.00234  0.01428
0.010000 -0.00176 -0.01068 -0.00644  0.01054  0.01104
0.010000 -0.02786 -0.02712 -0.00291 -0.00563 -0.01828
0.010000 -0.00892 -0.00674  0.01386 -0.00567 -0.02495
0.010000  0.00250 -0.00438  0.00713  0.00259  0.00415
0.010000  0.00714 -0.00517  0.00863  0.00801 -0.02487
0.010000  0.01132 -0.00350 -0.00647 -0.00108  0.02719
0.010000 -0.00609 -0.01349 -0.00894  0.00319  0.00597
0.010000 -0.02448 -0.02438 -0.01237  0.00055 -0.01987
0.010000  0.00044 -0.01225 -0.00429 -0.00131 -0.01714
0.010000  0.01250 -0.00378  0.00818  0.00618  0.00317
0.010000  0.01211  0.00366  0.02158  0.01076 -0.00729
0.010000  0.01377 -0.00635 -0.00588  0.00470  0.01389
0.010000  0.00149 -0.01129 -0.00300  0.00800 -0.00109
0.010000  0.01766  0.00176 -0.00350  0.00588  0.00417
0.010000  0.00490 -0.00859 -0.00557 -0.00670 -0.02062
0.010000  0.01328  0.00677 -0.00272 -0.00152  0.03288
0.010000  0.00844 -0.00053  0.00325 -0.00766  0.03092
0.010000 -0.02610  0.03182  0.01372 -0.00273  0.01948
0.010000  0.02094  0.01286  0.01464 -0.00589 -0.02752
0.010000  0.01625  0.02277  0.01899  0.02344  0.00952
0.010000 -0.02300 -0.03117 -0.01267 -0.01032 -0.02017
0.010000  0.02113  0.01773  0.00032 -0.01204 -0.00271
0.010000  0.00886  0.00415 -0.00340  0.00740  0.03587
0.010000  0.02018  0.02814  0.00379  0.00267  0.01450
0.010000 -0.05268 -0.04098 -0.01345  0.00610  0.01364
0.010000  0.00801 -0.00306  0.02035 -0.00699 -0.01644
0.010000  0.01516  0.09380  0.02265  0.00593  0.02182
0.010000 -0.01584  0.00425  0.00218 -0.01362  0.00284
0.010000  0.02044  0.00951 -0.00024  0.00260 -0.00522
0.010000 -0.00293 -0.01198 -0.00567  0.01357 -0.00316
0.010000 -0.00415 -0.03926 -0.01142  0.00057 -0.03242
0.010000  0.01833  0.00222  0.00747  0.01253 -0.02968
0.010000 -0.02981 -0.02846 -0.01286 -0.00563 -0.02224
0.010000 -0.00818 -0.01436 -0.00682 -0.00438  0.00400
0.010000 -0.03452 -0.03536 -0.01330 -0.01458  0.02168
0.010000  0.00097 -0.01127  0.01640  0.00211 -0.05530
0.010000 -0.02032 -0.02008 -0.01094 -0.00664  0.01867
