# Scenario generation method from a paper by Hoyland, Kaut & Wallace
# Code by Michal Kaut (michal.kaut@iot.ntnu.n) & Diego Mathieu

#   prob   var  1   var  2   var  3   var  4   var  5
0.010000  0.00590  0.01582  0.00878  0.01169 -0.00766
0.010000  0.00716 -0.00101 -0.02577 -0.02035 -0.02205
0.010000  0.01725 -0.00010 -0.01345  0.00191 -0.01112
0.010000 -0.01181 -0.02784 -0.02326 -0.01771 -0.01990
0.010000  0.02577 -0.01637  0.01597  0.02195 -0.01199
0.010000  0.02906  0.01544  0.00877 -0.00153 -0.00182
0.010000 -0.02640 -0.02722 -0.01842 -0.00826 -0.00216
0.010000 -0.00404  0.01339 -0.01008 -0.00846 -0.00635
0.010000 -0.01135 -0.00152 -0.01885 -0.00366  0.03427
0.010000 -0.00450 -0.01456 -0.00390 -0.00179 -0.00465
0.010000 -0.02952 -0.02703 -0.00860 -0.03501 -0.01464
0.010000 -0.02502 -0.01628 -0.00072  0.00035  0.00942
0.010000 -0.03747 -0.03188 -0.00765 -0.00861  0.02619
0.010000 -0.00589 -0.00092  0.00060 -0.00625 -0.01348
0.010000 -0.01967 -0.00226 -0.01527 -0.00687  0.03296
0.010000 -0.00066  0.00411 -0.00887 -0.00176 -0.01051
0.010000  0.01851  0.01226  0.02563  0.01160  0.02563
0.010000 -0.01707 -0.02259 -0.01127 -0.00231 -0.00976
0.010000 -0.00213  0.01394  0.00250  0.00047  0.01023
0.010000 -0.02191 -0.01443 -0.04250 -0.02471 -0.00047
0.010000 -0.00635 -0.02486  0.00527  0.01163 -0.02244
0.010000 -0.00261 -0.01024 -0.00095 -0.00639 -0.01154
0.010000 -0.03344 -0.03238 -0.03652 -0.04265 -0.00453
0.010000 -0.00309  0.00433 -0.00126  0.00354 -0.00633
0.010000 -0.01510 -0.00115  0.00348 -0.00109  0.01354
0.010000  0.01611  0.01723  0.01219  0.00189 -0.00314
0.010000 -0.01367 -0.02705  0.00713 -0.01058 -0.01849
0.010000 -0.04447 -0.03363 -0.01233 -0.00211 -0.01136
0.010000 -0.00862 -0.01739 -0.00149  0.00403 -0.00572
0.010000 -0.02311 -0.01386  0.01108  0.00162 -0.00483
0.010000 -0.03463 -0.02567 -0.03685 -0.01590 -0.00480
0.010000  0.00086 -0.01118 -0.00215 -0.00466 -0.02137
0.010000  0.00470 -0.01199  0.01669  0.01132  0.00174
0.010000 -0.01558 -0.01906  0.01073 -0.01129 -0.00856
0.010000 -0.02436 -0.02774 -0.00897  0.00078 -0.01865
0.010000 -0.02713 -0.02762 -0.04915 -0.02705  0.00008
0.010000 -0.01462 -0.00109 -0.00279  0.00100 -0.00896
0.010000  0.00652 -0.00756 -0.00511  0.00326 -0.02282
0.010000 -0.03924 -0.00131 -0.00651 -0.00269 -0.00736
0.010000 -0.01273 -0.01946 -0.01820  0.00441 -0.00405
0.010000 -0.00998  0.01026 -0.02223 -0.00649 -0.00307
0.010000 -0.01657 -0.02883 -0.01826  0.00033 -0.01577
0.010000  0.00849  0.01140 -0.00371  0.01401 -0.00725
0.010000  0.01146  0.01388  0.00644 -0.00139 -0.01520
0.010000  0.00300 -0.01046  0.00983  0.00613 -0.01017
0.010000 -0.00726 -0.00112 -0.01884 -0.01381 -0.01606
0.010000  0.00191  0.01435 -0.02166 -0.00660 -0.01086
0.010000 -0.02077 -0.02935 -0.01181 -0.00804 -0.00929
0.010000  0.01315  0.01731  0.01525  0.01312 -0.00443
0.010000 -0.01227 -0.02532 -0.02226 -0.00489 -0.01543
0.010000 -0.00497  0.00312  0.01776  0.00847 -0.00342
0.010000 -0.02570 -0.03078  0.00460  0.00102 -0.01514
0.010000  0.01408  0.01511  0.02776 -0.00268  0.03282
0.010000 -0.03235 -0.02551  0.00132  0.00104  0.01718
0.010000  0.03600  0.02110 -0.00890 -0.01058 -0.00820
0.010000 -0.05072 -0.03423 -0.01533 -0.00586  0.01082
0.010000 -0.01913 -0.00553 -0.01595 -0.00512  0.00009
0.010000 -0.01861 -0.02833 -0.00003 -0.04976 -0.00998
0.010000  0.01067  0.00206  0.01350  0.01560 -0.02106
0.010000 -0.00116 -0.00708 -0.00169 -0.00264  0.00779
0.010000 -0.03040 -0.03098 -0.01249 -0.03075 -0.01617
0.010000 -0.00165 -0.00189 -0.00550 -0.01347  0.00293
0.010000  0.00035  0.00715  0.01896  0.00704 -0.00437
0.010000 -0.00016 -0.01920  0.00225  0.00518 -0.02054
0.010000 -0.01414 -0.02349 -0.00741 -0.00888  0.00922
0.010000 -0.03134 -0.01973 -0.02320 -0.00021 -0.00931
0.010000 -0.00681  0.01147 -0.00550  0.00475  0.00637
0.010000 -0.02250 -0.02122 -0.02872 -0.01454 -0.00696
0.010000 -0.01809  0.00066 -0.02898 -0.00368  0.02478
0.010000 -0.00817 -0.02417 -0.01341 -0.00458 -0.02081
0.010000 -0.00952 -0.00567  0.01099 -0.00005 -0.00717
0.010000 -0.04144 -0.03361 -0.03562 -0.02541  0.01015
0.010000 -0.01043 -0.01356  0.00757  0.00201  0.01002
0.010000  0.01506  0.01779  0.01539  0.01384  0.02009
0.010000  0.00919 -0.00474 -0.00880 -0.01089 -0.01418
0.010000 -0.00907 -0.02388  0.02389  0.00641 -0.00311
0.010000 -0.02133 -0.02192 -0.01673 -0.00786  0.02168
0.010000  0.00412  0.00067  0.00805 -0.00111 -0.01416
0.010000 -0.00543 -0.00912 -0.00505 -0.00511 -0.00791
0.010000 -0.02021 -0.02962  0.00611  0.00817 -0.00128
0.010000 -0.01320 -0.02792 -0.01552  0.00809 -0.02514
0.010000 -0.02373 -0.01853 -0.02336 -0.01163 -0.00689
0.010000 -0.02869 -0.02571 -0.01867 -0.01095 -0.02068
0.010000  0.00138  0.01196  0.00043  0.03341  0.00628
0.010000  0.02151  0.01870  0.01225  0.00573 -0.00784
0.010000  0.00781 -0.00726 -0.01961  0.00204 -0.01253
0.010000  0.01991  0.01539 -0.01559  0.01436 -0.00542
0.010000 -0.03596 -0.02869 -0.02218 -0.00688  0.00084
0.010000 -0.01607 -0.02785  0.00643 -0.01202 -0.00019
0.010000 -0.00357  0.01288  0.00075 -0.00838  0.00390
0.010000  0.00355  0.00343  0.00869  0.00419 -0.01583
0.010000  0.01229  0.01664 -0.00772  0.01016 -0.01420
0.010000  0.02341  0.01901  0.01096  0.01393  0.00869
0.010000 -0.01089 -0.00148 -0.00033  0.00165  0.01869
0.010000  0.00245 -0.01331 -0.01104 -0.01332 -0.01940
0.010000 -0.00771 -0.01033 -0.01128 -0.00132 -0.00637
0.010000  0.00529  0.01460 -0.00660  0.00419  0.00192
0.010000 -0.01757 -0.02944 -0.00394 -0.00220 -0.02055
0.010000  0.00992  0.00521  0.01408  0.00820 -0.00385
0.010000 -0.02789 -0.03082 -0.02527 -0.00404  0.00469
