# Scenario generation method from a paper by Hoyland, Kaut & Wallace
# Code by Michal Kaut (michal.kaut@iot.ntnu.n) & Diego Mathieu

#   prob   var  1   var  2   var  3   var  4   var  5
0.010000  0.00438  0.01965  0.03322  0.03275 -0.00330
0.010000  0.00799  0.02800  0.01438  0.01268  0.01970
0.010000 -0.02855 -0.01839 -0.01461  0.01050  0.01223
0.010000  0.02031  0.02341  0.04760  0.01722  0.00874
0.010000 -0.03465 -0.03174 -0.00169 -0.00552  0.03530
0.010000  0.01358  0.02247  0.02425  0.02606 -0.01388
0.010000  0.04245  0.03534  0.02933 -0.04440  0.08376
0.010000 -0.01710 -0.00237 -0.01218 -0.01606  0.01670
0.010000 -0.00921  0.01072  0.00421  0.02141 -0.01656
0.010000  0.02176  0.01286  0.00315  0.00737 -0.01900
0.010000 -0.00163 -0.02155  0.01365  0.01388  0.02565
0.010000  0.04582  0.03488  0.02692  0.01049  0.01375
0.010000 -0.00102  0.00557  0.02151 -0.01518  0.00804
0.010000 -0.02040  0.00982 -0.01245  0.00275  0.00747
0.010000  0.03780  0.03214  0.01690  0.00319 -0.01379
0.010000  0.00498  0.02252 -0.00345 -0.00834 -0.02071
0.010000 -0.00790 -0.00387 -0.01097  0.00178 -0.01633
0.010000  0.02483 -0.00418 -0.00246 -0.00228  0.01541
0.010000  0.02327  0.01007 -0.00103  0.00486  0.01508
0.010000 -0.00041 -0.01419  0.01842 -0.01104  0.02441
0.010000 -0.00224 -0.00209 -0.00660  0.01487 -0.02844
0.010000 -0.01556 -0.00963  0.01170  0.03470  0.01325
0.010000 -0.01407 -0.01552  0.00187 -0.00184  0.01012
0.010000 -0.03119 -0.02617 -0.01589 -0.03082 -0.02974
0.010000 -0.00409  0.01593  0.02570  0.02101  0.00197
0.010000 -0.01124  0.01761  0.04088  0.02749  0.04183
0.010000 -0.00988 -0.01846 -0.00045  0.01070  0.00574
0.010000  0.01890  0.02457  0.00831  0.00386 -0.01910
0.010000  0.01168 -0.00936 -0.00149 -0.00368  0.04712
0.010000 -0.00661 -0.00927 -0.00681  0.00134  0.01725
0.010000  0.01422  0.03444 -0.00536  0.01608 -0.01767
0.010000 -0.01789 -0.00011  0.00273 -0.02101  0.00298
0.010000  0.03921  0.04266  0.02581  0.01583  0.00074
0.010000  0.03527  0.03113  0.03034 -0.00019  0.01129
0.010000  0.00678  0.03011  0.00138  0.02227  0.05917
0.010000  0.01044 -0.00456  0.03290  0.00988  0.01967
0.010000 -0.01264 -0.01867 -0.01390 -0.02266 -0.02820
0.010000  0.00200  0.01371 -0.00176  0.02664 -0.00941
0.010000  0.00019  0.00374 -0.00916 -0.01789  0.01607
0.010000  0.02251  0.03349  0.03681  0.02017  0.05308
0.010000  0.02564  0.03572  0.01375 -0.00116  0.00431
0.010000  0.00738  0.02712  0.01128  0.01986  0.02104
0.010000  0.00558  0.03152 -0.01191  0.02247 -0.01378
0.010000  0.03002  0.03247  0.01750  0.02091  0.03057
0.010000  0.01960  0.00258  0.01501 -0.01017  0.00255
0.010000 -0.02413 -0.02645 -0.01558  0.00325 -0.02991
0.010000  0.01685  0.02244 -0.00796 -0.00494 -0.02376
0.010000 -0.02515  0.00442  0.02113  0.02409 -0.02072
0.010000 -0.00471 -0.00295 -0.01387 -0.00318 -0.02311
0.010000  0.02732  0.01808 -0.00221  0.01377  0.07925
0.010000  0.01487 -0.00320 -0.00689 -0.00202  0.00285
0.010000  0.02647  0.03966  0.00254  0.02905 -0.02028
0.010000 -0.01954  0.00068 -0.01058  0.01000 -0.02897
0.010000 -0.00285  0.01369 -0.01379  0.00123 -0.02236
0.010000  0.00982  0.02605  0.00502  0.02121 -0.01477
0.010000  0.00140 -0.00322  0.02207  0.01758  0.01252
0.010000 -0.00855 -0.02077  0.01059 -0.00890 -0.01725
0.010000  0.02819  0.02748  0.01223  0.02740  0.01172
0.010000 -0.03265 -0.02287 -0.01690  0.01068 -0.03133
0.010000 -0.01193 -0.01596 -0.01360  0.00313 -0.02025
0.010000 -0.01871 -0.00305 -0.01653  0.01550 -0.01668
0.010000  0.02909  0.03304  0.01814 -0.01330  0.00299
0.010000  0.01752  0.01260  0.04154  0.02578  0.07094
0.010000  0.04433  0.03295  0.01797  0.00976  0.00334
0.010000 -0.01481  0.01447  0.00461  0.00442  0.05161
0.010000 -0.02220  0.00029 -0.01690  0.00554 -0.00433
0.010000  0.01552 -0.00400 -0.00784 -0.00196 -0.02461
0.010000  0.00618  0.01165  0.01951  0.00692  0.00094
0.010000  0.00319 -0.00743  0.02657 -0.00053  0.04531
0.010000 -0.02315  0.01186 -0.00627  0.02343 -0.02938
0.010000  0.03198  0.03176  0.00011  0.00417  0.01723
0.010000  0.03650  0.01737  0.00359 -0.02536  0.02673
0.010000  0.04075  0.00568  0.05332 -0.00191  0.04267
0.010000  0.01294  0.00210  0.03667  0.00179  0.03275
0.010000  0.00921 -0.01395 -0.00804 -0.02245 -0.01502
0.010000  0.02103  0.00946 -0.00540 -0.00285 -0.00212
0.010000 -0.02983 -0.02061  0.00736  0.00819 -0.00279
0.010000 -0.01335 -0.02595 -0.01171 -0.02458 -0.01928
0.010000 -0.02129 -0.01181 -0.01612 -0.00173  0.00139
0.010000 -0.01056  0.01029 -0.01233  0.01391 -0.00513
0.010000 -0.00347  0.01583 -0.00505  0.01965 -0.01409
0.010000 -0.00725  0.00016 -0.00273 -0.00459  0.00960
0.010000  0.01231  0.01552 -0.00732  0.01154 -0.01589
0.010000  0.03303  0.00424  0.03713  0.00540  0.05563
0.010000 -0.02623 -0.01541 -0.01676  0.01037  0.01376
0.010000  0.02404  0.01400 -0.00403  0.00494 -0.01448
0.010000  0.01821  0.01744  0.00475  0.00514 -0.00841
0.010000 -0.02736 -0.02030 -0.01727  0.01001 -0.03043
0.010000  0.03412  0.03876  0.00484  0.00628  0.00055
0.010000 -0.03417 -0.02903 -0.00787  0.00392  0.04229
0.010000 -0.00534 -0.00160 -0.01417  0.01751  0.02520
0.010000  0.00259 -0.00732  0.00332 -0.00127  0.03507
0.010000  0.01618  0.00646  0.01896  0.00819  0.00838
0.010000  0.01106 -0.01049  0.04712  0.00220  0.01389
0.010000  0.00379 -0.01877 -0.00539 -0.00421  0.00356
0.010000 -0.01632  0.00251 -0.00200  0.02669 -0.01279
0.010000  0.03098  0.02615  0.01599  0.01183  0.02517
0.010000  0.00080 -0.00317 -0.00931 -0.00453 -0.00074
0.010000 -0.00597  0.02180 -0.01463  0.00774  0.01171
0.010000  0.00860 -0.01075  0.00446 -0.00148  0.00954
