# Scenario generation method from a paper by Hoyland, Kaut & Wallace
# Code by Michal Kaut (michal.kaut@iot.ntnu.n) & Diego Mathieu

#   prob   var  1   var  2   var  3   var  4   var  5
0.010000  0.01514  0.00891  0.01081  0.00203  0.00666
0.010000  0.00298  0.01250 -0.00278 -0.00058 -0.00988
0.010000 -0.02334 -0.00971 -0.02948 -0.00526 -0.04349
0.010000  0.01446  0.01265  0.01684  0.01082 -0.02286
0.010000  0.00213 -0.00993  0.00987  0.00322 -0.03505
0.010000  0.00129  0.00375  0.00511  0.00576  0.01201
0.010000 -0.05690 -0.02752 -0.03097 -0.04341  0.01970
0.010000 -0.04113 -0.02015 -0.01900 -0.01260 -0.01384
0.010000 -0.00815 -0.00742 -0.02930 -0.01348  0.00911
0.010000 -0.00039 -0.02455  0.00037  0.00460 -0.01034
0.010000 -0.00908 -0.01774 -0.00701 -0.00028  0.01252
0.010000  0.00515  0.00478  0.00826  0.00966 -0.02468
0.010000 -0.02749 -0.02156 -0.02686 -0.01557  0.01812
0.010000 -0.02874 -0.02872 -0.01807 -0.01342  0.01392
0.010000 -0.01005 -0.01211 -0.00577 -0.00320 -0.00911
0.010000 -0.01155  0.00445  0.00489  0.00438  0.00743
0.010000 -0.00546 -0.00046 -0.00317  0.00287 -0.01192
0.010000  0.01038  0.00260 -0.01373  0.00952 -0.01511
0.010000  0.00886 -0.01411  0.00796 -0.00274  0.01191
0.010000 -0.01259  0.00481 -0.00028 -0.00040 -0.00306
0.010000  0.00255  0.01047 -0.00882  0.01753 -0.01691
0.010000 -0.01368 -0.03127 -0.00858 -0.02284 -0.03018
0.010000  0.01740  0.01498  0.02285  0.02096  0.01324
0.010000 -0.00122  0.00705  0.00577  0.02617 -0.03464
0.010000  0.00936  0.00437  0.00625 -0.00979 -0.01922
0.010000 -0.00416  0.00357  0.00540  0.00586 -0.00199
0.010000 -0.00956  0.00621 -0.00221 -0.02192  0.01369
0.010000  0.00649  0.00829  0.00647  0.00115  0.03602
0.010000 -0.01727 -0.00674 -0.00897 -0.00050  0.01095
0.010000  0.00171  0.00339 -0.01756 -0.00084 -0.06174
0.010000  0.00087  0.01143 -0.00662  0.00202  0.00173
0.010000  0.02277  0.00031  0.02250  0.01258  0.00732
0.010000  0.01382  0.00567  0.00871  0.01760  0.01437
0.010000  0.02023  0.01384 -0.00028  0.00719 -0.02691
0.010000 -0.00206 -0.00532  0.00991 -0.00596  0.00244
0.010000 -0.01601 -0.00762 -0.00567 -0.00525 -0.00958
0.010000 -0.00374 -0.01811 -0.00379 -0.00096 -0.01444
0.010000  0.00003  0.00010  0.00277  0.03358 -0.01552
0.010000 -0.01861 -0.00328 -0.02376 -0.00816 -0.00269
0.010000  0.01826  0.01406  0.00531  0.02204 -0.00514
0.010000  0.00384 -0.00906  0.01611 -0.00075  0.00491
0.010000  0.00695  0.00628  0.00775  0.02375 -0.01631
0.010000  0.00604  0.01028  0.01719  0.01454 -0.01791
0.010000  0.02140  0.01245  0.01719  0.01990 -0.01819
0.010000 -0.00164 -0.01599 -0.01556 -0.05987  0.00630
0.010000 -0.02005 -0.01312 -0.01574 -0.01338  0.01240
0.010000  0.00045 -0.00935  0.01509 -0.01019 -0.00254
0.010000 -0.01663 -0.00248 -0.02335 -0.00802  0.02003
0.010000 -0.01481 -0.00001 -0.01806 -0.02522  0.01155
0.010000 -0.01932 -0.00724 -0.00228 -0.00542  0.03064
0.010000 -0.00247  0.01093  0.00834 -0.00435 -0.01597
0.010000 -0.00769 -0.00783 -0.00527 -0.03227  0.00754
0.010000  0.03138  0.01260  0.00902  0.00035 -0.02095
0.010000  0.01146  0.01467  0.01420  0.00620 -0.02036
0.010000 -0.02528 -0.02535 -0.03096 -0.02305  0.00114
0.010000  0.00789 -0.01080  0.02060 -0.00469  0.00828
0.010000 -0.00678 -0.01116 -0.00149 -0.00816 -0.00861
0.010000 -0.00502  0.00022  0.00212  0.00695 -0.00450
0.010000  0.01585 -0.01309  0.01581  0.01036 -0.04140
0.010000  0.01660  0.01511  0.00840  0.01047  0.00914
0.010000  0.00427 -0.00676 -0.01504  0.00744 -0.03270
0.010000  0.00987  0.00146 -0.00083  0.01431  0.01481
0.010000  0.00559 -0.01895  0.01827  0.01819 -0.01246
0.010000 -0.03545 -0.02960 -0.01580 -0.01468 -0.03984
0.010000  0.00341  0.01175  0.01429  0.00313  0.01053
0.010000 -0.02162 -0.02374  0.00236 -0.01130  0.00920
0.010000 -0.00589 -0.00679  0.00989 -0.00102  0.01503
0.010000  0.02673  0.00479  0.01862  0.01333 -0.01483
0.010000  0.01320 -0.00919  0.00945 -0.01280 -0.01172
0.010000 -0.03012 -0.01763 -0.02604 -0.01712  0.02727
0.010000 -0.03165 -0.03288 -0.02256 -0.01516  0.00556
0.010000 -0.02246 -0.00823 -0.00722 -0.00499 -0.01361
0.010000 -0.00080  0.00521 -0.00782 -0.00143 -0.02187
0.010000 -0.02428 -0.01821 -0.01293 -0.00587 -0.03689
0.010000  0.01202  0.00145  0.00709  0.00327 -0.00607
0.010000 -0.00289 -0.00176 -0.01725 -0.00773 -0.00774
0.010000  0.00837  0.01166  0.01135  0.01809 -0.02743
0.010000 -0.00861 -0.02064  0.00746 -0.00576 -0.02830
0.010000  0.02444  0.01430  0.00627  0.01763 -0.01141
0.010000  0.00742  0.00231 -0.00610  0.00381  0.00077
0.010000  0.00471 -0.01659  0.01029 -0.00587  0.02050
0.010000 -0.01206  0.00509 -0.01316  0.00356 -0.00184
0.010000 -0.01424 -0.02397 -0.00455 -0.00730  0.00339
0.010000 -0.04582 -0.02277 -0.04110 -0.04118 -0.01780
0.010000 -0.00331 -0.00552 -0.01613  0.00798 -0.02862
0.010000 -0.01054 -0.02385 -0.01154 -0.00054 -0.02826
0.010000 -0.02082 -0.03243 -0.00152 -0.01219 -0.01217
0.010000 -0.00723 -0.01868  0.00641  0.00566 -0.00414
0.010000 -0.02634 -0.02977 -0.02359 -0.02799  0.00634
0.010000  0.01260 -0.00115  0.00621 -0.00438 -0.02000
0.010000 -0.03340 -0.01867 -0.01803 -0.03171 -0.01791
0.010000 -0.00634 -0.01429  0.01249  0.00007  0.00908
0.010000 -0.03793 -0.03144 -0.01387 -0.01847 -0.00996
0.010000  0.01919 -0.00372  0.01567  0.00969 -0.01926
0.010000 -0.01793 -0.00425 -0.00142  0.00553  0.01375
0.010000 -0.00459 -0.01069 -0.01551  0.00804 -0.00471
0.010000 -0.01540 -0.03040 -0.00214 -0.00330 -0.02124
0.010000  0.01092  0.00894  0.01755  0.00541 -0.00985
0.010000 -0.01104  0.00621 -0.01714 -0.01000 -0.00838
0.010000 -0.01313  0.00477  0.00220 -0.00147  0.01442
