# Scenario generation method from a paper by Hoyland, Kaut & Wallace
# Code by Michal Kaut (michal.kaut@iot.ntnu.n) & Diego Mathieu

#   prob   var  1   var  2   var  3   var  4   var  5
0.010000  0.05040 -0.01847  0.03126  0.01418  0.05544
0.010000  0.00934  0.02710  0.01596 -0.01322  0.06204
0.010000 -0.00375 -0.01545  0.01989  0.01392  0.03923
0.010000  0.00850 -0.03339  0.01860  0.00072  0.07780
0.010000 -0.01482 -0.01939 -0.01959  0.00621 -0.02799
0.010000  0.04275  0.05248  0.00460  0.01580 -0.00472
0.010000 -0.02568 -0.02730  0.00184 -0.01086  0.04514
0.010000  0.01903  0.00033  0.01121 -0.01217  0.01367
0.010000 -0.05090 -0.05859 -0.02707 -0.03471  0.03098
0.010000  0.06188 -0.00041  0.03010  0.02957  0.04660
0.010000 -0.00211  0.01829 -0.02255 -0.03500 -0.02604
0.010000 -0.01758 -0.01602  0.01730 -0.00484  0.04208
0.010000 -0.02681 -0.01107 -0.02593 -0.01516 -0.06717
0.010000 -0.00049 -0.03478 -0.00170  0.01231  0.04678
0.010000 -0.02047 -0.03353 -0.02023 -0.01492 -0.05804
0.010000  0.03672  0.01768  0.00649  0.02053 -0.01433
0.010000  0.02289  0.00944  0.02853  0.00623 -0.00970
0.010000 -0.01304 -0.04732 -0.00597 -0.02393 -0.00208
0.010000 -0.02796 -0.02529 -0.02129 -0.03376  0.05083
0.010000  0.08502  0.09049  0.04424  0.02877  0.07315
0.010000  0.05835  0.02557  0.03141  0.02608  0.02393
0.010000  0.00767 -0.01806 -0.00798 -0.04394  0.05479
0.010000 -0.00539 -0.01192 -0.02361 -0.01117 -0.00217
0.010000 -0.05490 -0.03669 -0.02568 -0.06034 -0.03511
0.010000  0.00357  0.00828 -0.00846  0.00109 -0.05584
0.010000  0.00032 -0.01929  0.01980  0.02023  0.03784
0.010000 -0.03169 -0.04271  0.01172  0.01066 -0.02094
0.010000 -0.02459 -0.05353 -0.01070  0.00192  0.04150
0.010000 -0.01043 -0.04654 -0.02544 -0.01273  0.00002
0.010000  0.05536  0.02694  0.00723  0.00153  0.01985
0.010000 -0.06201 -0.06463 -0.00834 -0.00339 -0.03834
0.010000  0.00438 -0.01014  0.03269  0.02468  0.01353
0.010000 -0.01949 -0.05541 -0.02701 -0.01796  0.05261
0.010000 -0.01665 -0.01211 -0.00748  0.00813  0.02463
0.010000  0.02597  0.02668  0.01231  0.00156 -0.00925
0.010000 -0.00705  0.00439 -0.02177 -0.00718  0.01501
0.010000 -0.01853 -0.05023 -0.00191 -0.00045  0.06383
0.010000  0.06627  0.03389  0.01814  0.01075  0.07069
0.010000 -0.01216 -0.01878 -0.02561 -0.01468 -0.00839
0.010000 -0.02353 -0.01732 -0.00450 -0.00555 -0.00787
0.010000  0.01018  0.00510 -0.00112 -0.02482  0.04079
0.010000  0.04113  0.02043  0.02431  0.01681  0.06493
0.010000  0.04826  0.04038  0.00837  0.00168  0.04660
0.010000  0.00684 -0.02453 -0.00707  0.00560  0.05680
0.010000 -0.03303 -0.05757 -0.02598 -0.02864 -0.02066
0.010000  0.00602  0.01346  0.00427 -0.00376 -0.04817
0.010000  0.03159  0.01429  0.02781  0.01768  0.04210
0.010000  0.05274  0.03518  0.03392  0.02441  0.03855
0.010000  0.01361  0.00013  0.00443 -0.00713  0.06426
0.010000 -0.04782 -0.01307 -0.02120 -0.03048 -0.00587
0.010000 -0.01573 -0.01679 -0.00601  0.01350 -0.05876
0.010000 -0.01129 -0.00878  0.00446 -0.01905  0.03145
0.010000  0.00520 -0.01056  0.02416  0.00693  0.07271
0.010000 -0.04302 -0.05142 -0.01668  0.00155 -0.00061
0.010000  0.03959  0.00087  0.00546  0.02005 -0.00389
0.010000  0.03407  0.00192  0.00505  0.00648  0.01566
0.010000  0.01274  0.02562 -0.01044 -0.02487  0.05517
0.010000  0.01628 -0.01210  0.02935 -0.01249  0.04160
0.010000  0.03537  0.02618 -0.00084  0.00021  0.06101
0.010000 -0.00873 -0.00592  0.02056  0.01531  0.04590
0.010000 -0.03593 -0.05608 -0.02533 -0.02148 -0.02938
0.010000  0.03281  0.01934  0.04239  0.01705  0.05406
0.010000 -0.02916  0.02449  0.00196 -0.01613  0.03422
0.010000  0.02704  0.04825  0.02358  0.01681 -0.01774
0.010000  0.02390  0.01089 -0.00133 -0.01638  0.07071
0.010000  0.01449 -0.03184  0.00978  0.02007  0.05595
0.010000 -0.00293  0.00328  0.02003  0.01338  0.05777
0.010000  0.01103  0.01635 -0.00948 -0.00358 -0.05546
0.010000 -0.02248 -0.06243 -0.01189 -0.03023  0.00651
0.010000  0.07235  0.03983  0.02253  0.02700  0.03381
0.010000  0.01998  0.02209 -0.00434 -0.00150 -0.00780
0.010000  0.04447  0.04629  0.04250  0.01109  0.07777
0.010000  0.02093 -0.00280  0.02980  0.02714  0.04011
0.010000  0.01538  0.00735 -0.00494  0.00355  0.01749
0.010000  0.01810  0.01577  0.01546 -0.00017 -0.04549
0.010000  0.02191  0.05794  0.02533  0.00380  0.05885
0.010000 -0.03040 -0.00012 -0.02588 -0.04347  0.02279
0.010000  0.01718 -0.01203  0.00588  0.00478  0.04358
0.010000  0.00276 -0.01607 -0.00692  0.01589  0.04394
0.010000 -0.03919 -0.01772 -0.02107 -0.01399  0.02567
0.010000 -0.00958 -0.01270  0.00963 -0.00182  0.03932
0.010000 -0.01393  0.01927 -0.00502 -0.01183  0.01200
0.010000  0.00195  0.01066 -0.00176  0.00232 -0.02057
0.010000 -0.02147 -0.02598 -0.02647 -0.00739 -0.02926
0.010000  0.02926  0.01676  0.02986  0.02443 -0.00935
0.010000  0.03041  0.00425 -0.00031 -0.00003 -0.04717
0.010000  0.02814  0.05863  0.01470  0.01242  0.03977
0.010000 -0.03444 -0.05638 -0.02697 -0.01154  0.03959
0.010000 -0.00457 -0.02634 -0.00003  0.00625 -0.03691
0.010000  0.01188  0.03203 -0.01762 -0.01313  0.03426
0.010000  0.00114  0.01863  0.02279  0.00261  0.03742
0.010000  0.03812  0.00472  0.03190  0.02174 -0.01235
0.010000 -0.04526 -0.07333 -0.00245  0.00417  0.05885
0.010000 -0.00622 -0.03664 -0.01048 -0.03380  0.06450
0.010000 -0.03750 -0.01926 -0.02586 -0.03199  0.00772
0.010000 -0.00130 -0.02965  0.00610 -0.01942  0.04862
0.010000  0.04630  0.04112  0.03066  0.02647  0.00245
0.010000 -0.04102 -0.04575 -0.01167 -0.02680  0.04208
0.010000 -0.00789 -0.00950 -0.01617 -0.03520 -0.01587
0.010000  0.02493  0.03348  0.00938  0.00139  0.04877
