# Scenario generation method from a paper by Hoyland, Kaut & Wallace
# Code by Michal Kaut (michal.kaut@iot.ntnu.n) & Diego Mathieu

#   prob   var  1   var  2   var  3   var  4   var  5
0.010000 -0.02796 -0.02603 -0.00227 -0.00777 -0.01137
0.010000 -0.01689  0.00309 -0.00197 -0.01393 -0.01361
0.010000  0.00460 -0.00765 -0.00149  0.00804 -0.01112
0.010000 -0.01051  0.00625 -0.01378 -0.01023 -0.00537
0.010000 -0.00545 -0.00884  0.00341  0.01145  0.00576
0.010000  0.00513 -0.01817 -0.00640 -0.00704 -0.02134
0.010000 -0.00816 -0.00458  0.02782  0.00953 -0.00542
0.010000 -0.00739 -0.00752  0.00744  0.02737 -0.00152
0.010000 -0.00778 -0.00869  0.00107 -0.01282 -0.02608
0.010000 -0.02169 -0.03012 -0.01999 -0.02220 -0.00360
0.010000 -0.04280  0.00217  0.00361 -0.02934 -0.03620
0.010000 -0.01642 -0.00477 -0.01743 -0.02295 -0.01541
0.010000 -0.00584 -0.00590  0.00074 -0.00771 -0.03600
0.010000 -0.00506 -0.00920 -0.01014 -0.00016 -0.00611
0.010000 -0.00623 -0.00761  0.00013 -0.02494  0.00884
0.010000  0.00929  0.02775 -0.01206  0.00409 -0.00037
0.010000 -0.03665 -0.03245  0.00524 -0.03372 -0.03024
0.010000  0.01069 -0.00737 -0.00837  0.00899 -0.00178
0.010000  0.00623  0.00028 -0.01226 -0.00213 -0.00332
0.010000  0.01394  0.01889 -0.00706  0.01687 -0.01834
0.010000 -0.01294  0.00311 -0.00592 -0.00757 -0.02264
0.010000  0.00031 -0.00025 -0.01252 -0.01015 -0.04606
0.010000 -0.00855  0.00266 -0.00846 -0.00253 -0.00603
0.010000  0.00120 -0.01977  0.01280  0.02060 -0.02396
0.010000  0.00309  0.00139  0.00763  0.00494  0.00709
0.010000 -0.01994 -0.02361 -0.01885 -0.02527  0.00502
0.010000  0.00997 -0.01621 -0.01071 -0.01914  0.01101
0.010000 -0.00700 -0.02304 -0.00961 -0.01474  0.01054
0.010000 -0.01252  0.02660  0.01287 -0.00243 -0.01519
0.010000 -0.01131 -0.02784 -0.00238 -0.01783  0.01098
0.010000  0.00739 -0.00712  0.00299  0.00115  0.00196
0.010000 -0.00266 -0.01305 -0.01056 -0.01886 -0.00578
0.010000 -0.01836 -0.00428 -0.00825 -0.02391 -0.00607
0.010000  0.00863 -0.01407  0.01139 -0.00380 -0.01079
0.010000  0.01489 -0.00728 -0.00620  0.00628  0.01116
0.010000 -0.03194 -0.02918 -0.01052 -0.00300 -0.00937
0.010000 -0.01335 -0.00114 -0.00389 -0.03785  0.00253
0.010000  0.01305 -0.01691 -0.00973  0.00198  0.01000
0.010000  0.00567 -0.01420 -0.01757 -0.01813  0.01040
0.010000  0.00075 -0.00607 -0.00748 -0.00759  0.00748
0.010000 -0.02298 -0.01678 -0.00204 -0.01785 -0.01176
0.010000  0.00213  0.01932 -0.00443  0.00302 -0.02580
0.010000 -0.00466  0.01914  0.01836 -0.02947  0.00545
0.010000 -0.01551 -0.02015  0.01677 -0.00217  0.00679
0.010000 -0.00972 -0.01501  0.00907 -0.00856 -0.00060
0.010000 -0.00225 -0.02554 -0.00550  0.01055  0.00666
0.010000 -0.01940 -0.02909 -0.00686 -0.03434  0.00901
0.010000 -0.01596 -0.02790  0.02623  0.00846 -0.01032
0.010000 -0.00661 -0.00672  0.00168 -0.01535  0.00242
0.010000 -0.01012 -0.02506 -0.01466 -0.01050  0.01008
0.010000  0.02518 -0.01641 -0.01965  0.01075  0.01241
0.010000  0.02804  0.03120  0.02273  0.01440  0.00041
0.010000  0.01222  0.01528 -0.00955  0.02094  0.00645
0.010000 -0.01420 -0.02274 -0.01424 -0.00863 -0.00882
0.010000 -0.00183 -0.00163  0.00290  0.00696 -0.00067
0.010000 -0.02108 -0.02709 -0.01145 -0.02318  0.00020
0.010000 -0.00057 -0.01367  0.00989  0.04958 -0.01752
0.010000 -0.01463  0.00319 -0.02327 -0.01364 -0.00647
0.010000  0.04220  0.03610 -0.01473  0.01544 -0.00617
0.010000 -0.02232  0.02640  0.00033 -0.03781 -0.02069
0.010000 -0.03039 -0.02264 -0.01400 -0.03107 -0.04975
0.010000 -0.00933 -0.02711 -0.00121  0.01013 -0.02979
0.010000 -0.02367  0.00289 -0.00764 -0.00961 -0.05376
0.010000 -0.01737 -0.01667  0.00554 -0.00941  0.00558
0.010000 -0.01171 -0.02016 -0.02240 -0.01532  0.00897
0.010000  0.03223  0.01815 -0.00242  0.03878  0.00815
0.010000 -0.00347 -0.02528  0.04875  0.01255  0.00525
0.010000 -0.02441 -0.02812 -0.00050 -0.01609 -0.03078
0.010000  0.00680  0.00339  0.00870  0.00097  0.00924
0.010000 -0.01507  0.00780  0.00277 -0.00635 -0.00330
0.010000 -0.01786 -0.00219 -0.00340 -0.02563  0.00214
0.010000 -0.00013  0.01243  0.01564  0.01071 -0.05365
0.010000  0.02116 -0.00738  0.00714  0.01046  0.01144
0.010000 -0.02695 -0.00686 -0.00736 -0.03460 -0.00886
0.010000 -0.02909  0.00434 -0.00962 -0.04070 -0.00879
0.010000  0.01961  0.03132  0.00315 -0.00359  0.00637
0.010000  0.01143  0.00635 -0.00137 -0.00314 -0.01168
0.010000 -0.01091 -0.00670  0.01567  0.00735 -0.01437
0.010000 -0.01887 -0.02800 -0.01989 -0.01753 -0.01708
0.010000 -0.00427  0.01821  0.02541 -0.00886 -0.00064
0.010000  0.01591 -0.00246 -0.00567  0.01986 -0.01304
0.010000 -0.00142 -0.00837  0.00782 -0.00012 -0.00889
0.010000 -0.00307 -0.02616  0.00640  0.00654  0.00412
0.010000  0.01824 -0.00796 -0.00147 -0.00175  0.01181
0.010000 -0.03389 -0.02563  0.00312 -0.03561 -0.00392
0.010000 -0.01377 -0.02627  0.03252  0.01511 -0.00102
0.010000  0.00358 -0.02210  0.01972 -0.01511 -0.00067
0.010000 -0.00894  0.00184 -0.00007 -0.00925  0.00378
0.010000 -0.00387 -0.02012  0.00308  0.00649 -0.00277
0.010000  0.02298  0.03659  0.01174  0.01038 -0.02818
0.010000  0.00260  0.02251 -0.00019 -0.00417 -0.00683
0.010000  0.00409  0.01724 -0.01851  0.01508 -0.02597
0.010000 -0.02519  0.01464  0.02871 -0.00101 -0.01806
0.010000  0.00800 -0.01116 -0.01402  0.02253 -0.00485
0.010000 -0.00099  0.01640  0.00897  0.02047 -0.00676
0.010000  0.00166  0.00788 -0.01145 -0.00504  0.00707
0.010000 -0.01212 -0.02104 -0.02014 -0.00382  0.00661
0.010000 -0.02604 -0.01903 -0.00458 -0.04185 -0.01468
0.010000 -0.02050 -0.02605 -0.00945  0.00015  0.00369
0.010000  0.01702  0.00324 -0.00359  0.00065 -0.00518
