# Scenario generation method from a paper by Hoyland, Kaut & Wallace
# Code by Michal Kaut (michal.kaut@iot.ntnu.n) & Diego Mathieu

#   prob   var  1   var  2   var  3   var  4   var  5
0.010000 -0.03856 -0.00515  0.01668 -0.03062 -0.01105
0.010000 -0.01380  0.01617  0.00281 -0.00824 -0.00585
0.010000 -0.03672 -0.04785 -0.02373 -0.01147  0.00320
0.010000 -0.03128 -0.04811  0.00853 -0.03470  0.01839
0.010000 -0.05560 -0.04344 -0.02512 -0.03813 -0.05247
0.010000  0.05573  0.05800  0.01687  0.03151  0.04375
0.010000  0.04241  0.06240  0.01534  0.01462  0.03999
0.010000  0.04740 -0.00726  0.01348  0.03843  0.02705
0.010000 -0.00703 -0.04421 -0.00941  0.00331  0.03398
0.010000  0.07015  0.01584  0.03722  0.05582  0.02265
0.010000  0.04907  0.03259  0.07993  0.06232  0.01686
0.010000  0.07514  0.06252  0.02668  0.03573  0.03046
0.010000  0.06395  0.02953  0.02625  0.05672  0.02786
0.010000  0.06233  0.03322  0.04957  0.03645  0.06316
0.010000 -0.02949  0.00734  0.01173 -0.02013  0.01465
0.010000  0.02527  0.01607  0.00968  0.01256 -0.03610
0.010000  0.01115 -0.02458 -0.00305 -0.02199 -0.00415
0.010000 -0.01551 -0.03899  0.01088 -0.02542  0.02330
0.010000 -0.05947 -0.03434 -0.02759 -0.06654 -0.00235
0.010000  0.00952 -0.03763 -0.01177  0.00045  0.01921
0.010000 -0.04414 -0.04896 -0.02254 -0.03372 -0.02103
0.010000  0.06294  0.05129  0.01063  0.04582  0.03440
0.010000 -0.02243  0.01296 -0.01316 -0.01783 -0.01346
0.010000 -0.03490 -0.04353 -0.01711  0.00373  0.00208
0.010000  0.07157  0.05245  0.00719  0.02640  0.02810
0.010000 -0.06330 -0.04557 -0.01842 -0.04117 -0.04678
0.010000 -0.04602 -0.03975 -0.01116 -0.02424 -0.00108
0.010000 -0.00871 -0.04497  0.00171 -0.01538  0.00030
0.010000  0.06069  0.06312  0.01328  0.04021 -0.01527
0.010000 -0.03308 -0.04684 -0.00103 -0.03801 -0.03085
0.010000 -0.00201  0.01691  0.02798  0.00597 -0.02252
0.010000 -0.06700 -0.03392  0.00926 -0.07953  0.00033
0.010000 -0.01210 -0.00929 -0.00543 -0.02824  0.02571
0.010000  0.02098 -0.01453 -0.00967  0.00208  0.01368
0.010000  0.07290  0.05550  0.05077  0.03186  0.00431
0.010000  0.00295 -0.02555  0.02943 -0.03800 -0.01375
0.010000 -0.02068 -0.00432 -0.02079  0.03545  0.00534
0.010000  0.03083  0.04240  0.06258  0.00800  0.01540
0.010000  0.02919  0.03674  0.00339  0.06778  0.01685
0.010000  0.06555  0.01374  0.04398  0.00209  0.05503
0.010000 -0.04983 -0.02290 -0.01440 -0.02819 -0.04554
0.010000  0.01934 -0.03183  0.05478  0.01135 -0.00550
0.010000 -0.07265 -0.02567 -0.04904 -0.03619 -0.05354
0.010000  0.02754 -0.02554 -0.00909  0.03114  0.05381
0.010000  0.06866  0.02636  0.04177  0.01445  0.04244
0.010000 -0.04227 -0.04955 -0.01876 -0.04865 -0.03537
0.010000  0.07411  0.07226  0.01699  0.06770 -0.00461
0.010000 -0.01040 -0.01681  0.02687 -0.02644 -0.01415
0.010000  0.01770  0.04858  0.00779  0.01125  0.00706
0.010000 -0.02418 -0.04726 -0.02154  0.00861  0.00334
0.010000  0.02590 -0.02045  0.03545  0.04043  0.04947
0.010000  0.01443 -0.00747 -0.01738  0.04179  0.01373
0.010000 -0.06641 -0.05060 -0.01699 -0.01320 -0.03760
0.010000  0.03413  0.01992  0.00321  0.02169 -0.00093
0.010000  0.03248  0.00829  0.03335 -0.01166  0.03442
0.010000  0.05739  0.01100  0.02659  0.05738  0.05982
0.010000  0.00460 -0.03581  0.01236  0.01964  0.02731
0.010000  0.07607  0.05238  0.04388  0.04919  0.04553
0.010000  0.05073  0.00509 -0.00309  0.04227  0.05208
0.010000 -0.07160 -0.04150 -0.03812 -0.01373 -0.09894
0.010000  0.03578  0.04929  0.00550  0.07171 -0.03803
0.010000 -0.02594 -0.04637 -0.01181 -0.00151 -0.00674
0.010000  0.02262 -0.02952 -0.01521  0.00114 -0.00444
0.010000  0.01279  0.01745  0.02903  0.00729  0.01648
0.010000 -0.02771 -0.00971 -0.02653 -0.02162 -0.05560
0.010000  0.07142  0.05132  0.07303  0.05801  0.03369
0.010000 -0.00535 -0.03786  0.00734  0.00693  0.00631
0.010000  0.07592  0.06926  0.01695  0.08384  0.05882
0.010000 -0.04792 -0.04666 -0.03341 -0.02955 -0.04059
0.010000 -0.06518 -0.04928 -0.02417 -0.03157 -0.03695
0.010000  0.04574  0.01179  0.00922  0.04581  0.04479
0.010000 -0.06139 -0.02879 -0.01004 -0.05201 -0.03863
0.010000 -0.00368 -0.04336  0.00131 -0.02191 -0.01811
0.010000 -0.07288 -0.02303 -0.03378 -0.02872 -0.01340
0.010000 -0.03751 -0.00325 -0.03007 -0.00834 -0.06570
0.010000  0.06712  0.01060  0.08033  0.01256  0.05017
0.010000  0.05240  0.04775  0.05264  0.07672  0.02175
0.010000  0.03909 -0.01288  0.03520  0.00603  0.02241
0.010000  0.05407  0.02706  0.01581  0.00501  0.02919
0.010000  0.05905  0.06454  0.04304  0.05808  0.06810
0.010000  0.07630  0.04380  0.04506  0.07067  0.04189
0.010000  0.01606  0.02682  0.02211  0.00094 -0.00125
0.010000 -0.06873 -0.04148 -0.03367 -0.03683 -0.01370
0.010000 -0.04041 -0.04876 -0.01929 -0.02867 -0.00699
0.010000  0.00788 -0.01258  0.06137 -0.00146  0.03356
0.010000 -0.05753 -0.04571 -0.03244 -0.03458 -0.03402
0.010000 -0.01723 -0.03827 -0.02140 -0.00911 -0.02053
0.010000  0.07478  0.03231  0.04432  0.03530  0.05607
0.010000 -0.05174 -0.04073 -0.00172 -0.04718 -0.02552
0.010000  0.03744  0.06330  0.04468  0.05003  0.06409
0.010000  0.04407 -0.00892  0.00154  0.07164  0.06176
0.010000 -0.00035 -0.04106  0.02678 -0.03354  0.00391
0.010000  0.00130 -0.03128  0.00199 -0.00369 -0.02208
0.010000  0.04075  0.01447  0.06816 -0.01717  0.03018
0.010000 -0.07169 -0.04446 -0.02625 -0.02768 -0.04196
0.010000  0.00624 -0.00716  0.01778 -0.02361  0.03372
0.010000  0.02426  0.01914  0.02114 -0.00159  0.00952
0.010000 -0.05367 -0.02909 -0.00209 -0.05804 -0.02143
0.010000 -0.01895 -0.04658 -0.01769 -0.03343 -0.02581
0.010000 -0.07033 -0.05210  0.02327 -0.05815 -0.02746
