# Scenario generation method from a paper by Hoyland, Kaut & Wallace
# Code by Michal Kaut (michal.kaut@iot.ntnu.n) & Diego Mathieu

#   prob   var  1   var  2   var  3   var  4   var  5
0.010000 -0.01498 -0.01792 -0.00333 -0.01892 -0.02864
0.010000  0.00058 -0.00212 -0.00162 -0.00520 -0.02210
0.010000 -0.00897  0.00711  0.00367 -0.01933 -0.03201
0.010000  0.00294 -0.00893 -0.00135 -0.00046  0.00552
0.010000 -0.01158  0.00551 -0.00232 -0.02367 -0.02664
0.010000  0.00909  0.01125  0.01855  0.00543 -0.02834
0.010000 -0.00129 -0.00497 -0.01081  0.01959 -0.01027
0.010000 -0.04146 -0.04063 -0.01148 -0.02807 -0.02062
0.010000 -0.02322 -0.01758 -0.00110 -0.00043  0.00555
0.010000  0.00105  0.00002  0.00547  0.04900 -0.01085
0.010000  0.01887  0.00708  0.00223  0.01582 -0.00893
0.010000 -0.00176  0.00793 -0.00290 -0.00985 -0.04123
0.010000  0.02174  0.00957  0.01698 -0.00046  0.00424
0.010000  0.02016  0.02223  0.00386  0.01688 -0.00861
0.010000 -0.03208 -0.01100 -0.00926 -0.04048 -0.02486
0.010000  0.01424 -0.00566  0.01394  0.00099 -0.00966
0.010000 -0.01051  0.00497 -0.00138 -0.01862  0.00319
0.010000 -0.01104 -0.00148 -0.00506 -0.01018 -0.01687
0.010000 -0.06501 -0.03880 -0.02340 -0.03802  0.00448
0.010000 -0.02090 -0.00432 -0.01421 -0.04175 -0.04052
0.010000 -0.00649 -0.00593  0.00361  0.01612 -0.01016
0.010000 -0.03617 -0.03469 -0.00676 -0.02113 -0.00986
0.010000 -0.03089 -0.02187 -0.01107 -0.02519 -0.00878
0.010000 -0.05285 -0.04228 -0.01811 -0.03642 -0.03584
0.010000 -0.02579 -0.01437 -0.02733 -0.03000 -0.01212
0.010000 -0.08313 -0.04805 -0.03866 -0.05147 -0.03281
0.010000  0.00011 -0.01198  0.00285  0.01280 -0.00311
0.010000  0.00247 -0.01936 -0.00456  0.00131 -0.02604
0.010000  0.00391  0.01080 -0.01886 -0.01896 -0.00858
0.010000 -0.00948 -0.01024  0.01209 -0.00949 -0.03763
0.010000  0.01350  0.00250  0.00818  0.00581 -0.00750
0.010000  0.01676  0.00309  0.01021  0.01117 -0.03244
0.010000 -0.01619 -0.01328 -0.01446 -0.02430 -0.01665
0.010000 -0.03471 -0.03252 -0.02475 -0.02250 -0.00378
0.010000 -0.00223  0.01262  0.01339 -0.00764 -0.01279
0.010000 -0.02165 -0.00357 -0.02143 -0.02953 -0.02064
0.010000 -0.01381 -0.00553  0.02485 -0.00196 -0.00440
0.010000 -0.00363  0.00858 -0.00333 -0.01103  0.00988
0.010000 -0.00411  0.00167 -0.01137 -0.02015 -0.00686
0.010000 -0.02490 -0.03521  0.00194 -0.01047  0.00774
0.010000 -0.02404 -0.02152 -0.05468 -0.03605  0.00921
0.010000 -0.01439 -0.01858 -0.00975 -0.02772 -0.00145
0.010000 -0.02018 -0.00305 -0.00876  0.00732 -0.00663
0.010000 -0.01746 -0.00523 -0.02193  0.00529  0.02400
0.010000  0.00489  0.00787 -0.00241  0.00261  0.00923
0.010000  0.01776  0.00490 -0.00439  0.00587 -0.03228
0.010000  0.01085  0.00930  0.00358 -0.00001 -0.03900
0.010000  0.01212  0.01454  0.00518  0.01275 -0.00194
0.010000 -0.04917 -0.03734 -0.01420 -0.03248 -0.01456
0.010000 -0.00846 -0.01403 -0.02769 -0.02126 -0.00617
0.010000 -0.01558 -0.00175  0.00207 -0.00426  0.00359
0.010000  0.00343  0.00166  0.02255  0.02104  0.00317
0.010000  0.00199 -0.00007  0.00940  0.00507 -0.03089
0.010000 -0.02671 -0.02512 -0.01246 -0.02775 -0.02099
0.010000  0.00693  0.01525  0.02169  0.03126 -0.01024
0.010000 -0.01212 -0.01517 -0.00575 -0.00998 -0.00642
0.010000 -0.00698  0.00377 -0.00763 -0.02373 -0.01722
0.010000 -0.01682 -0.00705  0.00602 -0.00784 -0.02666
0.010000  0.00152  0.00095 -0.01207  0.00625  0.02302
0.010000 -0.00505  0.00702 -0.02083 -0.02730 -0.00712
0.010000 -0.00999 -0.00361  0.00536 -0.00687  0.01786
0.010000 -0.00036  0.00050  0.02573  0.02323  0.01814
0.010000  0.02819  0.02343  0.01307  0.01891 -0.00271
0.010000 -0.00316 -0.02181  0.00108  0.02924 -0.00244
0.010000 -0.02242 -0.02753 -0.01305 -0.02463 -0.02628
0.010000  0.01148  0.01705  0.00744 -0.00309 -0.02595
0.010000 -0.03777 -0.01676 -0.00567 -0.02187 -0.00154
0.010000 -0.05771 -0.04731 -0.03483 -0.04635 -0.01227
0.010000 -0.01324 -0.01845 -0.00455 -0.01319  0.01461
0.010000  0.00590  0.01110 -0.00542 -0.00331 -0.00381
0.010000 -0.01811 -0.00942 -0.01037 -0.02443  0.01064
0.010000  0.00440  0.00350  0.00523  0.00578  0.01321
0.010000 -0.02976 -0.02866 -0.01518 -0.02878 -0.00701
0.010000  0.00966  0.00890  0.01238  0.01905 -0.00712
0.010000 -0.01947 -0.01577 -0.00828 -0.01786 -0.02928
0.010000  0.01586 -0.01273  0.02343  0.10227 -0.01140
0.010000  0.00539 -0.00119 -0.00305  0.01587  0.01163
0.010000 -0.03952 -0.02392 -0.00996 -0.03281 -0.02301
0.010000 -0.00083 -0.01602  0.01184  0.01479 -0.00365
0.010000  0.00853 -0.00633  0.00743 -0.02049 -0.03238
0.010000  0.00641  0.00743 -0.00419  0.00964  0.00311
0.010000 -0.02870 -0.01983 -0.01064 -0.03040 -0.00171
0.010000  0.00799  0.00814  0.00553  0.00997 -0.00478
0.010000 -0.04618 -0.02955 -0.01205 -0.03073 -0.00578
0.010000  0.01279  0.01232 -0.00136  0.01468 -0.00805
0.010000  0.01502  0.01318  0.01642  0.00363 -0.01847
0.010000  0.00745  0.01515  0.01768  0.02372 -0.02612
0.010000 -0.00458 -0.00580  0.01966  0.01955  0.01292
0.010000 -0.00553 -0.00118  0.00349  0.02322  0.02751
0.010000 -0.00747 -0.00006 -0.00510 -0.02423 -0.00310
0.010000 -0.01268 -0.00409 -0.01439 -0.01807  0.00420
0.010000 -0.00270 -0.01665  0.01288  0.03400 -0.01603
0.010000 -0.04365 -0.03252 -0.02028 -0.02000 -0.02876
0.010000 -0.02768 -0.00708 -0.00651 -0.02536 -0.00488
0.010000 -0.00796 -0.00293 -0.00607 -0.02642 -0.04224
0.010000 -0.01878 -0.00767 -0.02536 -0.03142  0.01151
0.010000 -0.00601  0.00502 -0.01061 -0.00941 -0.00585
0.010000 -0.03335 -0.02240 -0.00503 -0.01529 -0.01820
0.010000  0.01025  0.01618  0.01125  0.01210  0.01387
0.010000  0.02387  0.02144  0.01484  0.00981  0.00138
