# Scenario generation method from a paper by Hoyland, Kaut & Wallace
# Code by Michal Kaut (michal.kaut@iot.ntnu.n) & Diego Mathieu

#   prob   var  1   var  2   var  3   var  4   var  5
0.010000 -0.02185 -0.02565 -0.01454  0.00053  0.01239
0.010000  0.03066  0.02704  0.00441 -0.02497  0.05171
0.010000 -0.01117  0.01740  0.00443  0.02265  0.00477
0.010000 -0.01863 -0.00467 -0.00691 -0.00919  0.01270
0.010000  0.01699  0.02786  0.02481  0.01694  0.03415
0.010000  0.00001 -0.00767  0.02209  0.02535  0.03464
0.010000 -0.03259 -0.00492 -0.01282  0.00675 -0.02402
0.010000 -0.01801  0.01072  0.02849  0.03481  0.03183
0.010000  0.01122  0.02784  0.01019  0.01014 -0.00244
0.010000  0.00276  0.01650 -0.00222  0.00130 -0.01749
0.010000  0.00504 -0.01598  0.03567  0.00137  0.03787
0.010000 -0.00795  0.00942 -0.00857 -0.00326 -0.02576
0.010000  0.00865 -0.01180  0.01738 -0.01129 -0.01207
0.010000 -0.02052 -0.01407 -0.01118  0.02586  0.02752
0.010000 -0.01925  0.00338 -0.01060  0.01858  0.00071
0.010000  0.01544  0.02552  0.04223  0.00140 -0.01025
0.010000  0.02324  0.02763 -0.00101  0.00076 -0.01235
0.010000 -0.01741 -0.02157 -0.00232 -0.00908 -0.02918
0.010000  0.02430  0.02245  0.00025  0.01016 -0.00402
0.010000 -0.00531  0.01124 -0.01060  0.00929 -0.01023
0.010000  0.04223  0.01347  0.04991  0.02544  0.00705
0.010000  0.00446  0.02547  0.01012  0.03289  0.00273
0.010000 -0.01394 -0.02066 -0.01357  0.00478 -0.02943
0.010000  0.01257  0.02784  0.03681  0.01838  0.01439
0.010000  0.01189 -0.00564  0.00120 -0.01247  0.04623
0.010000 -0.01009 -0.02099 -0.01241 -0.01561  0.00695
0.010000 -0.01507 -0.00304  0.03816  0.02233  0.03379
0.010000 -0.03215 -0.00296 -0.01376  0.02709 -0.00190
0.010000  0.03625  0.01302  0.01148  0.00120  0.01128
0.010000 -0.00160 -0.02049 -0.01097  0.01752 -0.00922
0.010000  0.00332  0.01024  0.00071  0.02634 -0.01059
0.010000 -0.03070 -0.02674 -0.01515 -0.03179 -0.01482
0.010000  0.01948  0.01597 -0.00326  0.00377 -0.02115
0.010000 -0.01682 -0.01253 -0.00019 -0.00091  0.01594
0.010000  0.00389 -0.01201 -0.01034 -0.01314 -0.02161
0.010000  0.02128  0.02383  0.01535  0.00446  0.01476
0.010000 -0.01338 -0.01450 -0.01329  0.01229 -0.03119
0.010000  0.01397 -0.00443  0.01798 -0.01426 -0.00402
0.010000  0.01620  0.00826 -0.00239  0.01506  0.00578
0.010000 -0.02395 -0.01015 -0.01283 -0.00835 -0.00617
0.010000  0.00621 -0.01366 -0.00893  0.00730 -0.00314
0.010000  0.00165  0.00928 -0.00554  0.01284 -0.00478
0.010000  0.02919  0.02357  0.00269 -0.00226 -0.00559
0.010000  0.03882  0.02995  0.02659 -0.00319  0.02342
0.010000 -0.02791 -0.02540 -0.01490 -0.00245 -0.01471
0.010000 -0.02973  0.00177 -0.01313  0.02955 -0.02190
0.010000 -0.01565  0.01354 -0.01148  0.01902 -0.01441
0.010000 -0.00849 -0.00205 -0.01118  0.00896 -0.01176
0.010000  0.00220 -0.00827 -0.00994  0.01458 -0.01608
0.010000  0.00927 -0.00311  0.01625 -0.02388 -0.01990
0.010000 -0.00372  0.02285 -0.00738  0.01513 -0.02337
0.010000  0.02541  0.02193  0.04005 -0.00607  0.03305
0.010000 -0.02624 -0.01474  0.01573  0.02518  0.01262
0.010000  0.02224  0.02348  0.04929  0.02457  0.02531
0.010000  0.03229  0.02016  0.00449  0.00501  0.02575
0.010000  0.02658  0.02905  0.01106  0.03097 -0.01631
0.010000 -0.02545 -0.00028 -0.01281  0.02155 -0.02466
0.010000  0.01326  0.01176 -0.00296  0.00298  0.02358
0.010000 -0.02880 -0.02631 -0.01470 -0.04443  0.00500
0.010000  0.00803  0.00380 -0.00742  0.00705 -0.00113
0.010000  0.00741  0.02564  0.00555  0.01006 -0.01113
0.010000  0.00681  0.02625 -0.00649  0.00024  0.00942
0.010000 -0.00319 -0.00185 -0.00553  0.01767 -0.00181
0.010000  0.01779  0.02795  0.02792  0.01114 -0.00422
0.010000  0.00110  0.01261 -0.00301  0.01306  0.04660
0.010000 -0.00742 -0.01785  0.01814 -0.01212  0.00796
0.010000  0.00991  0.02580  0.03050 -0.00535  0.05019
0.010000 -0.00106  0.00961 -0.01007 -0.00652  0.02423
0.010000  0.03413  0.01303  0.00519 -0.00304 -0.00126
0.010000 -0.01623  0.00567  0.00723  0.01413  0.03535
0.010000  0.01470  0.00943 -0.00397  0.01292  0.09327
0.010000  0.01862  0.02755  0.01767  0.02507  0.02048
0.010000  0.04844  0.02856  0.05119  0.00641  0.01283
0.010000  0.02036  0.02812  0.00825 -0.02434 -0.03686
0.010000  0.01056 -0.00402  0.01926  0.01377  0.00650
0.010000 -0.03169 -0.01938 -0.01476  0.00796  0.00855
0.010000 -0.01988 -0.00470 -0.01274  0.00786 -0.02995
0.010000 -0.02323 -0.02649 -0.01465  0.00276 -0.01212
0.010000  0.00563  0.02650  0.00498  0.02434 -0.01012
0.010000  0.02784  0.02917  0.00367  0.00512  0.00951
0.010000 -0.02469 -0.00410 -0.01334  0.01426  0.01662
0.010000 -0.00266  0.02026  0.01590  0.02343  0.05026
0.010000 -0.01227 -0.00153 -0.01221 -0.00319  0.04781
0.010000 -0.02118 -0.00132 -0.00974  0.00739 -0.00625
0.010000 -0.02253 -0.02328 -0.01437 -0.00920 -0.03474
0.010000 -0.00689 -0.01191 -0.01233 -0.00393  0.01597
0.010000 -0.00213  0.00636  0.03100  0.02784  0.01419
0.010000 -0.01450 -0.00712 -0.01289 -0.02539 -0.03427
0.010000 -0.01063 -0.00762 -0.01224  0.01539  0.02209
0.010000 -0.00636  0.01631 -0.00035  0.02406 -0.01128
0.010000 -0.00902 -0.01141  0.02818  0.01177  0.03492
0.010000  0.00056  0.00111  0.00218  0.02158 -0.01069
0.010000 -0.00478  0.01736 -0.00934  0.00801 -0.01113
0.010000 -0.01282 -0.01958 -0.01160  0.01830 -0.00963
0.010000 -0.02706 -0.02481  0.02480 -0.00038  0.03002
0.010000 -0.01172  0.01661 -0.00283 -0.00261 -0.00154
0.010000 -0.00053  0.01673 -0.00699  0.02066 -0.02125
0.010000 -0.00583 -0.02257 -0.01037 -0.00996 -0.01776
0.010000 -0.00955  0.00627 -0.01133  0.01026 -0.02744
0.010000 -0.00425  0.02257 -0.00930  0.02098 -0.03183
