# Scenario generation method from a paper by Hoyland, Kaut & Wallace
# Code by Michal Kaut (michal.kaut@iot.ntnu.n) & Diego Mathieu

#   prob   var  1   var  2   var  3   var  4   var  5
0.010000  0.03533  0.01134  0.02794  0.01132 -0.06045
0.010000  0.00599 -0.01290  0.01395 -0.00502  0.01797
0.010000 -0.00888  0.00108 -0.03189 -0.01502 -0.01901
0.010000 -0.00274 -0.01222  0.00568 -0.00908  0.03453
0.010000  0.01272  0.00553  0.00851  0.00224 -0.00131
0.010000 -0.00845 -0.02931 -0.01212 -0.00887 -0.02055
0.010000 -0.01119 -0.01025  0.00109 -0.00651 -0.03068
0.010000 -0.02867 -0.01918 -0.00201 -0.00918 -0.01862
0.010000  0.00035  0.00990 -0.00815  0.00385 -0.00163
0.010000 -0.02147 -0.00592 -0.00557  0.00029  0.01284
0.010000  0.00838  0.01131 -0.00243  0.00824 -0.00806
0.010000 -0.02380 -0.01747 -0.00777 -0.01239 -0.01547
0.010000 -0.05048 -0.03856 -0.01862 -0.01058 -0.00557
0.010000 -0.03875 -0.02052 -0.03894 -0.00309 -0.01853
0.010000  0.01330  0.01182  0.01254  0.01880 -0.04448
0.010000 -0.00204 -0.00674 -0.02433 -0.01127  0.00378
0.010000  0.01868  0.01354  0.00500  0.02052 -0.02172
0.010000  0.01063 -0.01410  0.01130 -0.00831 -0.00019
0.010000  0.01112  0.00718  0.01114  0.00146 -0.03450
0.010000 -0.01273 -0.02205 -0.00815 -0.00028 -0.01208
0.010000 -0.01328 -0.02389 -0.01024 -0.01344 -0.01137
0.010000  0.00171  0.01002 -0.00410  0.01695 -0.01700
0.010000  0.00137  0.00430  0.00312  0.01920  0.01726
0.010000  0.00969  0.00740  0.00198 -0.00496 -0.00062
0.010000 -0.00380 -0.00051  0.00627  0.00543 -0.01297
0.010000  0.00001  0.00299 -0.00088  0.01290 -0.00344
0.010000  0.00451  0.00647  0.00264  0.00030 -0.01406
0.010000 -0.00239  0.00609 -0.00083  0.00078  0.00637
0.010000  0.00924 -0.00294  0.01119  0.01170 -0.02463
0.010000 -0.01867 -0.03123 -0.00442 -0.01201 -0.00972
0.010000 -0.01639 -0.01772  0.00330 -0.00795 -0.01027
0.010000 -0.00761 -0.01394 -0.00834 -0.00818  0.00064
0.010000 -0.00564 -0.00530 -0.00147 -0.00546  0.00158
0.010000  0.00715  0.01210  0.01756  0.02739  0.01208
0.010000 -0.02046 -0.03616 -0.01306 -0.00353 -0.00856
0.010000  0.00796  0.00131  0.00283  0.01134  0.01627
0.010000 -0.03100 -0.02210 -0.00900 -0.01317 -0.02006
0.010000  0.00524  0.00058  0.00844 -0.00557 -0.01691
0.010000  0.02785  0.01133  0.01114  0.01002 -0.00131
0.010000  0.00380  0.00856  0.01433  0.00080  0.01397
0.010000  0.01600  0.01080  0.00297  0.00641 -0.00827
0.010000 -0.00452  0.00734 -0.02073 -0.00016 -0.00641
0.010000 -0.00101  0.00506  0.01416  0.00993 -0.02411
0.010000 -0.00721  0.00482 -0.00622  0.00596  0.01124
0.010000 -0.01953 -0.02345 -0.01986 -0.01385 -0.02570
0.010000  0.00310 -0.02346  0.00799 -0.00787 -0.01793
0.010000  0.01526  0.01290 -0.01682  0.00312  0.00016
0.010000 -0.01385 -0.02232 -0.02945 -0.01864 -0.03164
0.010000  0.00345  0.00901  0.00384 -0.00105 -0.00554
0.010000  0.00676 -0.00886  0.01088  0.01924 -0.02655
0.010000  0.00416  0.00505  0.00273 -0.00283 -0.00432
0.010000 -0.00067  0.00599  0.01658  0.01581  0.02086
0.010000 -0.01445 -0.00473 -0.00216 -0.00761 -0.01975
0.010000 -0.02519 -0.03379 -0.01696 -0.00743 -0.00714
0.010000 -0.01711 -0.02020 -0.01794 -0.01021 -0.01822
0.010000  0.00488  0.00305  0.00305 -0.00674 -0.02025
0.010000 -0.00932 -0.00193 -0.01098 -0.00441 -0.00637
0.010000 -0.00803 -0.01987 -0.00032 -0.00677 -0.01755
0.010000  0.01681  0.01350  0.00159  0.00102  0.00757
0.010000 -0.00416 -0.01021  0.00853  0.00093  0.02881
0.010000 -0.01023 -0.00511 -0.01396 -0.00825 -0.03311
0.010000  0.00069  0.00620  0.00285  0.00410 -0.00393
0.010000 -0.01220 -0.00257 -0.02003  0.00782  0.00998
0.010000 -0.01786 -0.01255 -0.02311 -0.00564 -0.00358
0.010000 -0.00309 -0.00710  0.00404  0.02224  0.00416
0.010000 -0.01070 -0.02272 -0.01621 -0.01827 -0.01976
0.010000  0.01456  0.01268  0.01662  0.00570  0.00520
0.010000 -0.00977 -0.01262  0.00492  0.02628 -0.03957
0.010000 -0.00641  0.00286 -0.00026 -0.00661  0.02157
0.010000  0.00881  0.00890  0.00503  0.02070 -0.03462
0.010000 -0.00603 -0.01074 -0.00140 -0.01167 -0.01508
0.010000  0.02479  0.01041  0.02488  0.02502 -0.00027
0.010000  0.00275 -0.00574 -0.01507 -0.00774  0.00017
0.010000  0.00206 -0.00972  0.00677 -0.00963  0.01277
0.010000  0.01216 -0.00726  0.01380  0.00198 -0.04588
0.010000 -0.00033  0.00934 -0.00073  0.01150 -0.02475
0.010000 -0.00170  0.00931  0.00493  0.00225 -0.00641
0.010000 -0.01571 -0.01571  0.00429  0.00448  0.01075
0.010000 -0.00527  0.00655  0.00922 -0.00150  0.01183
0.010000  0.00755  0.00347  0.00786  0.00355  0.00715
0.010000  0.00240 -0.02653  0.00340 -0.01469 -0.01047
0.010000  0.00103 -0.01093  0.00885 -0.00688 -0.01081
0.010000  0.00561 -0.01452 -0.01141 -0.01429 -0.00653
0.010000 -0.00344 -0.00930  0.01023 -0.00003  0.00218
0.010000 -0.00681 -0.02245  0.00932 -0.00649  0.02212
0.010000  0.00637 -0.00001 -0.00065 -0.00854 -0.03463
0.010000  0.01391  0.01329  0.01015  0.01870  0.00342
0.010000  0.02112 -0.00754  0.01903 -0.00331  0.02330
0.010000  0.01981 -0.00258  0.01943  0.00494 -0.00740
0.010000  0.01163 -0.01251  0.00158 -0.00876  0.00568
0.010000 -0.00135  0.00436  0.00377 -0.00107 -0.01650
0.010000  0.02271  0.01152  0.01813  0.00264 -0.01037
0.010000  0.01769  0.01350  0.01442  0.02799 -0.02130
0.010000 -0.02678 -0.01718 -0.02976 -0.01855 -0.00241
0.010000 -0.03409 -0.01210 -0.01648  0.01155  0.01107
0.010000 -0.02257 -0.01765 -0.01316 -0.00902 -0.01224
0.010000 -0.01169 -0.01901 -0.00818 -0.00684 -0.01308
0.010000  0.01015 -0.01637  0.00810 -0.00026  0.00427
0.010000 -0.01506  0.00053 -0.02879 -0.00956 -0.02741
0.010000 -0.00489 -0.00060 -0.01718 -0.00219 -0.01088
