# Scenario generation method from a paper by Hoyland, Kaut & Wallace
# Code by Michal Kaut (michal.kaut@iot.ntnu.n) & Diego Mathieu

#   prob   var  1   var  2   var  3   var  4   var  5
0.010000 -0.01522  0.00143  0.00264  0.03901 -0.03939
0.010000  0.01608 -0.00559  0.00944  0.01867 -0.00842
0.010000 -0.00727 -0.01403 -0.00800 -0.02497 -0.01436
0.010000 -0.02387 -0.01220  0.00118 -0.02464 -0.01312
0.010000  0.00813  0.00485  0.00104  0.01871 -0.02120
0.010000 -0.00320 -0.00278 -0.00842  0.03615 -0.02030
0.010000  0.00501 -0.01028 -0.00812 -0.03936  0.02365
0.010000  0.00923  0.01289  0.00914  0.01784 -0.00085
0.010000 -0.00358 -0.00932  0.00204 -0.03036 -0.04074
0.010000 -0.01019  0.00543 -0.00423 -0.00079  0.00915
0.010000  0.01808  0.03069  0.00944 -0.00284  0.00728
0.010000  0.01390  0.00014 -0.00282  0.02935 -0.00903
0.010000  0.01342  0.02262  0.00850  0.01204 -0.02530
0.010000  0.00334 -0.00569 -0.00815 -0.00217 -0.00531
0.010000 -0.00916 -0.01156 -0.00812 -0.03622 -0.00603
0.010000  0.00202 -0.00186 -0.00818 -0.04054  0.02721
0.010000 -0.03083 -0.01748 -0.00289 -0.03407 -0.01993
0.010000 -0.00867 -0.00251  0.00647 -0.01741  0.00035
0.010000  0.00886  0.00350 -0.00450  0.00961 -0.03112
0.010000  0.02180  0.02117  0.00931 -0.02146 -0.01409
0.010000 -0.00069 -0.00519 -0.00628  0.01306  0.00158
0.010000 -0.03522 -0.00179 -0.00802 -0.04966 -0.01401
0.010000  0.00401 -0.00214 -0.00322 -0.03525  0.00343
0.010000  0.01886  0.00228 -0.00636 -0.00704 -0.00248
0.010000 -0.01129  0.00692  0.00416  0.00492 -0.01075
0.010000  0.01249  0.01208  0.00908  0.05108 -0.00302
0.010000 -0.01187 -0.00336  0.00707 -0.01700 -0.00092
0.010000  0.00849  0.02773 -0.00284  0.02887  0.00709
0.010000 -0.01378 -0.00904 -0.00775 -0.04739  0.03141
0.010000  0.01162 -0.00407  0.00922 -0.02942  0.02285
0.010000  0.01039  0.00748 -0.00700 -0.00765 -0.00600
0.010000  0.02485  0.01700  0.00202  0.01132  0.00994
0.010000 -0.01685 -0.01299 -0.00437 -0.00327 -0.01701
0.010000 -0.00474  0.01616 -0.00829  0.00518 -0.00322
0.010000  0.01972  0.02918  0.00112  0.01132  0.00232
0.010000  0.01120 -0.00689  0.00370  0.00135 -0.00710
0.010000 -0.01601 -0.01544 -0.00864 -0.01831  0.01453
0.010000 -0.02233  0.02374  0.00606  0.03141  0.00589
0.010000  0.01550 -0.00533 -0.00656 -0.00158 -0.00419
0.010000  0.02732 -0.00013  0.00250  0.03360  0.02105
0.010000 -0.01311 -0.00800 -0.00883 -0.05400 -0.01304
0.010000  0.00168 -0.00076  0.00869  0.00165 -0.01107
0.010000 -0.00246  0.00459  0.00054 -0.01438 -0.02002
0.010000 -0.00139 -0.00991 -0.00813 -0.05257 -0.01525
0.010000 -0.00555 -0.00295 -0.00858 -0.03667  0.00397
0.010000  0.00568  0.02074 -0.00699 -0.01332  0.02416
0.010000 -0.04606  0.00302 -0.01016  0.01235 -0.01504
0.010000 -0.00210 -0.01235  0.00666  0.01961 -0.02257
0.010000  0.01205  0.02318  0.00734  0.00464 -0.00202
0.010000  0.02069  0.00188 -0.00536 -0.01504 -0.02347
0.010000  0.00000  0.01523  0.00883  0.01429 -0.02994
0.010000  0.00434  0.00222 -0.00657  0.01121 -0.01385
0.010000  0.00135  0.02257 -0.00270 -0.03009 -0.02121
0.010000  0.02314  0.00211 -0.00551  0.03859  0.00389
0.010000 -0.01073 -0.01289  0.00118  0.00442 -0.02757
0.010000 -0.00966 -0.00514  0.00051 -0.02787  0.01183
0.010000  0.01670 -0.00392 -0.00711 -0.03242  0.02200
0.010000 -0.00104  0.01181  0.00714  0.00448  0.00447
0.010000  0.00741 -0.00206  0.00462 -0.01602 -0.02636
0.010000 -0.00174  0.02715  0.00886 -0.02796 -0.00528
0.010000  0.00235  0.00476 -0.00803 -0.00476  0.01040
0.010000 -0.01248  0.00238  0.00743  0.03161 -0.02134
0.010000  0.00068 -0.00710 -0.00076  0.01526 -0.02072
0.010000 -0.00819 -0.00703 -0.00826  0.00018 -0.00745
0.010000 -0.01448  0.02351  0.00808  0.00953 -0.01969
0.010000  0.01736  0.00936  0.00885 -0.00050  0.01167
0.010000 -0.00435  0.00283 -0.00848  0.00606  0.00128
0.010000  0.00777  0.00877  0.00916 -0.03844 -0.00409
0.010000  0.00706  0.00158 -0.00733 -0.00831  0.00469
0.010000  0.00467  0.00377  0.00008 -0.00329 -0.01898
0.010000 -0.02568 -0.00145 -0.00949 -0.00309  0.00143
0.010000  0.01079  0.01200  0.00142  0.01862 -0.02196
0.010000  0.00603 -0.00149  0.00818 -0.01371  0.00535
0.010000  0.00961  0.00598  0.00407 -0.00702 -0.00556
0.010000 -0.01775  0.00524  0.00666 -0.00067  0.00590
0.010000 -0.00283  0.00882 -0.00831 -0.02892  0.00425
0.010000  0.00671  0.01486  0.00897  0.00457 -0.00027
0.010000 -0.00772 -0.00070 -0.00757  0.01512 -0.01745
0.010000  0.00268  0.00855  0.00873  0.00109 -0.01900
0.010000  0.00367  0.02280  0.00308 -0.01007  0.00045
0.010000  0.01441  0.00103  0.00816 -0.01784 -0.01411
0.010000  0.03305  0.01141  0.00741 -0.03476  0.00158
0.010000 -0.00514 -0.00601  0.00084  0.02775 -0.02411
0.010000 -0.00034  0.01328  0.00874  0.08458 -0.01197
0.010000  0.00034 -0.00857 -0.00684  0.00558 -0.01562
0.010000  0.01494 -0.00348  0.00935  0.01621 -0.02698
0.010000  0.00301  0.00436  0.00408  0.00609 -0.00796
0.010000 -0.02099 -0.01365  0.00262 -0.01868 -0.03500
0.010000 -0.01980 -0.00325  0.00482  0.00247  0.00880
0.010000 -0.00639 -0.00736 -0.00867 -0.01634 -0.00728
0.010000  0.01295  0.03052  0.00032  0.02375 -0.01271
0.010000 -0.00396 -0.01159  0.00467 -0.01358 -0.01046
0.010000 -0.02791 -0.00877 -0.00710  0.03036  0.01757
0.010000 -0.01873 -0.01651  0.00231 -0.00679  0.00293
0.010000  0.00535 -0.00737 -0.00803 -0.01984  0.03990
0.010000 -0.00682  0.01042  0.00626  0.02956 -0.02153
0.010000 -0.00597  0.01631 -0.00841  0.03393  0.00018
0.010000  0.00637 -0.00750  0.00345 -0.00583 -0.03257
0.010000  0.01000  0.01374 -0.00263  0.05575  0.00750
0.010000  0.00102  0.00810  0.00861  0.03125  0.00207
