# Scenario generation method from a paper by Hoyland, Kaut & Wallace
# Code by Michal Kaut (michal.kaut@iot.ntnu.n) & Diego Mathieu

#   prob   var  1   var  2   var  3   var  4   var  5
0.010000 -0.00582 -0.01758 -0.02642 -0.01481 -0.02335
0.010000 -0.02981 -0.03847  0.01181 -0.00860 -0.02695
0.010000 -0.04705 -0.01780 -0.03184 -0.07755 -0.01903
0.010000 -0.02884 -0.01733 -0.01994 -0.03307 -0.00270
0.010000 -0.01187 -0.02950  0.00834 -0.00975 -0.01092
0.010000  0.00710 -0.02459 -0.00949 -0.01304 -0.00652
0.010000  0.03574  0.01185  0.00448  0.02810 -0.01146
0.010000 -0.03384 -0.04251 -0.00482 -0.02964 -0.01317
0.010000  0.01334  0.00480 -0.00882 -0.00649 -0.01240
0.010000 -0.02325 -0.04070 -0.03490 -0.03673 -0.03462
0.010000 -0.03705 -0.04392 -0.01657 -0.03422 -0.01779
0.010000  0.02435  0.01836 -0.02290  0.00352  0.01470
0.010000 -0.05993 -0.00769 -0.03178 -0.05354 -0.00785
0.010000 -0.00317  0.01721  0.03428  0.00854  0.02360
0.010000 -0.00138 -0.02184  0.00803  0.00143 -0.01709
0.010000 -0.02601 -0.00961 -0.00151 -0.03463 -0.01109
0.010000 -0.00842 -0.03381 -0.01188 -0.02491 -0.01443
0.010000  0.00136 -0.01503 -0.01436 -0.01423 -0.00066
0.010000 -0.01968  0.00295  0.00745 -0.00692 -0.00107
0.010000  0.00514 -0.02152 -0.02642 -0.02779 -0.01602
0.010000 -0.01880 -0.00131 -0.01264 -0.01686 -0.01805
0.010000  0.02298  0.00671 -0.01163  0.00139 -0.00829
0.010000  0.02577 -0.00310  0.03020  0.01470  0.01050
0.010000  0.01444  0.01887  0.01038  0.00111 -0.00450
0.010000 -0.03179 -0.02725 -0.01791 -0.03004 -0.03637
0.010000 -0.05757 -0.04786 -0.02234 -0.05015 -0.01946
0.010000 -0.00228  0.04912  0.00462  0.03554 -0.00041
0.010000  0.08234  0.05088 -0.00592  0.04882  0.01392
0.010000  0.05520  0.03325  0.01121  0.08601 -0.00651
0.010000 -0.00494 -0.00280 -0.00011 -0.01917 -0.00248
0.010000 -0.05354 -0.01605 -0.02276 -0.04869 -0.01854
0.010000 -0.01445  0.00093 -0.01350 -0.00268 -0.01353
0.010000  0.02878  0.02273  0.03554  0.02329  0.00099
0.010000  0.02724  0.02731 -0.00131  0.00771 -0.00661
0.010000  0.04231  0.01648 -0.01319  0.02692 -0.01414
0.010000 -0.04853 -0.02352 -0.03352 -0.06774 -0.03427
0.010000 -0.06264 -0.00545 -0.00921 -0.05050 -0.02456
0.010000  0.00418  0.01165  0.01860  0.01659  0.00654
0.010000 -0.02416 -0.01959  0.00164 -0.03037  0.02223
0.010000  0.04785  0.02747 -0.00132  0.03860 -0.01356
0.010000 -0.05010 -0.02306 -0.02382 -0.04090 -0.02060
0.010000 -0.02694 -0.02404 -0.00310 -0.02988 -0.01789
0.010000 -0.03932 -0.04350 -0.04051 -0.05586 -0.02078
0.010000 -0.06590 -0.04745  0.00960 -0.03797  0.00586
0.010000  0.00911  0.01725 -0.00158  0.01357 -0.01306
0.010000 -0.04172 -0.01732 -0.01972 -0.05653 -0.00615
0.010000 -0.03489 -0.03997 -0.02066 -0.04178 -0.02617
0.010000  0.00044 -0.01064 -0.02815 -0.00603 -0.01577
0.010000 -0.00048 -0.00246 -0.02722 -0.02758  0.00457
0.010000  0.01225  0.03477  0.02425  0.01565 -0.00744
0.010000  0.01913  0.04854  0.01925  0.02009  0.01773
0.010000 -0.05176 -0.03938 -0.01990 -0.04615 -0.01952
0.010000 -0.01015 -0.00708  0.06329  0.00706  0.02648
0.010000  0.01557 -0.01184 -0.02012 -0.01135 -0.00881
0.010000 -0.01273 -0.00228  0.04985 -0.00494  0.00421
0.010000  0.03207  0.01956 -0.00376  0.01445  0.04762
0.010000  0.01673  0.03043 -0.01396 -0.00682  0.02536
0.010000  0.01791  0.03409 -0.00003  0.00985 -0.00113
0.010000  0.00229 -0.01808 -0.01175 -0.01316 -0.01783
0.010000  0.05121  0.04598  0.02929  0.04645  0.00219
0.010000 -0.01793 -0.01537 -0.01943 -0.02972 -0.01630
0.010000 -0.00669 -0.03342 -0.00273 -0.00778 -0.02776
0.010000  0.01014 -0.02103 -0.02455 -0.01995 -0.01205
0.010000  0.06021  0.07968  0.01400  0.05590  0.00484
0.010000 -0.04564 -0.04037  0.00008 -0.04395 -0.01653
0.010000 -0.07789 -0.02425  0.00604 -0.04558 -0.03071
0.010000 -0.01532 -0.03076 -0.01318 -0.02658 -0.02761
0.010000  0.00810 -0.00759  0.00285  0.00137 -0.00003
0.010000 -0.05546 -0.04744 -0.03042 -0.03276 -0.02914
0.010000  0.03776  0.02855  0.01668  0.01174  0.00897
0.010000  0.03994  0.01950 -0.00131  0.01372 -0.00819
0.010000 -0.03281 -0.03802  0.02573 -0.00792 -0.02946
0.010000  0.01119  0.01102  0.00048  0.00890  0.01432
0.010000 -0.04051 -0.03685  0.02294 -0.01649 -0.02539
0.010000  0.00323 -0.00379  0.01968  0.01501 -0.01217
0.010000 -0.01101 -0.01599 -0.00805  0.02119 -0.01389
0.010000 -0.03817 -0.00357 -0.00829 -0.02593 -0.00527
0.010000 -0.02057  0.01700 -0.00052  0.00018 -0.01409
0.010000 -0.02146 -0.03822 -0.00045 -0.01331 -0.02480
0.010000 -0.00929 -0.02308  0.01121  0.00378 -0.01364
0.010000 -0.04298 -0.04498 -0.02873 -0.03024 -0.01473
0.010000 -0.03596 -0.04368 -0.03095 -0.02865 -0.02454
0.010000 -0.00756 -0.03133 -0.01927 -0.02473  0.01255
0.010000 -0.02789 -0.03632 -0.03018 -0.07332 -0.02728
0.010000 -0.03079 -0.04288  0.00920 -0.00310 -0.03155
0.010000 -0.01618 -0.02776  0.03345  0.00192 -0.02044
0.010000  0.03038  0.07087  0.00752  0.02810  0.01077
0.010000  0.04492  0.07887  0.03467  0.06260  0.02260
0.010000 -0.00406 -0.00512 -0.02075 -0.00074 -0.02004
0.010000  0.06724  0.05041  0.01385  0.02832  0.00460
0.010000  0.02166  0.00584 -0.03136 -0.00713  0.00601
0.010000  0.03385  0.03057  0.02210  0.04726 -0.00710
0.010000 -0.02235 -0.03591  0.01747 -0.02428 -0.02781
0.010000 -0.01705 -0.00933 -0.00076 -0.02122 -0.02032
0.010000 -0.02508 -0.04059 -0.03010 -0.03706 -0.01169
0.010000 -0.01359 -0.02330 -0.01183 -0.00930 -0.01504
0.010000  0.02037  0.03534  0.01474  0.01513  0.01793
0.010000 -0.04428 -0.03336 -0.00715 -0.01143 -0.03040
0.010000 -0.07016 -0.00763 -0.01341 -0.05779 -0.03429
0.010000  0.00611  0.01663  0.00375  0.01252  0.00225
