# Scenario generation method from a paper by Hoyland, Kaut & Wallace
# Code by Michal Kaut (michal.kaut@iot.ntnu.n) & Diego Mathieu

#   prob   var  1   var  2   var  3   var  4   var  5
0.010000 -0.04440 -0.02206 -0.00194 -0.01822 -0.01985
0.010000  0.00368  0.00491 -0.00492 -0.01594  0.00411
0.010000 -0.02026 -0.02419 -0.01743 -0.01254 -0.00668
0.010000 -0.06465 -0.03188 -0.00711 -0.05009  0.00062
0.010000 -0.01498 -0.02058 -0.02013 -0.06020  0.01266
0.010000 -0.00875 -0.02474  0.00822  0.00012 -0.02338
0.010000 -0.00415  0.02386 -0.01374 -0.00578  0.00839
0.010000 -0.02203 -0.01811 -0.03185 -0.00627 -0.01993
0.010000  0.00792  0.06910  0.04728  0.01082  0.01176
0.010000  0.06824  0.03263  0.01689  0.06118  0.00409
0.010000 -0.00225  0.01494  0.00822  0.00409  0.00029
0.010000  0.01129  0.00064  0.03105 -0.00004  0.00526
0.010000  0.08369  0.08588  0.02424  0.08164  0.04318
0.010000 -0.03396 -0.00085 -0.00627 -0.03411 -0.01993
0.010000  0.01741  0.01172  0.00831  0.00214 -0.00949
0.010000 -0.04107 -0.03841 -0.00279 -0.04309 -0.02169
0.010000  0.00902  0.01145 -0.02104  0.01249 -0.01277
0.010000 -0.03017 -0.00402 -0.02783 -0.02476 -0.01814
0.010000 -0.00129 -0.02630 -0.03441 -0.00876 -0.02147
0.010000  0.02009  0.03503  0.02366  0.03346  0.00017
0.010000 -0.04000 -0.03367 -0.02550 -0.03503 -0.03094
0.010000  0.01365  0.00665 -0.02322  0.00434  0.01070
0.010000 -0.05345 -0.04893  0.00021 -0.00969 -0.03275
0.010000  0.03949  0.03878  0.02258  0.02787  0.02167
0.010000  0.00166 -0.00016 -0.00695 -0.00305 -0.01385
0.010000  0.02934  0.00994 -0.01153  0.01279 -0.00266
0.010000  0.00577  0.01790 -0.01452 -0.00603 -0.01411
0.010000 -0.05834 -0.04125 -0.03033 -0.03726 -0.03184
0.010000  0.03718  0.06533 -0.01293  0.03283 -0.00401
0.010000 -0.00965 -0.02998 -0.00499 -0.01577 -0.00371
0.010000  0.00266 -0.01822 -0.01733 -0.01399 -0.00768
0.010000 -0.04677 -0.03128  0.02554 -0.02298 -0.01371
0.010000 -0.06739 -0.05248 -0.04984 -0.06727 -0.03752
0.010000 -0.02471 -0.02838  0.04068 -0.01098 -0.01629
0.010000 -0.04801 -0.04101 -0.01382 -0.07196 -0.01136
0.010000  0.01612 -0.01181  0.03598  0.02751 -0.00683
0.010000 -0.04215 -0.00034  0.00755 -0.01109  0.00571
0.010000  0.00683  0.05032 -0.00914  0.01156 -0.00208
0.010000  0.01487 -0.00942  0.01194  0.04981 -0.02937
0.010000  0.00472  0.00630 -0.01059 -0.00199 -0.01450
0.010000 -0.00601 -0.02756 -0.02595 -0.01783  0.00651
0.010000 -0.05200 -0.03931 -0.01411 -0.04708 -0.01507
0.010000 -0.02741 -0.03845  0.00435 -0.01314 -0.01894
0.010000 -0.06231 -0.02192 -0.00292 -0.02422 -0.00649
0.010000 -0.01762 -0.01044 -0.01479 -0.01939 -0.00946
0.010000  0.02444 -0.00578  0.04801  0.04556 -0.00202
0.010000 -0.00784 -0.01961 -0.00661  0.00503 -0.00499
0.010000 -0.03493 -0.01927 -0.01924 -0.02064 -0.01018
0.010000 -0.02381 -0.03819  0.00875 -0.01073 -0.02050
0.010000  0.03504  0.02938  0.00786  0.03716 -0.00818
0.010000 -0.06023 -0.03702  0.01635 -0.02726 -0.01798
0.010000 -0.05061 -0.04126 -0.00624 -0.01467 -0.04000
0.010000 -0.03793 -0.04109 -0.02916 -0.02553 -0.01945
0.010000 -0.02292 -0.01449 -0.00452 -0.01066 -0.01432
0.010000 -0.05498 -0.04624 -0.03536 -0.06278 -0.02994
0.010000  0.04478  0.01359  0.02892  0.02623  0.01721
0.010000 -0.01938 -0.00790  0.01043  0.00205  0.01604
0.010000  0.01245  0.02195 -0.01121 -0.00209  0.00617
0.010000 -0.03111 -0.02761 -0.03046 -0.05433 -0.01772
0.010000  0.03114  0.01334  0.02267  0.01848 -0.00018
0.010000 -0.05660 -0.02383  0.05530  0.00904 -0.01972
0.010000 -0.04929 -0.00118  0.00597 -0.02658  0.00327
0.010000  0.05564  0.01492  0.00213  0.04607  0.00776
0.010000 -0.07057 -0.02583 -0.01772 -0.04875 -0.03023
0.010000 -0.01674 -0.02659 -0.01106 -0.01489 -0.01706
0.010000 -0.03300  0.00436 -0.00560 -0.01850 -0.00229
0.010000 -0.02925 -0.02160 -0.02103 -0.02934 -0.02185
0.010000 -0.01055 -0.01221  0.01853  0.00219 -0.00124
0.010000 -0.00508 -0.02003  0.01255  0.01298 -0.01953
0.010000  0.02149  0.00953 -0.01964 -0.00130 -0.00747
0.010000 -0.03691 -0.04362 -0.01190 -0.07406 -0.02561
0.010000  0.01014 -0.00319 -0.00937  0.00855 -0.00864
0.010000 -0.01144 -0.02550 -0.03992 -0.04955 -0.01115
0.010000 -0.03895 -0.04186 -0.00966 -0.05792 -0.00586
0.010000  0.01873 -0.00304 -0.00734  0.01000 -0.00612
0.010000 -0.01321 -0.01492 -0.01575 -0.01944 -0.01202
0.010000 -0.02115  0.00337  0.02263 -0.02008 -0.00930
0.010000 -0.01410  0.04049  0.00444 -0.01827  0.00964
0.010000 -0.03205 -0.01495 -0.01856 -0.05787 -0.01574
0.010000 -0.00032  0.00022 -0.01934  0.01215 -0.01029
0.010000  0.06091  0.04062  0.00829  0.03014  0.02496
0.010000  0.02764  0.00518 -0.01024  0.00723 -0.00605
0.010000 -0.03592 -0.01319 -0.01018 -0.00374 -0.01241
0.010000 -0.00320 -0.01448  0.02164 -0.00887 -0.00463
0.010000 -0.00693  0.03587  0.00664  0.01545 -0.02309
0.010000 -0.04326 -0.04458 -0.01225 -0.04043 -0.00933
0.010000  0.02294  0.02552  0.01425  0.00137  0.01759
0.010000 -0.02651 -0.03989 -0.02004 -0.01898 -0.02907
0.010000 -0.02833 -0.03444 -0.01471 -0.03210  0.02120
0.010000 -0.01850 -0.01875  0.02424 -0.00352  0.00080
0.010000 -0.02560 -0.02128 -0.01434 -0.02672 -0.01644
0.010000 -0.04557 -0.04728 -0.03623 -0.05222 -0.03333
0.010000  0.03303  0.03076 -0.00179  0.00629  0.00998
0.010000  0.00066 -0.02561 -0.02618 -0.00109 -0.01953
0.010000 -0.01586 -0.03453 -0.01863 -0.01795 -0.02316
0.010000  0.04201  0.04237  0.00308  0.01523  0.02436
0.010000  0.02601  0.03503  0.01944  0.02008  0.00166
0.010000  0.05143  0.02470  0.01517  0.04396 -0.00438
0.010000  0.04788  0.06812  0.02036  0.06092  0.03753
0.010000 -0.01233 -0.02761 -0.01425 -0.01304 -0.00932
