# Scenario generation method from a paper by Hoyland, Kaut & Wallace
# Code by Michal Kaut (michal.kaut@iot.ntnu.n) & Diego Mathieu

#   prob   var  1   var  2   var  3   var  4   var  5
0.010000  0.07008  0.04886  0.02845  0.03158  0.01987
0.010000  0.00835 -0.03458  0.02348 -0.05076  0.02382
0.010000  0.06511  0.00719  0.06643  0.04516  0.04577
0.010000 -0.01138  0.03279 -0.00968 -0.04594 -0.03547
0.010000  0.06673  0.01405  0.05036 -0.00171  0.01179
0.010000 -0.02364  0.02497 -0.01098 -0.06354 -0.02180
0.010000  0.07176  0.06695  0.01522  0.03497  0.01315
0.010000 -0.04835 -0.04407 -0.00981 -0.05863 -0.01394
0.010000  0.02853  0.05181 -0.00437  0.00674 -0.01673
0.010000  0.06351  0.06910  0.04807  0.05747  0.02624
0.010000 -0.03113 -0.03668 -0.00768 -0.02376 -0.01848
0.010000 -0.00627  0.03288 -0.00894 -0.04877 -0.00044
0.010000 -0.03763 -0.04177 -0.00821 -0.02772 -0.00803
0.010000  0.01190  0.04382  0.01367  0.01951 -0.00160
0.010000 -0.00130 -0.00379 -0.00504  0.05215 -0.02174
0.010000 -0.00881  0.01698 -0.00700  0.02877 -0.01497
0.010000  0.04487  0.04756  0.00074  0.04887 -0.00210
0.010000 -0.04653  0.00392 -0.01125  0.00371 -0.00912
0.010000 -0.01941  0.02994 -0.00761 -0.03598  0.00134
0.010000  0.06194  0.06622  0.00482  0.01913 -0.00467
0.010000  0.05027  0.00998  0.01908  0.01420  0.03206
0.010000  0.04620  0.05074  0.01050 -0.01685  0.02776
0.010000  0.03590  0.00152  0.00656  0.03849  0.00498
0.010000  0.01898  0.02571 -0.00377  0.04167 -0.00146
0.010000  0.05306 -0.00377  0.03448  0.03520  0.01707
0.010000 -0.02958 -0.04383 -0.00667  0.02270  0.01150
0.010000 -0.04469 -0.04901 -0.00885 -0.00977 -0.07187
0.010000 -0.02080 -0.03427  0.00176  0.03244 -0.00438
0.010000  0.02016  0.03559  0.05522  0.06081  0.04499
0.010000 -0.03596  0.01330 -0.00903 -0.03830 -0.02068
0.010000  0.04356 -0.01246  0.03769  0.06823  0.02552
0.010000  0.07179  0.03479  0.04423  0.06079  0.00864
0.010000  0.04890  0.04483  0.00491  0.00416  0.00011
0.010000  0.07977  0.06260  0.03239  0.04817  0.01105
0.010000  0.03841  0.03527  0.00058  0.01008  0.00328
0.010000 -0.00754 -0.01781 -0.00493 -0.04201 -0.00328
0.010000  0.00716 -0.02671  0.00275 -0.00410  0.07803
0.010000  0.05593  0.03325  0.01799  0.01212  0.03243
0.010000  0.07525  0.06136  0.07266  0.09528  0.02750
0.010000  0.04226  0.02674  0.02254 -0.03245  0.03223
0.010000 -0.02656  0.00471 -0.01005 -0.03619  0.00088
0.010000  0.05889  0.06095  0.01053  0.03662  0.00340
0.010000  0.04754  0.05653  0.01273  0.03457  0.01219
0.010000 -0.05153 -0.05490 -0.00966 -0.05093  0.00475
0.010000  0.02135 -0.02485  0.00466 -0.05070  0.00261
0.010000  0.00235 -0.02052 -0.00171 -0.02959  0.00204
0.010000 -0.02509 -0.02466 -0.00761 -0.05089 -0.03124
0.010000 -0.00008 -0.03800 -0.00010 -0.04805 -0.00010
0.010000  0.02253  0.05486 -0.00558  0.03667 -0.01005
0.010000  0.02612 -0.01040  0.06658 -0.00304  0.02832
0.010000  0.01072  0.04872 -0.00722  0.00262 -0.00060
0.010000  0.05449  0.06027  0.00214 -0.02922  0.00479
0.010000 -0.01534  0.02747 -0.01002  0.00993 -0.00600
0.010000  0.01426 -0.02800  0.02279 -0.02238  0.06663
0.010000 -0.03934  0.01419 -0.01253 -0.05437  0.00426
0.010000  0.03465  0.03170  0.01480  0.04151  0.04571
0.010000  0.01780 -0.01746  0.00110 -0.02692  0.00418
0.010000  0.01308  0.01929 -0.00436 -0.03307  0.00040
0.010000  0.03219  0.05830 -0.00414 -0.02957 -0.00705
0.010000 -0.01668 -0.04423  0.05380  0.03667  0.02016
0.010000 -0.01804  0.01222 -0.00919 -0.00858  0.01689
0.010000  0.03715  0.01753  0.02290  0.04459  0.02699
0.010000 -0.05008 -0.03564 -0.00958  0.01737 -0.00333
0.010000 -0.01401 -0.02123 -0.00406 -0.01886  0.01763
0.010000  0.04096 -0.00758  0.01560  0.05803  0.01047
0.010000 -0.00502 -0.01282 -0.00469  0.03219  0.00623
0.010000  0.01662 -0.03017  0.00512  0.00287 -0.01096
0.010000  0.00114  0.03234 -0.00761 -0.04960 -0.01958
0.010000  0.07695  0.06260  0.04167 -0.01007  0.02559
0.010000  0.05166  0.04476  0.02029 -0.01904 -0.00134
0.010000  0.00476  0.04600 -0.00805  0.01216 -0.02017
0.010000 -0.01009 -0.04419 -0.00284 -0.06188 -0.00813
0.010000  0.03096 -0.01371  0.01946 -0.00190  0.03572
0.010000  0.06839  0.05117  0.07251  0.08518  0.05119
0.010000 -0.05198 -0.03755 -0.01043 -0.06670 -0.00248
0.010000  0.07853  0.05430  0.04264  0.00026  0.01778
0.010000  0.02732 -0.00022  0.00532  0.06168  0.00004
0.010000 -0.00377  0.01964 -0.00730 -0.02394 -0.02342
0.010000  0.00954  0.03889  0.01734  0.06283  0.03998
0.010000 -0.03431 -0.02779 -0.00897 -0.03538 -0.00896
0.010000  0.00596  0.01723 -0.00536 -0.01247 -0.01529
0.010000  0.02492  0.05667 -0.00546  0.02845  0.00361
0.010000 -0.02806 -0.05157  0.01304 -0.00936  0.01574
0.010000 -0.04109 -0.02652 -0.00959 -0.00807  0.00137
0.010000 -0.02221 -0.03052 -0.00544 -0.06098  0.01605
0.010000  0.05740  0.05514  0.06874  0.03844  0.06272
0.010000 -0.03271 -0.01890 -0.00922 -0.04707 -0.00954
0.010000  0.07988  0.07039  0.07313  0.02456  0.05196
0.010000  0.01544  0.05219 -0.00313  0.01305  0.05460
0.010000 -0.04476 -0.04157 -0.00938 -0.02453 -0.02409
0.010000  0.03342 -0.00739  0.02142  0.07461  0.01869
0.010000 -0.04288  0.00204 -0.01020 -0.00628 -0.03372
0.010000  0.07352  0.06758  0.03512  0.03226  0.01570
0.010000  0.02373  0.00847  0.06406  0.03203  0.02272
0.010000  0.03968  0.05403  0.04135  0.06501  0.03598
0.010000  0.02974 -0.01235  0.00661 -0.02780  0.00619
0.010000  0.06040  0.05729  0.03352  0.05811  0.02079
0.010000 -0.00253 -0.00775 -0.00465 -0.05742 -0.04513
0.010000  0.00356 -0.02076 -0.00175  0.02058 -0.01363
0.010000 -0.01269 -0.00765 -0.00636 -0.04374 -0.02168
