# Scenario generation method from a paper by Hoyland, Kaut & Wallace
# Code by Michal Kaut (michal.kaut@iot.ntnu.n) & Diego Mathieu

#   prob   var  1   var  2   var  3   var  4   var  5
0.010000  0.01003  0.00151 -0.00618  0.06876  0.06018
0.010000 -0.02335 -0.02266 -0.02299 -0.01312  0.03175
0.010000  0.01128  0.01934  0.01057 -0.00077  0.05046
0.010000 -0.03421 -0.03166 -0.02439 -0.01514 -0.05612
0.010000 -0.05042 -0.04249 -0.02603 -0.01498 -0.05922
0.010000  0.00300 -0.01653 -0.00846  0.00542  0.05277
0.010000 -0.01971  0.00890 -0.00339  0.07449  0.04958
0.010000  0.01654 -0.03400 -0.01067  0.03502  0.01925
0.010000  0.02085 -0.01469 -0.00510  0.05228 -0.05193
0.010000 -0.00745 -0.01179  0.01240  0.02857 -0.03982
0.010000  0.05978  0.02091  0.03984 -0.00147  0.02803
0.010000 -0.01416 -0.02169 -0.01805 -0.01432 -0.05708
0.010000  0.02237  0.00500  0.01959 -0.00415 -0.00482
0.010000 -0.03789 -0.04918 -0.02619  0.01329 -0.06271
0.010000 -0.03330 -0.03463 -0.02530  0.02719 -0.06130
0.010000  0.04122  0.01594  0.02188 -0.00595  0.00539
0.010000  0.06431  0.03840  0.06522  0.02358  0.07746
0.010000 -0.04549 -0.03022 -0.02666 -0.01364 -0.00732
0.010000  0.00080 -0.00484 -0.01112  0.00569 -0.03379
0.010000 -0.02967 -0.02496 -0.02425 -0.01410 -0.03458
0.010000  0.03671  0.00460  0.02140  0.07423 -0.03481
0.010000 -0.00646 -0.00535 -0.01405  0.01448  0.03372
0.010000 -0.03882 -0.02052 -0.00150  0.04448  0.05505
0.010000  0.00412 -0.01091  0.00506  0.07046 -0.04951
0.010000  0.00880  0.00717 -0.00457 -0.00599  0.00159
0.010000 -0.00134 -0.00260  0.00444 -0.00650 -0.02894
0.010000 -0.00546  0.01246 -0.00680  0.01295  0.06360
0.010000  0.04635  0.02602  0.04208  0.07680  0.07715
0.010000 -0.02877 -0.02654 -0.01640 -0.01405 -0.05703
0.010000 -0.01322 -0.02965 -0.01837 -0.01463 -0.04183
0.010000 -0.00342  0.02512  0.01135  0.05352  0.04658
0.010000 -0.04845 -0.04159 -0.02739 -0.01639  0.00981
0.010000 -0.02425  0.02299 -0.00966  0.07455  0.01278
0.010000 -0.04355 -0.03797 -0.02714  0.02553 -0.04859
0.010000  0.04923  0.03274  0.06538  0.06928  0.06744
0.010000 -0.04944 -0.04383 -0.02735  0.04369 -0.02167
0.010000 -0.02696 -0.01222 -0.02134 -0.01406  0.01531
0.010000 -0.05441 -0.04432 -0.02752  0.04226 -0.02412
0.010000 -0.02516 -0.00452 -0.01829  0.05361 -0.03470
0.010000 -0.04818  0.00106 -0.02169 -0.00396  0.02823
0.010000  0.08626  0.04554  0.08755  0.05144  0.07857
0.010000 -0.01510 -0.02955 -0.00799  0.05942  0.03456
0.010000  0.01794  0.03597  0.01324  0.00313  0.07298
0.010000 -0.02062 -0.02659 -0.02341  0.02092 -0.05855
0.010000 -0.03512 -0.02500 -0.01884 -0.01494 -0.05225
0.010000  0.01938  0.00803  0.02037  0.04494 -0.02353
0.010000  0.05237  0.10151  0.08009  0.06028  0.02060
0.010000  0.03464 -0.01021  0.02537  0.00090 -0.01798
0.010000 -0.04260 -0.02651 -0.02569  0.05919 -0.03231
0.010000 -0.04164 -0.01930 -0.02131  0.05093  0.00653
0.010000  0.02394 -0.00940 -0.00291  0.02451  0.05737
0.010000 -0.02786 -0.00954  0.00029  0.02661  0.00636
0.010000 -0.01603  0.00913  0.01814  0.05577  0.01232
0.010000 -0.03148 -0.00629 -0.01685 -0.01368 -0.01119
0.010000 -0.00844 -0.00028 -0.01034  0.00060  0.04089
0.010000 -0.05402 -0.04806  0.00513  0.04487 -0.03109
0.010000 -0.00239 -0.02634 -0.01573 -0.01345 -0.05847
0.010000  0.05585  0.01515  0.01822  0.07291  0.04670
0.010000  0.03266  0.00454  0.00304  0.02135  0.02744
0.010000  0.04370  0.01106  0.04907  0.02668  0.07922
0.010000  0.10731  0.05010  0.06467  0.07816  0.07303
0.010000 -0.01228 -0.00851 -0.00358  0.05723 -0.04983
0.010000 -0.05234 -0.06136 -0.02809 -0.01479 -0.00908
0.010000  0.00189 -0.00670 -0.00594 -0.00560  0.06084
0.010000 -0.02606 -0.01329 -0.01976 -0.01384 -0.05347
0.010000 -0.05321 -0.01833 -0.02625  0.01300 -0.05591
0.010000 -0.01880 -0.01365 -0.01538  0.06576  0.04711
0.010000 -0.03239 -0.03443 -0.01846 -0.01451 -0.05680
0.010000 -0.04647 -0.06363 -0.02576  0.04282 -0.05000
0.010000  0.00526 -0.01384  0.00621  0.04905 -0.03227
0.010000 -0.01695 -0.01599  0.00365  0.07307 -0.01264
0.010000 -0.01037  0.01091 -0.00578  0.04867  0.06230
0.010000 -0.03975 -0.02055 -0.02424 -0.00194 -0.05498
0.010000 -0.03057 -0.02520  0.00349  0.02106  0.05369
0.010000 -0.00028  0.00826  0.00416  0.00036  0.06855
0.010000  0.03078  0.00648  0.00586  0.04413 -0.02582
0.010000 -0.04452 -0.03733 -0.02267 -0.01436  0.02987
0.010000  0.07657  0.03818  0.04160 -0.00338  0.05375
0.010000 -0.04070 -0.02452 -0.02576 -0.01276 -0.03182
0.010000 -0.03604 -0.02789 -0.02348 -0.00976 -0.05717
0.010000 -0.00941 -0.02879 -0.00422  0.00659  0.04942
0.010000 -0.05396 -0.04036 -0.02745  0.00364 -0.05628
0.010000 -0.02153 -0.03052  0.01619  0.07007 -0.03376
0.010000 -0.01133 -0.01506 -0.00700 -0.01261 -0.04585
0.010000  0.00642 -0.01273 -0.01129 -0.01065 -0.05257
0.010000 -0.05139 -0.02142 -0.02231 -0.01520 -0.05439
0.010000  0.02723  0.01935  0.01908  0.07354 -0.00126
0.010000 -0.03696 -0.04233 -0.02673  0.04924 -0.04130
0.010000  0.01385  0.01567  0.00630 -0.00809  0.04659
0.010000  0.02555  0.00290  0.01130 -0.00891  0.06889
0.010000  0.03890  0.01799  0.02114  0.07638  0.06947
0.010000  0.02897 -0.00334  0.00362  0.00500 -0.03314
0.010000 -0.04746 -0.02818 -0.02684  0.00728 -0.05877
0.010000  0.00760  0.01034  0.00669 -0.00509 -0.01709
0.010000 -0.01788 -0.01523  0.01682  0.00701  0.06814
0.010000  0.01255 -0.01471 -0.01204  0.00027  0.03845
0.010000  0.06972  0.03490  0.05806  0.01123  0.08085
0.010000 -0.00445 -0.00288  0.00694  0.01173 -0.03676
0.010000  0.01518  0.00437 -0.00177 -0.01107  0.06443
0.010000 -0.02244 -0.00465 -0.01611 -0.01248 -0.01125
