# Scenario generation method from a paper by Hoyland, Kaut & Wallace
# Code by Michal Kaut (michal.kaut@iot.ntnu.n) & Diego Mathieu

#   prob   var  1   var  2   var  3   var  4   var  5
0.010000  0.07622  0.07319  0.01943  0.00929  0.04673
0.010000  0.00575  0.04029  0.00066 -0.02232 -0.00069
0.010000 -0.01009  0.05128  0.01000  0.04561  0.01977
0.010000  0.02453  0.01803 -0.00757  0.00228 -0.00918
0.010000  0.00938 -0.00250  0.00169  0.01873  0.01153
0.010000 -0.03966 -0.00938 -0.00231 -0.02444 -0.02186
0.010000  0.00633  0.00234  0.00182 -0.00196 -0.00889
0.010000  0.02578  0.00256  0.01239  0.04946  0.01415
0.010000 -0.02092 -0.00749 -0.01197  0.03234 -0.00823
0.010000 -0.01594 -0.03191 -0.00372 -0.02956 -0.00805
0.010000 -0.01865 -0.01802  0.00291  0.05140 -0.00890
0.010000 -0.01348 -0.00139 -0.00179 -0.04134  0.02289
0.010000  0.01659  0.02027 -0.00827 -0.00219 -0.01820
0.010000  0.01003 -0.01852  0.00941  0.04019  0.00906
0.010000  0.00295  0.01918 -0.00265 -0.00790 -0.00679
0.010000  0.01347  0.03413 -0.00328 -0.02991 -0.00436
0.010000  0.00135  0.00889 -0.00282 -0.00237 -0.02485
0.010000  0.00461 -0.00116  0.00806  0.00113 -0.01122
0.010000 -0.00587 -0.01229  0.00136 -0.04418 -0.01573
0.010000  0.03596  0.06375  0.00593  0.02258  0.01054
0.010000 -0.00177 -0.01073 -0.00604  0.01751 -0.00913
0.010000  0.01498  0.04227  0.00754  0.03855  0.01210
0.010000 -0.00228  0.01608 -0.00672 -0.01261 -0.00860
0.010000 -0.02175 -0.01462 -0.02007 -0.04669 -0.03591
0.010000 -0.00126 -0.00325 -0.00605  0.02293 -0.04604
0.010000  0.02019  0.02159  0.00086 -0.05224  0.03032
0.010000 -0.04422 -0.02873 -0.00608 -0.05560 -0.01854
0.010000 -0.05544 -0.01671 -0.00345 -0.04847 -0.03330
0.010000 -0.00690  0.00677  0.00735 -0.04048 -0.04340
0.010000 -0.00535 -0.00679  0.01146 -0.00312 -0.00257
0.010000 -0.00638 -0.03172 -0.00131 -0.05389  0.02522
0.010000 -0.01938 -0.00876 -0.01198 -0.05167  0.00237
0.010000 -0.00330 -0.01027 -0.00364  0.03067 -0.00822
0.010000  0.00875 -0.01298 -0.00355  0.00090  0.01201
0.010000 -0.01794 -0.00683  0.00118  0.01248  0.00269
0.010000  0.04513  0.03040  0.00682  0.00856  0.00844
0.010000  0.02335  0.02978  0.00373  0.00985  0.00893
0.010000  0.02224  0.00285  0.00025 -0.01210  0.00410
0.010000 -0.00955  0.01126  0.01027  0.04467 -0.00338
0.010000 -0.03657 -0.04164 -0.00330 -0.04796 -0.01110
0.010000  0.00405  0.01107 -0.00532  0.03304 -0.03906
0.010000  0.01744  0.06420  0.00393  0.01964 -0.03579
0.010000 -0.03225 -0.04405 -0.00943 -0.01897 -0.02512
0.010000  0.00692  0.00427 -0.00244 -0.00391 -0.00885
0.010000 -0.00279 -0.01669  0.00671  0.03928 -0.00027
0.010000 -0.00484  0.00043 -0.00917 -0.04177  0.00925
0.010000 -0.00074  0.00889  0.00792 -0.01394  0.02511
0.010000  0.01923  0.01554  0.01029  0.05849  0.00350
0.010000  0.00241  0.00431  0.00665 -0.00575 -0.02808
0.010000  0.03187  0.01602  0.00306  0.00571  0.02185
0.010000 -0.02661 -0.01183 -0.00340  0.01204 -0.05351
0.010000  0.03847  0.00702  0.01150  0.01713  0.02563
0.010000 -0.02551 -0.00949 -0.00980 -0.02123  0.00836
0.010000  0.00188 -0.01151  0.00496  0.02858 -0.01161
0.010000 -0.00433 -0.02496 -0.01022 -0.00782 -0.00036
0.010000  0.05002  0.04260 -0.00790 -0.05352  0.01603
0.010000 -0.02781 -0.03752  0.00607 -0.07338  0.02082
0.010000 -0.01119  0.00140  0.01746  0.06500  0.01545
0.010000  0.05742  0.07285 -0.00645 -0.01898 -0.02658
0.010000 -0.02261 -0.04311 -0.00264 -0.00204  0.00587
0.010000 -0.00022 -0.00823 -0.01192 -0.00282 -0.01265
0.010000 -0.00382 -0.02108 -0.00397  0.00801  0.00804
0.010000  0.02857  0.03180  0.00506 -0.00934 -0.02528
0.010000 -0.03059 -0.00843 -0.00033 -0.04485  0.01149
0.010000 -0.01408 -0.03227 -0.00245  0.02730  0.01178
0.010000 -0.02352 -0.04065  0.00683  0.02218  0.00082
0.010000  0.03379  0.02957  0.00504  0.02606 -0.00239
0.010000 -0.01725  0.00206  0.01154 -0.01712 -0.01986
0.010000  0.00813  0.01941 -0.01540 -0.02013 -0.02836
0.010000 -0.00795 -0.01835 -0.00422 -0.08023 -0.00849
0.010000 -0.01530 -0.01384 -0.00331  0.00616  0.00459
0.010000  0.00082  0.01845 -0.00084 -0.01944  0.00012
0.010000  0.01068  0.00930 -0.00094 -0.03889 -0.00346
0.010000  0.01204  0.00419  0.00814  0.06568 -0.01374
0.010000  0.01832 -0.02304  0.00124 -0.00492  0.03099
0.010000 -0.00848 -0.00762  0.00913  0.02762  0.01103
0.010000 -0.02448  0.00397 -0.00297 -0.01790 -0.03850
0.010000 -0.01232  0.01467 -0.00347 -0.01825 -0.01202
0.010000  0.02119  0.01563  0.00137  0.00241 -0.02071
0.010000 -0.03420 -0.02445  0.00645 -0.02886 -0.03323
0.010000 -0.02912 -0.05512  0.01348  0.02055 -0.02177
0.010000 -0.02014 -0.02040  0.00905  0.00869  0.00728
0.010000 -0.00742 -0.00748 -0.00623 -0.04021  0.01682
0.010000  0.00752  0.00978  0.00381  0.03591  0.01271
0.010000 -0.01175  0.02382  0.00808 -0.00036 -0.01379
0.010000 -0.01468 -0.05025  0.00725  0.00712 -0.00782
0.010000 -0.01063 -0.00473 -0.00311 -0.02975 -0.03835
0.010000  0.04145  0.02845 -0.00480 -0.00785  0.01110
0.010000 -0.01659 -0.02870 -0.00040 -0.02085 -0.00842
0.010000 -0.00901  0.02249 -0.01181 -0.01900 -0.00683
0.010000  0.01578  0.02448  0.00170  0.01831 -0.02735
0.010000  0.00350  0.02850  0.00763  0.02368 -0.00281
0.010000  0.01422  0.01881  0.00500  0.00197  0.00481
0.010000  0.02712  0.03176  0.00404  0.01732  0.01024
0.010000  0.00518  0.02916  0.00519 -0.00480  0.02167
0.010000 -0.01289 -0.01549  0.00210 -0.04043  0.01731
0.010000  0.00030  0.04928 -0.00182 -0.01185 -0.04682
0.010000  0.01275  0.03007  0.00218 -0.01208 -0.00326
0.010000  0.01136  0.01451 -0.00634 -0.06303  0.00192
0.010000  0.03014  0.00288 -0.01506 -0.02439 -0.02620
