# Scenario generation method from a paper by Hoyland, Kaut & Wallace
# Code by Michal Kaut (michal.kaut@iot.ntnu.n) & Diego Mathieu

#   prob   var  1   var  2   var  3   var  4   var  5
0.010000 -0.00183  0.00628  0.01028 -0.00497 -0.05359
0.010000 -0.00231 -0.00768 -0.00365 -0.00153  0.01281
0.010000 -0.01595 -0.00223 -0.01377 -0.02265 -0.00704
0.010000  0.01380 -0.00026 -0.00127 -0.01182 -0.02039
0.010000 -0.03600 -0.02733 -0.00489 -0.01709  0.00185
0.010000 -0.01482  0.00504  0.00061 -0.02354 -0.01810
0.010000 -0.00518 -0.02442 -0.01054  0.01493 -0.03044
0.010000  0.01183  0.00362 -0.00983  0.00453  0.00266
0.010000 -0.01058  0.00691 -0.00392  0.00589  0.02211
0.010000  0.02139  0.01627  0.00604  0.00090 -0.00999
0.010000 -0.01372 -0.00019 -0.00638 -0.01863  0.00520
0.010000  0.00886  0.00389  0.02252  0.03026 -0.00127
0.010000 -0.01538 -0.02484 -0.01115 -0.01529 -0.02854
0.010000  0.00560  0.00706  0.00700 -0.00054 -0.01965
0.010000  0.02545  0.00755  0.03319  0.09034 -0.00430
0.010000 -0.02526 -0.01631 -0.02128  0.00598  0.01033
0.010000 -0.00614  0.01146  0.00023 -0.00438  0.01248
0.010000 -0.00957 -0.02482 -0.01257 -0.01133 -0.01033
0.010000  0.01596  0.00759  0.01769  0.00917  0.01691
0.010000 -0.02021  0.00065 -0.02543 -0.02940 -0.00885
0.010000 -0.00374 -0.00068  0.00360 -0.00363  0.00608
0.010000  0.00107 -0.02301 -0.01800  0.07377  0.02703
0.010000 -0.02296 -0.02347 -0.00558 -0.01545  0.00906
0.010000 -0.01956 -0.01437  0.00108 -0.01245  0.01092
0.010000 -0.02977 -0.00771 -0.02620 -0.01667 -0.00906
0.010000 -0.01213  0.00737  0.01740  0.01289  0.00286
0.010000 -0.01771 -0.01783 -0.00737 -0.01023 -0.01703
0.010000  0.00666 -0.00445 -0.01051 -0.00324 -0.01132
0.010000 -0.00087 -0.00726  0.00159 -0.00150 -0.01592
0.010000 -0.03963 -0.02787 -0.00361  0.01541  0.01670
0.010000  0.01449  0.00797 -0.00146 -0.01056 -0.00304
0.010000 -0.02447 -0.01194 -0.01536 -0.02653 -0.00903
0.010000 -0.01831 -0.00211 -0.00707 -0.01555 -0.00263
0.010000 -0.00470 -0.00818 -0.00635 -0.01672 -0.01954
0.010000 -0.00759 -0.01627 -0.01765 -0.01351 -0.02970
0.010000  0.02390  0.01788  0.01116  0.00595  0.00930
0.010000  0.00720  0.00936  0.01699  0.00826 -0.03238
0.010000 -0.01427 -0.01304  0.00115 -0.01788 -0.01780
0.010000 -0.01109  0.00522  0.00672 -0.00520  0.00207
0.010000  0.01001 -0.00446 -0.01706 -0.00405  0.00395
0.010000 -0.01318 -0.01779 -0.00920 -0.01691 -0.00960
0.010000 -0.01711 -0.00383 -0.00205  0.00179 -0.02361
0.010000  0.00612 -0.00369  0.00664  0.01735 -0.02198
0.010000  0.00058 -0.00759 -0.00086 -0.00464 -0.00444
0.010000  0.01674  0.01790  0.01612  0.01916 -0.00738
0.010000 -0.01652 -0.02974  0.00655  0.01453 -0.01731
0.010000  0.01756 -0.00889 -0.00774 -0.01044 -0.02166
0.010000  0.00009  0.00498 -0.01353 -0.00675 -0.01240
0.010000 -0.00857 -0.00005 -0.01508 -0.01117 -0.01222
0.010000 -0.00566  0.00270  0.01785  0.01585 -0.01013
0.010000  0.00456 -0.01188 -0.00043 -0.00823  0.00130
0.010000 -0.05147 -0.02165 -0.02153 -0.03356 -0.01929
0.010000 -0.03318 -0.03387 -0.00592 -0.02236 -0.01368
0.010000 -0.01007 -0.01336  0.00477  0.00320 -0.01376
0.010000 -0.02087 -0.01234  0.00212 -0.00024 -0.02527
0.010000 -0.04202 -0.01763 -0.00939 -0.02418 -0.01860
0.010000 -0.01161 -0.00422 -0.00260 -0.00834  0.00531
0.010000 -0.03767 -0.03366 -0.00499 -0.02307 -0.00772
0.010000  0.02032  0.01080  0.00208  0.00247 -0.01195
0.010000 -0.01265 -0.00933 -0.00394 -0.01415 -0.00090
0.010000  0.02721  0.01976  0.01461  0.01447 -0.02317
0.010000 -0.02878 -0.01922 -0.01216 -0.02244 -0.00041
0.010000 -0.02608 -0.00724 -0.00500 -0.01671 -0.00917
0.010000 -0.02225 -0.00631 -0.00175  0.00967  0.00734
0.010000  0.00255  0.00555  0.00565 -0.00093 -0.01216
0.010000 -0.00327 -0.01255 -0.03083 -0.02602 -0.00218
0.010000  0.00774  0.01191  0.02072  0.00841 -0.01651
0.010000 -0.00039 -0.01206  0.03044  0.03589  0.00326
0.010000  0.00304  0.00724 -0.00516 -0.00764  0.00482
0.010000 -0.02155 -0.01795 -0.02269 -0.01699  0.00770
0.010000 -0.02694 -0.02157 -0.01904 -0.02442 -0.00078
0.010000 -0.00808 -0.02191 -0.00434 -0.00670 -0.02304
0.010000  0.02257  0.00065  0.00822  0.02220  0.00119
0.010000 -0.00279  0.00033  0.00591  0.00601  0.00681
0.010000  0.00943 -0.00010 -0.00203 -0.00764 -0.01827
0.010000  0.01521  0.01776  0.02021  0.01063 -0.02026
0.010000 -0.03083 -0.02155 -0.00995 -0.01603 -0.01213
0.010000  0.01121  0.00914  0.01193  0.00233 -0.00180
0.010000 -0.03196 -0.03655 -0.00352 -0.01440  0.01445
0.010000  0.00355  0.00811 -0.00199  0.00268  0.00953
0.010000  0.00205  0.00243  0.01011  0.01575  0.00028
0.010000 -0.01893 -0.02670 -0.00841 -0.01935 -0.04360
0.010000 -0.02370 -0.01838 -0.04795 -0.03656 -0.01852
0.010000  0.01842  0.01902 -0.00834 -0.01020 -0.00188
0.010000 -0.00422 -0.01798 -0.01129 -0.02020  0.00997
0.010000 -0.04524 -0.03222 -0.04663 -0.03721 -0.01321
0.010000 -0.00907 -0.01191 -0.01567 -0.00316 -0.00015
0.010000 -0.00662  0.00232 -0.00807 -0.01414  0.00437
0.010000  0.01061  0.01654  0.00656 -0.00742 -0.00912
0.010000  0.01934 -0.00246  0.02487  0.03311 -0.00759
0.010000 -0.03452 -0.02862 -0.03356 -0.03266 -0.01530
0.010000 -0.02783 -0.01250  0.00801 -0.01530  0.00285
0.010000  0.00156 -0.01305 -0.01957  0.03029  0.02544
0.010000  0.00508  0.01169  0.00523 -0.00498 -0.01159
0.010000  0.00830  0.00434  0.00060  0.00450 -0.02210
0.010000 -0.00135 -0.00094 -0.01802 -0.01556  0.00868
0.010000  0.01247  0.01478 -0.00283 -0.00754 -0.03373
0.010000 -0.00710 -0.00843  0.00618  0.04718 -0.00261
0.010000  0.01312  0.00294  0.01287  0.03808 -0.00520
0.010000  0.00405 -0.00606  0.00511 -0.00052 -0.02698
