# Scenario generation method from a paper by Hoyland, Kaut & Wallace
# Code by Michal Kaut (michal.kaut@iot.ntnu.n) & Diego Mathieu

#   prob   var  1   var  2   var  3   var  4   var  5
0.010000 -0.04574 -0.02436 -0.01046  0.00977 -0.06342
0.010000 -0.03444 -0.00810 -0.01723 -0.01382  0.01295
0.010000 -0.02570  0.00084 -0.01061 -0.01306  0.05928
0.010000 -0.00325 -0.00639 -0.01072 -0.01259  0.03517
0.010000 -0.04523 -0.02927 -0.02298 -0.01048 -0.04506
0.010000 -0.01736 -0.00732 -0.01282 -0.00164  0.00562
0.010000  0.01759 -0.01383 -0.00646 -0.01380 -0.04838
0.010000 -0.03019 -0.01767 -0.01054 -0.00743 -0.05572
0.010000 -0.02797 -0.01954 -0.01958 -0.01330 -0.03558
0.010000  0.03612 -0.02143  0.00547  0.07584 -0.03346
0.010000 -0.04256 -0.03572 -0.01378  0.00256  0.00942
0.010000 -0.00590 -0.02293 -0.01108  0.06509 -0.03233
0.010000 -0.04015 -0.01599 -0.01585  0.06568 -0.00267
0.010000 -0.01363 -0.01009 -0.01143  0.01596 -0.02546
0.010000  0.02470  0.00439  0.00603 -0.01123 -0.00692
0.010000 -0.00852 -0.00353 -0.01015  0.03290  0.01176
0.010000 -0.04402 -0.00955 -0.01664  0.00178 -0.01233
0.010000  0.00079 -0.00103 -0.00899  0.05758 -0.02980
0.010000  0.00353  0.00294 -0.00783 -0.01607  0.04730
0.010000  0.03397  0.00338  0.02335  0.06058  0.05468
0.010000  0.02886  0.00255  0.00984  0.00969  0.02743
0.010000 -0.03441 -0.01603 -0.01279 -0.00425 -0.05863
0.010000 -0.00981  0.00215 -0.01002 -0.00518 -0.04866
0.010000  0.01474  0.02263  0.00627 -0.01329  0.02545
0.010000 -0.03545 -0.02545 -0.00525  0.00627  0.02494
0.010000 -0.03927 -0.05422 -0.02348  0.02183 -0.05426
0.010000 -0.04652 -0.02446 -0.03002 -0.01408 -0.05034
0.010000  0.03770  0.02012  0.01683  0.05500  0.03711
0.010000 -0.02684 -0.00771 -0.00846 -0.00765  0.01308
0.010000 -0.01979 -0.01011 -0.01070 -0.01068 -0.02766
0.010000 -0.04646 -0.03063 -0.03160 -0.01119 -0.02916
0.010000 -0.04617 -0.01001 -0.01921  0.03635 -0.05665
0.010000 -0.03793 -0.00262 -0.00572 -0.00374 -0.03747
0.010000 -0.03340 -0.03453 -0.00939  0.02089 -0.05874
0.010000  0.01508 -0.00302 -0.00303 -0.00658 -0.01500
0.010000 -0.04692 -0.01531 -0.00966  0.06282  0.01156
0.010000 -0.02909 -0.00814 -0.01686 -0.01223 -0.03329
0.010000 -0.01489  0.00329 -0.01086  0.00217 -0.05196
0.010000  0.03151  0.01721  0.03255  0.08530  0.00048
0.010000 -0.03128 -0.01013 -0.00936  0.02816 -0.06177
0.010000 -0.02337 -0.02836 -0.00747  0.00476 -0.03391
0.010000 -0.03741 -0.02907 -0.00692  0.00661 -0.05869
0.010000  0.03819  0.01163  0.03564  0.00291  0.04999
0.010000  0.03020 -0.00318  0.01494  0.01678 -0.01166
0.010000  0.02045  0.01785  0.01084 -0.01046  0.08148
0.010000  0.01332 -0.00998 -0.00688  0.02288 -0.04507
0.010000  0.00909  0.00302 -0.00258 -0.00722 -0.01132
0.010000 -0.03835 -0.03428 -0.02266  0.06517  0.02716
0.010000 -0.04100  0.00028 -0.00477  0.04835  0.01952
0.010000 -0.04057 -0.01352 -0.02328 -0.01344 -0.05046
0.010000  0.03510  0.00799  0.03231  0.05523  0.00224
0.010000  0.01617 -0.06896 -0.01193  0.01180 -0.06857
0.010000  0.01902  0.00512  0.00201  0.07035 -0.02560
0.010000 -0.01613 -0.00612 -0.01020 -0.01310 -0.01085
0.010000  0.01191  0.00859  0.00094  0.01555  0.05646
0.010000 -0.02309 -0.01859 -0.01206 -0.01056  0.04215
0.010000 -0.04515 -0.02117 -0.02778 -0.01012 -0.04457
0.010000 -0.02454 -0.00235 -0.01292 -0.00875 -0.05502
0.010000 -0.00722  0.00275 -0.00967 -0.01212  0.07213
0.010000  0.02826  0.01923  0.02688 -0.00194  0.06595
0.010000  0.03347  0.01206  0.03185  0.00467  0.05903
0.010000 -0.03235 -0.01848 -0.01934 -0.01335 -0.05078
0.010000 -0.02966 -0.03073 -0.02348  0.05663  0.01682
0.010000  0.03277  0.01685  0.03254 -0.00018  0.04747
0.010000  0.00491  0.00573 -0.00680 -0.01610  0.07246
0.010000 -0.04260 -0.02961  0.02691  0.05711 -0.00645
0.010000  0.00124 -0.00813 -0.00981 -0.01470 -0.05026
0.010000  0.00216  0.00285 -0.00814  0.03493 -0.01821
0.010000  0.03769  0.01256  0.03661  0.07558  0.06162
0.010000  0.03700  0.01281  0.03879  0.05748 -0.00622
0.010000 -0.01237 -0.00048 -0.01184  0.06094  0.05020
0.010000  0.00769  0.00108 -0.00650  0.06019  0.00503
0.010000  0.02749  0.01250  0.01307  0.06744 -0.01820
0.010000  0.11847  0.04387  0.09049 -0.00490  0.08605
0.010000  0.02776  0.01219  0.02060  0.08386  0.02727
0.010000 -0.00458 -0.00485 -0.01005  0.03997  0.00533
0.010000 -0.02219 -0.00003 -0.01107 -0.01385 -0.03129
0.010000  0.01049  0.00632 -0.00454 -0.01570  0.06850
0.010000  0.02329 -0.00182  0.00235  0.00688  0.04485
0.010000 -0.03644 -0.03376  0.00623  0.04298 -0.00911
0.010000 -0.04691 -0.07662 -0.02048  0.01318 -0.00143
0.010000 -0.04678 -0.01817  0.00225  0.01887 -0.03790
0.010000  0.02610  0.00885  0.01737 -0.00318  0.08023
0.010000 -0.01359 -0.00814 -0.01069 -0.01311 -0.04506
0.010000 -0.04182 -0.00945 -0.01358 -0.00820 -0.04191
0.010000  0.02187  0.00834  0.00621  0.01028  0.04272
0.010000 -0.00191 -0.02815 -0.01126 -0.01121  0.01097
0.010000 -0.02100 -0.01790 -0.01051  0.01117 -0.05916
0.010000 -0.04333 -0.05548 -0.00325  0.03784 -0.03989
0.010000 -0.04465 -0.02527 -0.01986  0.00045 -0.04167
0.010000  0.03813  0.00932  0.03885  0.00864  0.04098
0.010000 -0.01110 -0.00347 -0.01075 -0.01489 -0.05068
0.010000 -0.00056 -0.01628 -0.01036 -0.01276 -0.04385
0.010000 -0.01858 -0.01064 -0.01052 -0.01110  0.03536
0.010000 -0.04677 -0.04847 -0.04492  0.05912 -0.00693
0.010000  0.00629 -0.02930 -0.01095  0.00356 -0.05440
0.010000 -0.03682 -0.02529 -0.02555 -0.00004  0.01700
0.010000 -0.04593 -0.01276 -0.02174 -0.01285  0.00988
0.010000 -0.04405 -0.03309 -0.01135  0.00223 -0.00593
0.010000  0.03632 -0.01448  0.00653 -0.00340  0.07730
