# Scenario generation method from a paper by Hoyland, Kaut & Wallace
# Code by Michal Kaut (michal.kaut@iot.ntnu.n) & Diego Mathieu

#   prob   var  1   var  2   var  3   var  4   var  5
0.010000 -0.01527 -0.01074 -0.00795 -0.03370 -0.01422
0.010000  0.01331  0.00287  0.00668  0.03132 -0.00973
0.010000  0.00010  0.00330  0.00876  0.02840 -0.02295
0.010000  0.00055  0.01459  0.00355 -0.01433  0.01131
0.010000 -0.00678  0.00516  0.00056  0.03208  0.00526
0.010000 -0.00721  0.04163  0.00303 -0.02476 -0.01318
0.010000 -0.01834 -0.00718  0.00757  0.01302 -0.00877
0.010000  0.01736  0.00109  0.00941 -0.01990  0.01561
0.010000 -0.03530 -0.01814 -0.00358 -0.01370 -0.00950
0.010000 -0.00079 -0.00106 -0.00862 -0.00249  0.00020
0.010000 -0.00593 -0.00877  0.00664 -0.03447 -0.02868
0.010000  0.07880  0.06924  0.00352 -0.01844  0.00816
0.010000  0.00385  0.00427  0.00850  0.03968 -0.02810
0.010000  0.00336 -0.00432  0.00025  0.03450  0.01262
0.010000  0.00755  0.03715  0.00018 -0.03796  0.01038
0.010000  0.01564  0.04889 -0.00072  0.00631 -0.01518
0.010000  0.00435  0.00034  0.00932 -0.00341 -0.00671
0.010000 -0.00252  0.00249  0.00900  0.01311 -0.02364
0.010000  0.02818  0.03779 -0.00892  0.02195 -0.01477
0.010000 -0.01122 -0.00633  0.00114 -0.06363  0.01251
0.010000  0.03681  0.01071  0.00969  0.03823  0.01556
0.010000 -0.00940 -0.00852 -0.00309 -0.01349  0.02223
0.010000  0.03193  0.01609  0.00918  0.04384 -0.00405
0.010000  0.00644 -0.00271  0.00756 -0.02008  0.00055
0.010000  0.05740  0.06901  0.00934  0.00813  0.01955
0.010000 -0.01418 -0.01135  0.00698  0.05172 -0.01381
0.010000  0.01057  0.01781  0.00078 -0.01530  0.00513
0.010000 -0.03162 -0.01665  0.00184 -0.04356  0.00062
0.010000  0.01483  0.01565  0.00018 -0.03536  0.02465
0.010000 -0.01904 -0.00911 -0.00672 -0.02100 -0.01319
0.010000 -0.00550  0.00270 -0.00638 -0.00163  0.00786
0.010000  0.00699  0.02770  0.00357  0.03786  0.00198
0.010000 -0.00851  0.00486 -0.00845 -0.03805 -0.02031
0.010000 -0.00338 -0.00073 -0.00535 -0.03461  0.01253
0.010000 -0.00808  0.02305 -0.00752 -0.00927  0.02134
0.010000 -0.00635 -0.00890 -0.00057 -0.00396  0.01517
0.010000  0.00100  0.00039  0.00071 -0.01852 -0.00182
0.010000 -0.01767  0.00162  0.00768 -0.00808 -0.03235
0.010000 -0.00380  0.01730 -0.00641  0.02592 -0.01063
0.010000  0.00931  0.03032 -0.00660 -0.04139 -0.00345
0.010000 -0.01643 -0.00547 -0.00915 -0.03385  0.02049
0.010000  0.00240 -0.00433 -0.00550 -0.00889 -0.00221
0.010000  0.01926  0.02659 -0.00684 -0.04733  0.04206
0.010000 -0.01030 -0.00623  0.00773  0.02581 -0.01350
0.010000  0.03997  0.01509  0.00532  0.01374 -0.00916
0.010000 -0.02057  0.03808 -0.01091 -0.01923  0.00393
0.010000 -0.01366 -0.00498  0.00863 -0.01372  0.00036
0.010000 -0.00122 -0.00554  0.00964  0.03212 -0.02171
0.010000  0.02029  0.01482  0.00065  0.01944  0.03399
0.010000  0.02138  0.00274 -0.00637 -0.04782 -0.00793
0.010000 -0.00166  0.00661  0.00179 -0.01186 -0.03859
0.010000 -0.02917  0.00264 -0.00720 -0.06552  0.01476
0.010000  0.01122  0.00042  0.00538 -0.02481  0.02329
0.010000  0.00486 -0.00398 -0.00014 -0.00851 -0.00773
0.010000  0.00538  0.02937 -0.00506 -0.00510 -0.01522
0.010000  0.03419  0.02403 -0.00693  0.03763 -0.00345
0.010000 -0.01169 -0.01081 -0.00048 -0.02098 -0.02291
0.010000 -0.02450 -0.01494 -0.00235 -0.09211 -0.02753
0.010000  0.00871  0.01545 -0.00655 -0.01042 -0.00498
0.010000 -0.02579  0.02188  0.00551 -0.00739 -0.00040
0.010000 -0.00984  0.00038 -0.00473 -0.02606 -0.00529
0.010000 -0.00295 -0.00170 -0.00698  0.01136 -0.00678
0.010000 -0.02336 -0.00427  0.00521 -0.00440 -0.00272
0.010000 -0.01075 -0.00787  0.00819  0.02254 -0.02016
0.010000  0.00993 -0.00101 -0.00454 -0.01604 -0.01301
0.010000 -0.00764 -0.00542  0.00852  0.04877 -0.00871
0.010000  0.00146  0.02270 -0.01005 -0.01928  0.01257
0.010000 -0.02143 -0.01419 -0.00315  0.00370 -0.00225
0.010000 -0.02731 -0.00051  0.00372 -0.04361 -0.01888
0.010000  0.02254  0.05603  0.00338 -0.00281 -0.01483
0.010000 -0.01217  0.04951 -0.00141 -0.01569  0.00260
0.010000 -0.00423 -0.00503  0.00409 -0.00261 -0.02889
0.010000 -0.01584 -0.01169  0.00341 -0.00583 -0.00803
0.010000  0.02995  0.01628  0.00979  0.05806 -0.03246
0.010000  0.00193  0.07126  0.00380  0.01539  0.00820
0.010000  0.02379  0.04334  0.00384 -0.00980 -0.00990
0.010000 -0.00508  0.00710 -0.00653 -0.02341  0.00567
0.010000 -0.00209 -0.00337 -0.00732 -0.00381 -0.02472
0.010000 -0.00465 -0.00305  0.00593  0.04341  0.00736
0.010000  0.02513  0.00738  0.00328  0.02097 -0.01055
0.010000  0.01829  0.01101 -0.00706 -0.03461 -0.01104
0.010000  0.00813  0.01948  0.00856  0.02154 -0.02393
0.010000  0.01648  0.00260 -0.00168 -0.06692 -0.02571
0.010000  0.00591  0.00837 -0.00876  0.00969  0.00524
0.010000 -0.02235  0.00516 -0.00078  0.05256 -0.02036
0.010000  0.00288  0.01509 -0.00890 -0.05931 -0.02995
0.010000  0.04391  0.03078  0.00033 -0.04072 -0.02976
0.010000  0.01190  0.00097 -0.00597 -0.01731 -0.01471
0.010000 -0.01704 -0.01269  0.00416  0.00756 -0.02979
0.010000 -0.01316  0.01141  0.00072 -0.00335  0.00989
0.010000 -0.01266 -0.00284 -0.00159 -0.00641  0.00598
0.010000 -0.01472 -0.01182  0.00737  0.06088  0.00967
0.010000 -0.04467 -0.01850 -0.00230  0.00856 -0.03472
0.010000 -0.00034 -0.00316 -0.00375  0.01689 -0.01517
0.010000  0.01259  0.01032  0.00719  0.03049 -0.01505
0.010000  0.02659  0.00595 -0.00646 -0.06001 -0.00125
0.010000 -0.00895 -0.00739 -0.00241 -0.01735 -0.01205
0.010000  0.04922  0.06037 -0.00850 -0.05496  0.00770
0.010000 -0.01978  0.00979 -0.00982 -0.03650 -0.02699
0.010000  0.01406  0.01902 -0.00876 -0.05468  0.00064
