# Scenario generation method from a paper by Hoyland, Kaut & Wallace
# Code by Michal Kaut (michal.kaut@iot.ntnu.n) & Diego Mathieu

#   prob   var  1   var  2   var  3   var  4   var  5
0.010000 -0.01423  0.00169  0.00075 -0.01282 -0.00835
0.010000 -0.02389 -0.00643 -0.02366  0.00785 -0.01598
0.010000 -0.05193 -0.03649 -0.02368 -0.02815 -0.02498
0.010000 -0.00454  0.00938 -0.00188 -0.00506 -0.01489
0.010000 -0.00157 -0.01931 -0.00380 -0.01234 -0.01063
0.010000 -0.04246 -0.02710 -0.03145 -0.02857 -0.00106
0.010000 -0.00504 -0.00505  0.01968  0.01786 -0.00084
0.010000 -0.01025 -0.02609  0.01031  0.09769  0.01156
0.010000  0.00685 -0.00463  0.01011  0.00629  0.00712
0.010000  0.01393  0.01654  0.00590  0.00623 -0.02861
0.010000  0.01840 -0.00207  0.00543  0.03867  0.00773
0.010000 -0.00404  0.00575 -0.00302 -0.00701 -0.01037
0.010000  0.00235 -0.01989  0.00086  0.00220 -0.00394
0.010000  0.02212  0.01700  0.01014  0.00770 -0.01745
0.010000 -0.01483 -0.00680 -0.00200 -0.01164  0.00393
0.010000  0.01334  0.01380 -0.00167  0.00963 -0.01861
0.010000  0.01108  0.00688  0.00760  0.00654 -0.00516
0.010000 -0.01080 -0.00287 -0.00470 -0.01146 -0.02117
0.010000  0.00384 -0.00324 -0.00164 -0.00303 -0.01169
0.010000 -0.02473 -0.02580 -0.01031 -0.02375 -0.02726
0.010000 -0.00971 -0.00665 -0.00562 -0.00742  0.00791
0.010000 -0.00864  0.00719  0.00839 -0.00747 -0.02515
0.010000  0.01219  0.00811  0.00379  0.01973 -0.00975
0.010000 -0.01800 -0.01010 -0.00294  0.00961 -0.00160
0.010000 -0.00305  0.00468 -0.00526 -0.01616  0.01299
0.010000  0.01910 -0.00609 -0.01658 -0.01027 -0.02190
0.010000  0.00433  0.01646  0.00235 -0.00481 -0.02405
0.010000 -0.03187 -0.01515 -0.00138 -0.01162  0.00043
0.010000 -0.03791 -0.03607 -0.01781 -0.02655 -0.02316
0.010000  0.00533  0.00970  0.01049  0.00074 -0.03707
0.010000 -0.02848 -0.01163 -0.01962 -0.02364 -0.01426
0.010000 -0.02652 -0.00408 -0.00035 -0.00760  0.00036
0.010000 -0.03615 -0.02650 -0.01567 -0.02498  0.00527
0.010000  0.00483  0.00241 -0.03116 -0.02361 -0.03503
0.010000 -0.02748 -0.02250 -0.00585 -0.01885 -0.03760
0.010000 -0.01191  0.00581  0.00433 -0.01136 -0.01831
0.010000  0.02134  0.01851  0.01117  0.00999  0.00857
0.010000 -0.01936  0.00239  0.00195 -0.00517 -0.00289
0.010000 -0.02561 -0.02183 -0.04245 -0.02917 -0.00255
0.010000 -0.02006 -0.01661 -0.00958 -0.02224 -0.00783
0.010000  0.01452  0.00977  0.00919  0.04383  0.00113
0.010000  0.00186 -0.00397  0.00890  0.00994 -0.01199
0.010000 -0.00811 -0.00061  0.01242  0.01142 -0.01824
0.010000 -0.00354  0.00843 -0.01168 -0.02019  0.00118
0.010000  0.01983  0.00684  0.00844  0.01754 -0.01828
0.010000 -0.01364 -0.02258  0.00173 -0.00865 -0.00419
0.010000  0.00946  0.00718 -0.00279 -0.01163  0.00119
0.010000 -0.01606 -0.00988 -0.00829 -0.01887 -0.03462
0.010000 -0.02308 -0.00068  0.00424 -0.01786  0.00981
0.010000 -0.00605 -0.00270 -0.00820 -0.01993 -0.04775
0.010000  0.00334 -0.02094  0.00190  0.03246  0.00815
0.010000  0.00999 -0.00026  0.00925  0.00967 -0.03247
0.010000 -0.01544 -0.00756 -0.00307 -0.01308 -0.00627
0.010000  0.00788 -0.00259  0.01120  0.01624 -0.02227
0.010000 -0.00554  0.00446  0.00376 -0.01234 -0.00760
0.010000 -0.03996 -0.02656  0.00173 -0.01659 -0.00854
0.010000 -0.00759 -0.00113  0.00523 -0.00883 -0.00122
0.010000  0.01276  0.01089 -0.00187  0.00605 -0.02276
0.010000  0.01053 -0.00282 -0.00304 -0.01784 -0.03665
0.010000 -0.01670 -0.00633 -0.02502 -0.02392 -0.01893
0.010000 -0.02229 -0.00830 -0.00319 -0.01938 -0.01668
0.010000  0.01163  0.01659 -0.04098 -0.02428 -0.00643
0.010000 -0.02078 -0.01746 -0.00755 -0.02107  0.01494
0.010000 -0.04578 -0.03348 -0.02721 -0.02667 -0.01805
0.010000 -0.01306  0.00636 -0.00337 -0.01991 -0.03489
0.010000  0.00840 -0.00757 -0.01033 -0.01338 -0.00930
0.010000  0.01704  0.01619  0.01605  0.02305 -0.01530
0.010000 -0.00108 -0.01529  0.00301  0.02312 -0.03290
0.010000  0.00584 -0.01077 -0.00182  0.00360 -0.02881
0.010000 -0.00059 -0.01697 -0.00409 -0.00919 -0.01308
0.010000 -0.03458 -0.01931 -0.01835 -0.02541 -0.00965
0.010000  0.02058  0.01735  0.02140  0.02403 -0.00972
0.010000 -0.01248  0.00361  0.00189 -0.01367 -0.00919
0.010000 -0.00917 -0.01576 -0.01161 -0.01728 -0.00646
0.010000 -0.02954 -0.02597 -0.00522 -0.02182  0.01712
0.010000  0.00285 -0.01006  0.00911 -0.00007 -0.01817
0.010000  0.00737  0.01727 -0.00771 -0.01475  0.01387
0.010000  0.02220  0.01067  0.02554  0.02213 -0.03864
0.010000  0.02286  0.01051  0.00677  0.01064 -0.02402
0.010000 -0.02152 -0.01459 -0.00886 -0.00381  0.01353
0.010000 -0.01867 -0.02065 -0.00198 -0.01648 -0.00298
0.010000 -0.03316 -0.02709 -0.03032 -0.02691 -0.03496
0.010000  0.01639  0.01963 -0.00139  0.01136 -0.02105
0.010000 -0.00656 -0.01514 -0.00903 -0.01739  0.00177
0.010000  0.00893  0.01010 -0.00246  0.00427  0.00585
0.010000  0.01513  0.01898 -0.00157 -0.00511 -0.00612
0.010000 -0.00255 -0.01125 -0.00600  0.01756  0.02971
0.010000  0.00039  0.00937  0.01590  0.01098 -0.01636
0.010000 -0.03066 -0.03540 -0.01659 -0.01589 -0.01104
0.010000  0.01771  0.01881  0.00418  0.00898  0.01870
0.010000  0.00137  0.01103  0.01581 -0.00663  0.00059
0.010000 -0.00707 -0.01179 -0.03478 -0.01891  0.00138
0.010000  0.01576  0.01705  0.00972  0.01984 -0.02089
0.010000 -0.00206 -0.00549  0.00509  0.05591  0.02632
0.010000 -0.01135 -0.02002 -0.00157  0.03102  0.00809
0.010000  0.00634  0.01553  0.04486  0.02985 -0.00980
0.010000 -0.01734 -0.01022 -0.01489  0.00103  0.01844
0.010000  0.00088  0.00170  0.00413 -0.00251  0.00883
0.010000  0.02342  0.00578  0.00754  0.01630 -0.02870
0.010000 -0.00010 -0.00580  0.01054 -0.00549 -0.01065
